  47 101   2  20     0.03094     0.17114                                   Ag101
  47 103   6  15     0.07245     0.32081                                   Ag103
  47 104   6  36     0.07527     0.20286                                   Ag104
  47 105   6  15     0.05344     0.21826                                   Ag105
  47 106   6  22     0.00108     0.00292                                   Ag106
  47 107   2  20     0.38340     0.23345                                   Ag107
  47 108   7  29    -0.16737    -0.26656                                   Ag108
  47 109   7  22     0.11653    -0.12789                                   Ag109
  47 110   7  29    -0.09932    -0.09845                                   Ag110
  47 111   2  20     0.18193     0.10775                                   Ag111
  47 115   6  22    -0.69906    -1.00137                                   Ag115
