  47 101   2  20     0.12303     0.20172                                   Ag101
  47 103   6  36     0.22130     0.58134                                   Ag103
  47 104   7  33     0.16607     0.22373                                   Ag104
  47 105   6  36     0.18256     0.37140                                   Ag105
  47 106   6  22    -0.12633    -0.03078                                   Ag106
  47 107   2  20     0.30701     0.20029                                   Ag107
  47 108   4  22    -0.24618    -0.14572                                   Ag108
  47 109   7  22     0.04494    -0.15892                                   Ag109
  47 110   5  38    -0.23910    -0.13912                                   Ag110
  47 111   2  20     0.11529     0.09633                                   Ag111
  47 115   6  20    -0.83676    -1.21878                                   Ag115
