  33  69   6  36     0.17957     1.08285                                   As069
  33  70   2  26     0.00398     0.06176                                   As070
  33  71   2  20     0.03483     0.17521                                   As071
  33  72   4  37    -0.03416    -0.15318                                   As072
  33  73   2  20     0.01227     0.08242                                   As073
  33  74   7  22    -0.16870    -0.77888                                   As074
  33  75   6  15     0.07098     0.37938                                   As075
  33  76   4  22    -0.04966     0.02156                                   As076
  33  77   6  15     0.04570     0.22077                                   As077
  33  78   6  22    -0.05433    -0.18929                                   As078
  33  79   2  20     0.08178     0.46782                                   As079
  33  80   7  22     0.22622     0.79232                                   As080
  33  83   6  23     0.72850     2.17564                                   As083
