  79 177   6  22    -0.53209     0.30732                                   Au177
  79 185   7  33     0.04640     0.14200                                   Au185
  79 186   6  22    -0.02308    -0.04941                                   Au186
  79 187   4  22    -0.06419    -0.16192                                   Au187
  79 188   6  20     0.28272     0.60133                                   Au188
  79 189   4  22     0.05744     0.13349                                   Au189
  79 191   6  23     0.22473     0.46196                                   Au191
  79 193   6  22     0.24058     0.26646                                   Au193
  79 194   2  20     0.05018     0.14301                                   Au194
  79 195   6  22     0.06041     0.14618                                   Au195
  79 196   7  29    -0.27575    -0.35093                                   Au196
  79 197   6  15     0.17928     0.20050                                   Au197
  79 198   7  29    -0.05460    -0.24468                                   Au198
  79 199   6  15     0.11828     0.32318                                   Au199
  79 201   6  15     0.32726     0.86162                                   Au201
  79 203   6  17     0.44835     0.33336                                   Au203
