  56 122   6  22     0.59814     1.36509                                   Ba122
  56 123   6  22     0.00946     0.34155                                   Ba123
  56 124   6  22     0.55674     1.11677                                   Ba124
  56 126   6  15     0.43836     0.88900                                   Ba126
  56 128   6  23     0.28482     0.82086                                   Ba128
  56 129   4  22     0.57128     0.24134                                   Ba129
  56 130   6  23     0.09759     0.60594                                   Ba130
  56 131   6  22     0.01126     0.35842                                   Ba131
  56 132   6  23    -0.17892    -0.14265                                   Ba132
  56 133   6  22    -1.12079    -0.59761                                   Ba133
  56 134   6  22    -0.81684    -0.82680                                   Ba134
  56 135   6  22    -0.44315     0.07055                                   Ba135
  56 136   6  23     0.13839    -0.10264                                   Ba136
  56 137   7  29    -0.50101    -0.15858                                   Ba137
  56 138   6  23    -0.07596     0.06576                                   Ba138
  56 139   7  29    -0.33370    -0.71994                                   Ba139
  56 140   6  22     0.24268     0.31463                                   Ba140
  56 141   6  36    -0.15239    -0.02364                                   Ba141
  56 142   2  20     0.06572     0.18109                                   Ba142
  56 143   6  22    -0.15661    -0.02616                                   Ba143
  56 144   6  22     0.83950     1.13161                                   Ba144
  56 145   6  22    -0.23686    -0.21479                                   Ba145
  56 146   6  15     0.19087     0.17211                                   Ba146
