  83 191   6  23    -0.51634    -1.04522                                   Bi191
  83 193   4  22    -0.39964    -1.09759                                   Bi193
  83 194   6  22     0.38438     0.60794                                   Bi194
  83 199   6  22    -0.69988    -0.38863                                   Bi199
  83 201   6  22    -0.11877     0.00921                                   Bi201
  83 203   6  15     0.06842    -0.06441                                   Bi203
  83 204   6  15     0.31365     0.55288                                   Bi204
  83 205   6  22     0.20844     0.30454                                   Bi205
  83 207   6  23     0.24880     0.39147                                   Bi207
  83 208   7  36     0.35607     0.61091                                   Bi208
  83 209   7  36     0.10703     0.00427                                   Bi209
  83 210   7  29     0.47222     0.63390                                   Bi210
  83 211   6  15    -0.10170    -0.08758                                   Bi211
  83 213   6  20    -0.01124     0.15528                                   Bi213
