  35  71   2  20    -0.19221    -0.64158                                   Br071
  35  72   2  26     0.03551    -0.11274                                   Br072
  35  74   4  22    -0.09375    -0.03331                                   Br074
  35  75   5  17    -0.04102     0.31491                                   Br075
  35  76   7  22     0.01118     0.02072                                   Br076
  35  77   6  36     0.17015     0.40599                                   Br077
  35  78   6  36    -0.01194    -0.01471                                   Br078
  35  79   4  34     0.11257     0.11190                                   Br079
  35  80   6  22    -0.09722    -0.38870                                   Br080
  35  81   6  15    -0.01703     0.12030                                   Br081
  35  82   6  22     0.05464     0.08256                                   Br082
  35  83   6  23     0.22582     0.59505                                   Br083
  35  85   6  23     0.51817     1.58605                                   Br085
  35  86   6  15     0.45580     0.87042                                   Br086
