  35  71   2  20    -0.10339    -0.58694                                   Br071
  35  72   2  26    -0.02589    -0.13158                                   Br072
  35  74   2  26    -0.01192    -0.03618                                   Br074
  35  75   6  36     0.08581     0.48877                                   Br075
  35  76   7  22     0.00353     0.01895                                   Br076
  35  77   6  36     0.20614     0.41087                                   Br077
  35  78   6  20    -0.03085    -0.10453                                   Br078
  35  79   4  34     0.16517     0.13221                                   Br079
  35  80   4  22    -0.09171    -0.38187                                   Br080
  35  81   6  36     0.05652     0.27635                                   Br081
  35  82   6  22     0.03835     0.07785                                   Br082
  35  83   6  23     0.12116     0.56464                                   Br083
  35  85   6  23     0.43720     1.53458                                   Br085
  35  86   6  15     0.40370     1.02403                                   Br086
