  20  40   7  36     0.13232     0.76855                                   Ca040
  20  41   6  23    -0.13784    -0.39026                                   Ca041
  20  42   7  36     0.16506     0.47680                                   Ca042
  20  43   4  37    -0.08203     0.09161                                   Ca043
  20  44   2  25     0.04753     0.33656                                   Ca044
  20  45   7  36     0.17551     0.72962                                   Ca045
  20  46   7  36     0.43594     1.80962                                   Ca046
  20  47   6  15    -0.08542    -0.15844                                   Ca047
  20  48   6  23     0.47654     1.60674                                   Ca048
  20  49   2  25    -0.11527    -0.32224                                   Ca049
  20  50   6  15    -0.08276    -0.69991                                   Ca050
