  20  40   7  36     0.07519     0.61000                                   Ca040
  20  41   6  23    -0.05227    -0.20887                                   Ca041
  20  42   7  36     0.02519     0.15930                                   Ca042
  20  43   2  25    -0.01116     0.11774                                   Ca043
  20  44   5  17    -0.09331     0.01147                                   Ca044
  20  45   7  36     0.26746     0.82648                                   Ca045
  20  46   7  36     0.29699     1.62636                                   Ca046
  20  47   6  23    -0.01497    -0.06184                                   Ca047
  20  48   6  23     0.26361     1.17154                                   Ca048
  20  49   6  23     0.08744     0.34121                                   Ca049
  20  50   6  15    -0.32645    -1.48364                                   Ca050
