  48 101   6  22     0.52905     2.35515                                   Cd101
  48 102   2  20     0.20753     0.74177                                   Cd102
  48 103   5  17     0.01642     0.54543                                   Cd103
  48 104   6  22     0.10080     0.28404                                   Cd104
  48 105   5  17    -0.00700     0.45524                                   Cd105
  48 106   6  23     0.00166    -0.16585                                   Cd106
  48 107   6  22    -0.19788    -0.00650                                   Cd107
  48 108   4  37     0.06336     0.09002                                   Cd108
  48 109   6  22    -0.11120     0.07700                                   Cd109
  48 110   6  23     0.00270    -0.10697                                   Cd110
  48 111   6  22    -0.23270    -0.29800                                   Cd111
  48 112   5  38    -0.15808     0.21807                                   Cd112
  48 113   4  22    -0.23207    -0.21143                                   Cd113
  48 114   5  38    -0.09046     0.13211                                   Cd114
  48 115   6  22    -0.00030     0.26851                                   Cd115
  48 116   6  36    -0.13302     0.01184                                   Cd116
  48 117   6  22    -0.33438     0.22905                                   Cd117
  48 118   6  23    -0.04417     0.29715                                   Cd118
  48 119   7  21     0.18085     0.67578                                   Cd119
  48 120   6  22     0.13551     0.75033                                   Cd120
  48 121   6  22    -0.02524     0.37077                                   Cd121
  48 122   6  21     0.04733     0.25893                                   Cd122
