  58 125   6  22    -0.07885     0.12636                                   Ce125
  58 127   4  22     0.33095    -0.12900                                   Ce127
  58 128   6  22     0.47202     1.12062                                   Ce128
  58 129   6  22     0.03949     0.37013                                   Ce129
  58 130   7  21     0.68838     1.38050                                   Ce130
  58 131   2  26     0.28621    -0.24427                                   Ce131
  58 132   6  15     0.34412     0.49114                                   Ce132
  58 133   2  20     0.46217     0.14606                                   Ce133
  58 134   6  23     0.03244     0.47191                                   Ce134
  58 136   6  23    -0.06010     0.22365                                   Ce136
  58 137   6  23    -0.09389     0.34334                                   Ce137
  58 138   6  22     0.01271     0.11922                                   Ce138
  58 139   6  15    -0.25732    -0.37468                                   Ce139
  58 140   4  37     0.03627     0.13729                                   Ce140
  58 141   6  22    -0.18116    -0.19443                                   Ce141
  58 142   2  20    -0.05452    -0.00442                                   Ce142
  58 143   6  22     0.05058     0.27569                                   Ce143
  58 144   2  20    -0.01147    -0.02905                                   Ce144
  58 145   6  22    -0.04255     0.11662                                   Ce145
  58 146   6  22     0.23335     0.28161                                   Ce146
  58 147   6  15    -0.23315    -0.25572                                   Ce147
  58 148   6  22     0.24973     0.34855                                   Ce148
  58 149   6  22    -0.55367    -0.79933                                   Ce149
  58 150   6  22     0.63684     1.20385                                   Ce150
