  58 125   6  22     0.05758     0.16402                                   Ce125
  58 127   4  22     0.45223    -0.10185                                   Ce127
  58 128   6  22     0.59145     1.14954                                   Ce128
  58 129   6  22     0.16008     0.38940                                   Ce129
  58 130   6  23     0.61619     1.31443                                   Ce130
  58 131   2  26     0.42587    -0.20599                                   Ce131
  58 132   6  23     0.27520     0.47821                                   Ce132
  58 133   2  20     0.58650     0.16058                                   Ce133
  58 134   6  23     0.22470     0.55824                                   Ce134
  58 136   6  22     0.10327     0.31750                                   Ce136
  58 137   6  22     0.07481     0.37921                                   Ce137
  58 138   6  22     0.03994     0.13988                                   Ce138
  58 139   6  21    -0.09765    -0.27821                                   Ce139
  58 140   4  37     0.03922     0.14049                                   Ce140
  58 141   7  29    -0.05561    -0.18125                                   Ce141
  58 142   5  38    -0.19397    -0.11757                                   Ce142
  58 143   6  22     0.24586     0.35635                                   Ce143
  58 144   2  20    -0.01643    -0.03162                                   Ce144
  58 145   6  22     0.09423     0.15968                                   Ce145
  58 146   6  22     0.11447     0.22785                                   Ce146
  58 147   4  22    -0.06493    -0.11347                                   Ce147
  58 148   6  22     0.14093     0.31393                                   Ce148
  58 149   6  15    -0.47879    -0.87271                                   Ce149
  58 150   6  22     0.58043     1.18966                                   Ce150
