  27  55   6  23    -0.09865    -0.73158                                   Co055
  27  56   7  36    -0.06263    -0.35548                                   Co056
  27  57   2  50    -0.03944    -0.24763                                   Co057
  27  58   7  36    -0.04915    -0.25736                                   Co058
  27  59   6  23     0.05494     0.29557                                   Co059
  27  60   4  37     0.01406     0.21907                                   Co060
  27  61   7  36     0.14136     0.65372                                   Co061
  27  62   6  21     0.14709     0.56988                                   Co062
  27  63   6  23     0.17795     0.70559                                   Co063
  27  65   7  19     0.50561     1.64130                                   Co065
