  27  55   7  36    -0.14801    -0.67632                                   Co055
  27  56   4  37     0.07024    -0.12115                                   Co056
  27  57   2  50     0.07526    -0.01732                                   Co057
  27  58   7  36     0.08637    -0.07390                                   Co058
  27  59   6  23     0.14086     0.40372                                   Co059
  27  60   7  36     0.18662     0.45867                                   Co060
  27  61   6  23     0.18303     0.52321                                   Co061
  27  62   6  15     0.22680     0.39332                                   Co062
  27  63   6  23     0.25353     0.74499                                   Co063
  27  65   7  19     0.49873     1.63879                                   Co065
