  55 121   6  22     0.45808     1.28501                                   Cs121
  55 122   6  20     0.25681     0.03976                                   Cs122
  55 124   4  34    -0.20680    -0.31221                                   Cs124
  55 126   6  22    -0.27011    -0.40480                                   Cs126
  55 127   6  22     0.11778     0.35561                                   Cs127
  55 129   2  20     0.02715     0.14661                                   Cs129
  55 130   6  22    -0.67722    -0.99804                                   Cs130
  55 131   2  20     0.00620     0.07532                                   Cs131
  55 132   7  22    -0.32914    -0.93338                                   Cs132
  55 133   2  20     0.03584     0.18932                                   Cs133
  55 134   6  22     0.01821     0.06374                                   Cs134
  55 136   6  22     1.14085     2.08999                                   Cs136
  55 137   2  20     0.06760     0.23833                                   Cs137
  55 138   6  22     0.20148     0.48135                                   Cs138
  55 139   6  22     0.09192     0.27294                                   Cs139
  55 140   6  15     0.08976     0.20095                                   Cs140
  55 141   6  22     0.19982     0.43869                                   Cs141
  55 142   6  22     0.33992     0.46827                                   Cs142
