  29  58   6  23     0.00052    -0.26689                                   Cu058
  29  59   4  37    -0.02089    -0.19414                                   Cu059
  29  60   6  36     0.12443     0.52408                                   Cu060
  29  61   3  29     0.06010    -0.03831                                   Cu061
  29  62   6  36     0.10948     0.26049                                   Cu062
  29  63   6  23     0.01650     0.08683                                   Cu063
  29  64   7  36    -0.16745     0.13956                                   Cu064
  29  65   7  36     0.02953     0.12309                                   Cu065
  29  66   6  21     0.16960     0.37101                                   Cu066
  29  67   6  22     0.33281     1.32470                                   Cu067
  29  68   6  15     0.49231     0.84354                                   Cu068
  29  69   6  22     0.37014     1.34680                                   Cu069
  29  71   6  15     0.22224     0.43899                                   Cu071
  29  72   6  15     0.41850     0.92966                                   Cu072
