  66 143   6  22     0.06862     0.47530                                   Dy143
  66 146   6  22     0.10231     0.85051                                   Dy146
  66 147   6  20     0.52146     1.78119                                   Dy147
  66 148   2  20    -0.08041     0.13734                                   Dy148
  66 149   6  23    -0.07352     0.16503                                   Dy149
  66 150   4  37    -0.01137    -0.19306                                   Dy150
  66 151   6  22    -0.81071    -1.00943                                   Dy151
  66 152   6  15     0.62247     1.13275                                   Dy152
  66 153   6  22     0.03227     0.33226                                   Dy153
  66 154   6  23     0.23694     0.36632                                   Dy154
  66 155   2  26    -0.11875    -0.02175                                   Dy155
  66 156   6  15     0.07202     0.19749                                   Dy156
  66 157   7  33     0.15323     0.04208                                   Dy157
  66 158   6  22     0.05557     0.14920                                   Dy158
  66 159   6  22    -0.42218    -0.03587                                   Dy159
  66 160   4  34    -0.00098    -0.02471                                   Dy160
  66 161   6  22    -0.06237     0.12964                                   Dy161
  66 162   6  22     0.11992     0.15939                                   Dy162
  66 163   6  22    -0.17760    -0.13540                                   Dy163
  66 164   6  22     0.19397     0.33935                                   Dy164
  66 165   6  22    -0.05930     0.12982                                   Dy165
  66 166   2  20     0.14127     0.10420                                   Dy166
