  63 140   6  21     0.21736     0.41661                                   Eu140
  63 144   2  20    -0.01236    -0.04346                                   Eu144
  63 145   6  15    -0.15203    -0.50996                                   Eu145
  63 146   2  20     0.01781     0.10455                                   Eu146
  63 147   6  22     0.14171     0.18501                                   Eu147
  63 148   6  15     0.52541     0.95613                                   Eu148
  63 149   7  29    -0.08023    -0.12211                                   Eu149
  63 150   6  22     0.11560     0.09612                                   Eu150
  63 151   6  22     0.01774     0.04470                                   Eu151
  63 152   6  22    -0.10916    -0.20988                                   Eu152
  63 153   6  22     0.05653     0.14264                                   Eu153
  63 154   7  29    -0.07382    -0.13655                                   Eu154
  63 155   5  38     0.13133     0.32532                                   Eu155
  63 156   7  21     0.00838     0.01523                                   Eu156
  63 157   7  33     0.30992     0.72604                                   Eu157
