  63 141   2  20     0.09903     0.18942                                   Eu141
  63 144   2  20     0.02878    -0.01978                                   Eu144
  63 145   6  15    -0.24138    -0.60402                                   Eu145
  63 146   2  20     0.06581     0.11051                                   Eu146
  63 147   2  20     0.12015     0.07031                                   Eu147
  63 149   6  22     0.06579    -0.05663                                   Eu149
  63 150   6  22     0.19384     0.10331                                   Eu150
  63 151   6  22     0.13546     0.06606                                   Eu151
  63 152   6  22    -0.02740    -0.19125                                   Eu152
  63 153   6  22     0.12417     0.14887                                   Eu153
  63 154   7  29     0.00093    -0.12304                                   Eu154
  63 155   7  33     0.23265     0.37972                                   Eu155
  63 156   7  21     0.08694     0.02184                                   Eu156
  63 157   7  33     0.18924     0.71127                                   Eu157
