  31  64   2  20     0.05595     0.09222                                   Ga064
  31  65   5  17    -0.03674     0.11337                                   Ga065
  31  66   6  36     0.07352     0.19997                                   Ga066
  31  67   6  23     0.00082     0.36464                                   Ga067
  31  68   6  36     0.11151     0.29846                                   Ga068
  31  69   6  23     0.09632     0.53680                                   Ga069
  31  70   4  37     0.05534    -0.13539                                   Ga070
  31  71   6  23     0.16962     0.80105                                   Ga071
  31  72   6  22     0.08656     0.11884                                   Ga072
  31  73   6  23     0.29751     0.93994                                   Ga073
  31  76   6  15     0.44068     1.15304                                   Ga076
  31  77   6  15     0.37186     1.23290                                   Ga077
  31  78   6  15     0.52964     1.35192                                   Ga078
  31  79   7  19     0.66212     1.81314                                   Ga079
  31  80   2  20     0.13716    -0.07223                                   Ga080
