  64 141   2  20    -0.18626    -0.45358                                   Gd141
  64 142   6  22     0.53993     1.59290                                   Gd142
  64 143   6  36     0.87408     0.82934                                   Gd143
  64 144   6  22     0.21480     0.75804                                   Gd144
  64 145   6  22     0.25074     0.69559                                   Gd145
  64 146   6  36    -0.23084    -0.79884                                   Gd146
  64 147   6  15    -0.48628    -0.71146                                   Gd147
  64 148   6  23     0.33425     0.41114                                   Gd148
  64 149   7  21     0.15843     0.28911                                   Gd149
  64 150   6  22     0.04457     0.08809                                   Gd150
  64 151   2  20    -0.03637    -0.07997                                   Gd151
  64 152   2  20     0.00863     0.02550                                   Gd152
  64 153   6  22     0.00680     0.01313                                   Gd153
  64 154   6  22    -0.35293    -0.01975                                   Gd154
  64 155   5  35     0.00000     0.00000                                   Gd155
  64 156   6  22    -0.04567    -0.12393                                   Gd156
  64 157   5  38     0.02503     0.05465                                   Gd157
  64 158   6  22    -0.01939    -0.05425                                   Gd158
  64 159   6  22     0.09683     0.21308                                   Gd159
  64 160   7  33     0.06843     0.16859                                   Gd160
  64 161   4  22     0.10650     0.13596                                   Gd161
  64 162   6  15     0.62247     1.13275                                   Gd162
