  64 139   6  15     0.38734     1.16189                                   Gd139
  64 141   2  20    -0.35766    -0.52716                                   Gd141
  64 142   6  22     0.39198     1.54011                                   Gd142
  64 143   6  23     0.44828     0.30199                                   Gd143
  64 144   6  22     0.06287     0.67632                                   Gd144
  64 145   6  22     0.06800     0.58057                                   Gd145
  64 146   6  36    -0.40544    -1.04346                                   Gd146
  64 147   6  22    -0.66349    -0.83144                                   Gd147
  64 148   6  15     0.50342     0.54961                                   Gd148
  64 149   6  23    -0.04712     0.18314                                   Gd149
  64 150   6  23     0.13758     0.13151                                   Gd150
  64 151   6  22    -0.21600    -0.22270                                   Gd151
  64 152   2  20     0.11674     0.06989                                   Gd152
  64 153   5  38    -0.11571    -0.01566                                   Gd153
  64 154   6  22    -0.35251    -0.01951                                   Gd154
  64 155   6  22    -0.10171     0.01907                                   Gd155
  64 156   6  22    -0.03959    -0.12142                                   Gd156
  64 157   5  38    -0.10126     0.03004                                   Gd157
  64 158   6  22    -0.01134    -0.05105                                   Gd158
  64 159   6  22    -0.02937     0.20132                                   Gd159
  64 160   7  33     0.07744     0.17151                                   Gd160
  64 161   6  22    -0.00976     0.13492                                   Gd161
  64 162   6  15     0.47798     0.83316                                   Gd162
