  32  66   6  23     0.34432     1.80855                                   Ge066
  32  67   6  22     0.02636     0.44672                                   Ge067
  32  68   6  23     0.04163     0.55916                                   Ge068
  32  69   6  15    -0.00197     0.25378                                   Ge069
  32  70   6  36     0.21476     0.75195                                   Ge070
  32  71   5  38    -0.18866    -0.12368                                   Ge071
  32  72   6  23     0.01981     0.43486                                   Ge072
  32  73   6  22    -0.22442    -0.05354                                   Ge073
  32  74   6  23     0.23433     0.63646                                   Ge074
  32  75   6  22    -0.00049     0.28407                                   Ge075
  32  76   6  23     0.03931     0.52819                                   Ge076
  32  77   6  22    -0.06583     0.11025                                   Ge077
  32  78   6  23     0.37486     1.08355                                   Ge078
  32  79   6  22     0.47078     1.56818                                   Ge079
  32  81   6  22     0.12942     0.55718                                   Ge081
  32  82   2  20    -0.30235    -1.34261                                   Ge082
