  72 163   6  22     0.39176     0.95788                                   Hf163
  72 165   6  15     0.68039     1.51954                                   Hf165
  72 168   6  22     0.12737     0.36745                                   Hf168
  72 170   6  22     0.14906     0.37898                                   Hf170
  72 171   4  22     0.03646     0.11513                                   Hf171
  72 172   6  22     0.05043     0.13861                                   Hf172
  72 173   2  20     0.01265     0.08684                                   Hf173
  72 174   4  34    -0.00190    -0.00951                                   Hf174
  72 175   4  22     0.04562     0.08607                                   Hf175
  72 176   6  15    -0.10567    -0.25427                                   Hf176
  72 177   6  22    -0.04926    -0.10829                                   Hf177
  72 178   6  22    -0.00487    -0.01772                                   Hf178
  72 179   4  22     0.01911     0.03333                                   Hf179
  72 180   6  22    -0.00724    -0.02063                                   Hf180
  72 181   7  33     0.21384     0.40860                                   Hf181
  72 182   6  22     0.50039     1.04927                                   Hf182
