  72 165   6  15     0.55645     1.51490                                   Hf165
  72 168   2  20     0.13879     0.27381                                   Hf168
  72 170   6  15     0.19155     0.35193                                   Hf170
  72 171   6  22    -0.04835     0.15759                                   Hf171
  72 172   6  22     0.14599     0.16831                                   Hf172
  72 173   6  22    -0.00331     0.27339                                   Hf173
  72 174   2  20    -0.12854    -0.05788                                   Hf174
  72 175   6  22    -0.06476     0.12251                                   Hf175
  72 176   6  22    -0.02474    -0.20428                                   Hf176
  72 177   6  22    -0.18762    -0.14842                                   Hf177
  72 178   6  23     0.09758     0.01396                                   Hf178
  72 179   6  22    -0.13047     0.01422                                   Hf179
  72 180   6  22     0.11846     0.01828                                   Hf180
  72 181   7  33     0.06770     0.38746                                   Hf181
  72 182   6  22     0.35954     1.02069                                   Hf182
