  80 180   6  23    -0.28065    -0.72296                                   Hg180
  80 182   6  23     0.45927     1.08471                                   Hg182
  80 184   6  23    -0.26945    -0.63828                                   Hg184
  80 185   6  15     0.87463     0.27428                                   Hg185
  80 186   6  23     0.25965     0.61132                                   Hg186
  80 188   6  22     0.32328     0.74828                                   Hg188
  80 190   6  23     0.33413     0.70048                                   Hg190
  80 191   6  23     0.22672     0.42153                                   Hg191
  80 192   2  20     0.11836     0.23160                                   Hg192
  80 193   6  15     0.56845     1.03445                                   Hg193
  80 194   6  23     0.30969     0.43520                                   Hg194
  80 195   6  22     0.22567     0.39679                                   Hg195
  80 196   6  22     0.03142     0.07979                                   Hg196
  80 197   4  22     0.90664     0.27202                                   Hg197
  80 198   6  36    -0.02534    -0.07079                                   Hg198
  80 199   2  20     0.00873     0.03684                                   Hg199
  80 200   6  15    -0.15407    -0.66098                                   Hg200
  80 202   6  22    -0.03463    -0.11072                                   Hg202
  80 203   6  23     0.30494     0.76405                                   Hg203
  80 204   6  23     0.04134     0.11454                                   Hg204
  80 205   6  22     0.27962     0.65084                                   Hg205
