  80 180   6  23    -0.22892    -0.68017                                   Hg180
  80 182   6  22     0.27391     1.01126                                   Hg182
  80 184   7  29    -0.38830    -0.55633                                   Hg184
  80 186   6  22     0.07289     0.53050                                   Hg186
  80 188   6  22     0.26520     0.72473                                   Hg188
  80 190   6  23     0.26701     0.67575                                   Hg190
  80 192   2  20     0.04933     0.20409                                   Hg192
  80 193   6  15     0.56845     1.03445                                   Hg193
  80 194   6  22     0.21449     0.35466                                   Hg194
  80 195   6  22     0.02588     0.36712                                   Hg195
  80 196   6  23    -0.16228    -0.02671                                   Hg196
  80 197   7  22     0.77694     0.30974                                   Hg197
  80 198   6  36    -0.20641    -0.17120                                   Hg198
  80 199   6  22    -0.15900     0.05340                                   Hg199
  80 200   6  15    -0.30720    -0.72525                                   Hg200
  80 202   6  22    -0.06208    -0.12677                                   Hg202
  80 203   6  15     0.07898     0.55666                                   Hg203
  80 204   6  23     0.11812     0.15888                                   Hg204
  80 205   6  22     0.13560     0.57279                                   Hg205
