  53 116   2  20    -0.05574    -0.14492                                   I116
  53 117   2  20     0.01030     0.09155                                   I117
  53 118   6  15     0.47272     1.16430                                   I118
  53 119   2  20     0.03577     0.18769                                   I119
  53 120   7  21     0.07686     0.13991                                   I120
  53 121   7  33     0.07691     0.26120                                   I121
  53 122   4  22    -0.58017    -1.10964                                   I122
  53 123   6  15     0.11202     0.37336                                   I123
  53 124   4  34    -0.08024    -0.21455                                   I124
  53 125   6  36     0.09901     0.34349                                   I125
  53 126   4  34    -0.04271    -0.12234                                   I126
  53 127   6  15     0.08554     0.30592                                   I127
  53 128   7  29     0.00157     0.00800                                   I128
  53 129   6  15     0.09072     0.32428                                   I129
  53 130   6  22     0.14879     0.00691                                   I130
  53 131   6  22     0.05261     0.18976                                   I131
  53 133   6  15     0.14098     0.40460                                   I133
