  53 116   6  20     0.03711     0.13615                                   I116
  53 117   2  20    -0.04889     0.08232                                   I117
  53 118   6  15     0.55240     1.17273                                   I118
  53 119   2  20     0.04421     0.18887                                   I119
  53 120   7  21     0.13371     0.14346                                   I120
  53 121   7  33     0.08460     0.26344                                   I121
  53 122   2  26    -0.52434    -1.05642                                   I122
  53 123   6  15     0.04158     0.35967                                   I123
  53 124   2  26    -0.01826    -0.16159                                   I124
  53 125   6  36     0.09313     0.34116                                   I125
  53 126   4  34    -0.01370    -0.11335                                   I126
  53 127   6  15     0.08068     0.30477                                   I127
  53 128   7  29     0.03061     0.01199                                   I128
  53 129   6  15     0.00524     0.30086                                   I129
  53 130   4  22     0.21474    -0.02364                                   I130
  53 131   6  15     0.15537     0.21034                                   I131
  53 133   6  22     0.24894     0.45231                                   I133
