  77 173   6  22     0.07211     0.18502                                   Ir173
  77 177   4  22    -0.23467    -0.58902                                   Ir177
  77 181   6  22     0.06344     0.14614                                   Ir181
  77 182   2  26    -0.23314    -0.47361                                   Ir182
  77 184   6  22     0.02957     0.06791                                   Ir184
  77 185   6  22     0.04740     0.10197                                   Ir185
  77 186   6  22     0.17526     0.34903                                   Ir186
  77 187   7  33     0.09896     0.28350                                   Ir187
  77 188   6  22     0.13443     0.35196                                   Ir188
  77 189   7  33     0.04982     0.12426                                   Ir189
  77 190   7  22     0.00149    -0.30078                                   Ir190
  77 191   7  21     0.11517     0.13772                                   Ir191
  77 192   7  29    -0.18975    -0.40206                                   Ir192
  77 193   2  20     0.20567     0.07434                                   Ir193
  77 194   7  29     0.01549    -0.04344                                   Ir194
  77 195   6  22     0.33350     0.34055                                   Ir195
  77 197   7  23     0.61409     0.66986                                   Ir197
