  77 173   6  22     0.18410     0.22688                                   Ir173
  77 177   4  22    -0.19830    -0.58060                                   Ir177
  77 181   4  22     0.13916     0.12758                                   Ir181
  77 182   6  22    -0.22334    -0.49813                                   Ir182
  77 184   6  22     0.07036     0.07277                                   Ir184
  77 185   4  22     0.12663     0.08715                                   Ir185
  77 186   6  22     0.20594     0.35215                                   Ir186
  77 187   7  33     0.20803     0.29862                                   Ir187
  77 188   6  22     0.14308     0.35282                                   Ir188
  77 189   7  33    -0.01980     0.10893                                   Ir189
  77 190   6  23     0.03214    -0.21327                                   Ir190
  77 191   6  23     0.20732     0.14179                                   Ir191
  77 192   7  29    -0.21710    -0.41070                                   Ir192
  77 193   7  33     0.41905     0.24563                                   Ir193
  77 194   7  29    -0.05872    -0.05572                                   Ir194
  77 195   7  21     0.23490     0.34792                                   Ir195
  77 197   7  23     0.60522     0.66864                                   Ir197
