  19  37   4  37     0.02928     0.26520                                   K037
  19  38   6  15    -0.05438    -0.42016                                   K038
  19  39   4  31    -0.03866    -0.28798                                   K039
  19  40   6  23    -0.05155    -0.62038                                   K040
  19  41   7  36     0.07647     0.42137                                   K041
  19  42   2  50     0.40525     0.35934                                   K042
  19  43   2  20    -0.00375     0.01963                                   K043
  19  44   7  18     0.22071     1.00747                                   K044
  19  45   6  23     0.42001     2.03364                                   K045
  19  47   6  23     0.45378     1.92349                                   K047
