  36  74   6  22     0.37742     1.97798                                   Kr074
  36  75   2  20    -0.08892     0.07310                                   Kr075
  36  76   6  23     0.24924     0.91320                                   Kr076
  36  77   6  22    -0.08249     0.06107                                   Kr077
  36  78   6  23     0.15667     0.53487                                   Kr078
  36  79   6  22    -0.10603     0.02575                                   Kr079
  36  80   6  22     0.19762     1.33157                                   Kr080
  36  81   4  22    -0.23603    -0.28120                                   Kr081
  36  82   6  23     0.10719     0.15467                                   Kr082
  36  83   6  23     0.62822     0.58058                                   Kr083
  36  84   6  23     0.16245     0.33065                                   Kr084
  36  85   6  22    -1.02738    -0.38918                                   Kr085
  36  86   6  23     0.27149     0.62870                                   Kr086
  36  87   6  22    -0.52378    -0.77922                                   Kr087
  36  88   6  23     0.21838     0.34689                                   Kr088
  36  89   6  22     0.50839     0.68796                                   Kr089
  36  90   2  20     0.08332     0.05397                                   Kr090
  36  92   2  20     0.27571     0.26341                                   Kr092
