  57 127   2  26     0.00036     0.03902                                   La127
  57 128   6  22     0.24564     0.40913                                   La128
  57 129   2  26    -0.15014    -0.28054                                   La129
  57 130   6  22    -0.13796    -0.30421                                   La130
  57 131   2  20     0.01937     0.11208                                   La131
  57 132   7  21     0.05063     0.09389                                   La132
  57 133   7  33     0.17320     0.57523                                   La133
  57 134   6  22     0.02503     0.08939                                   La134
  57 136   6  22     0.04370     0.14002                                   La136
  57 137   6  36     0.20501     0.73655                                   La137
  57 138   6  22     0.08387     0.24996                                   La138
  57 139   7  36    -0.16839    -0.54275                                   La139
  57 140   7  29     0.07614     0.19045                                   La140
  57 141   6  22     0.20705     0.56797                                   La141
  57 143   6  22     0.22526     0.34265                                   La143
  57 144   6  22     0.11204     0.21741                                   La144
  57 145   6  22    -0.22386    -0.38361                                   La145
  57 146   6  22     0.09901     0.10115                                   La146
  57 147   6  22     0.03162     0.06544                                   La147
  57 148   6  22     0.00127     0.00831                                   La148
