  42  88   2  20    -0.00581    -0.00675                                   Mo088
  42  90   6  23     0.06728     0.38949                                   Mo090
  42  91   6  36     0.68794     0.77860                                   Mo091
  42  92   7  36     0.05794     0.28427                                   Mo092
  42  93   7  29    -0.07272    -0.27307                                   Mo093
  42  94   2  20    -0.01802    -0.07416                                   Mo094
  42  95   6  22     0.05198     0.17264                                   Mo095
  42  96   6  23     0.17293     0.32569                                   Mo096
  42  97   6  21    -0.15811    -0.55799                                   Mo097
  42  98   6  23     0.10472     0.10387                                   Mo098
  42  99   4  22    -0.04537    -0.15209                                   Mo099
  42 100   6  23     0.08456     0.24625                                   Mo100
  42 101   6  22     0.13228     0.04635                                   Mo101
  42 102   6  22     0.04010     0.11451                                   Mo102
  42 103   2  20     0.04265     0.10976                                   Mo103
  42 104   6  22     0.23725     0.51071                                   Mo104
  42 105   7  29    -0.30846    -0.58999                                   Mo105
  42 106   6  23     0.25330     0.52726                                   Mo106
  42 107   6  22     0.02640     0.08424                                   Mo107
  42 108   6  22     0.42317     0.86958                                   Mo108
