  41  84   2  20    -0.06769    -0.28833                                   Nb084
  41  87   6  22     0.25781     1.37258                                   Nb087
  41  88   6  22     0.65307     2.53416                                   Nb088
  41  89   6  22     0.13291     0.70538                                   Nb089
  41  90   6  36     0.08991     0.42226                                   Nb090
  41  91   6  23     0.07100     0.10650                                   Nb091
  41  92   6  36     0.07566     0.25469                                   Nb092
  41  93   6  36     0.04852     0.17379                                   Nb093
  41  94   6  22     0.04164     0.33023                                   Nb094
  41  95   6  15    -0.01569    -0.04824                                   Nb095
  41  96   6  22     0.10852     0.28295                                   Nb096
  41  97   6  22     0.20331     0.53090                                   Nb097
  41  98   7  16    -0.01984     0.83688                                   Nb098
  41  99   6  22     0.66338     0.95792                                   Nb099
  41 100   7  22    -0.21202     0.01981                                   Nb100
  41 101   4  22     0.02956     0.06728                                   Nb101
  41 103   6  22     0.12245     0.26254                                   Nb103
