  41  84   2  20     0.01700    -0.25414                                   Nb084
  41  87   6  22     0.36563     1.44788                                   Nb087
  41  88   6  22     0.53371     2.52425                                   Nb088
  41  89   6  22     0.21426     0.74615                                   Nb089
  41  90   6  36     0.18722     0.45047                                   Nb090
  41  91   6  23     0.14228     0.16212                                   Nb091
  41  92   6  36     0.19875     0.30651                                   Nb092
  41  93   6  36     0.13867     0.22069                                   Nb093
  41  94   6  22     0.15900     0.34667                                   Nb094
  41  95   6  15     0.08643    -0.01890                                   Nb095
  41  96   6  22     0.24057     0.32747                                   Nb096
  41  97   6  22     0.30479     0.56821                                   Nb097
  41  98   7  16     0.12818     0.87143                                   Nb098
  41  99   6  22     0.66014     0.95737                                   Nb099
  41 100   7  22    -0.05953     0.06330                                   Nb100
  41 101   4  22    -0.01238     0.05644                                   Nb101
  41 103   6  22     0.24227     0.28711                                   Nb103
