  60 131   4  22    -0.24004    -0.25958                                   Nd131
  60 133   6  22    -0.25726    -0.21345                                   Nd133
  60 134   6  22     0.64975     1.23443                                   Nd134
  60 135   6  22    -0.02720     0.25624                                   Nd135
  60 136   6  15     0.40531     0.88412                                   Nd136
  60 137   6  22     0.28402     0.95726                                   Nd137
  60 138   2  20    -0.13499    -0.00059                                   Nd138
  60 139   7  33     1.31672     1.33176                                   Nd139
  60 140   6  23    -0.00690     0.04696                                   Nd140
  60 141   6  36    -0.22121    -0.25370                                   Nd141
  60 142   6  23    -0.16236    -0.49369                                   Nd142
  60 143   6  23    -0.57528    -0.55545                                   Nd143
  60 144   7  36    -0.06886    -0.31806                                   Nd144
  60 145   6  22    -0.42645    -0.38953                                   Nd145
  60 146   2  20     0.05304    -0.01329                                   Nd146
  60 147   6  22    -0.22668    -0.11542                                   Nd147
  60 148   6  23     0.06776     0.08674                                   Nd148
  60 149   4  22    -0.24145    -0.15802                                   Nd149
  60 150   6  36     0.10975     0.07329                                   Nd150
  60 151   6  22    -0.03093     0.19177                                   Nd151
  60 152   6  22     0.45219     0.88142                                   Nd152
  60 153   7  21     0.08007     0.34646                                   Nd153
  60 154   6  15     0.40299     0.75439                                   Nd154
  60 156   6  17     1.29419     1.94703                                   Nd156
