  76 168   6  15     1.18997     2.16471                                   Os168
  76 172   6  22     0.28173     0.63554                                   Os172
  76 174   2  20     0.17343     0.40376                                   Os174
  76 176   7  21     0.57396     1.08143                                   Os176
  76 177   6  22    -0.00535     0.32175                                   Os177
  76 178   6  22     0.27161     0.96681                                   Os178
  76 180   6  22     0.09262     0.49571                                   Os180
  76 181   6  22    -0.08260     0.11833                                   Os181
  76 182   7  33     0.13186     0.56441                                   Os182
  76 183   4  22     0.66568     0.11607                                   Os183
  76 184   6  36     0.32094     0.41172                                   Os184
  76 185   7  33    -0.06722     0.14253                                   Os185
  76 186   6  15     0.05647     0.41287                                   Os186
  76 187   5  38    -0.08043     0.10871                                   Os187
  76 188   6  22    -0.13418     0.19197                                   Os188
  76 189   5  38    -0.10659     0.08125                                   Os189
  76 190   6  22     0.03273     0.11519                                   Os190
  76 191   6  22    -0.19831    -0.17073                                   Os191
  76 192   6  22     0.26802     0.35413                                   Os192
  76 193   6  22    -0.01613     0.34728                                   Os193
  76 194   6  22    -1.33861    -1.83492                                   Os194
