  76 168   6  15     1.14515     2.12089                                   Os168
  76 170   6  15     1.13400     2.06361                                   Os170
  76 172   6  22     0.26341     0.62952                                   Os172
  76 174   6  22     0.28372     0.74481                                   Os174
  76 176   7  21     0.60595     1.11389                                   Os176
  76 178   6  22     0.39428     0.99398                                   Os178
  76 179   4  22     0.03669     0.10987                                   Os179
  76 180   6  15     0.15884     0.37456                                   Os180
  76 181   4  22     0.02742     0.08552                                   Os181
  76 182   6  15     0.24246     0.54522                                   Os182
  76 183   7  22     0.81835     0.14521                                   Os183
  76 184   6  36     0.19532     0.37201                                   Os184
  76 185   6  22     0.05692     0.12815                                   Os185
  76 186   6  15     0.18806     0.45054                                   Os186
  76 187   6  22     0.03591     0.09898                                   Os187
  76 188   7  33     0.00037     0.25834                                   Os188
  76 189   6  22     0.02752     0.07473                                   Os189
  76 190   6  22     0.04127     0.11828                                   Os190
  76 191   6  22    -0.04859    -0.12834                                   Os191
  76 192   6  22     0.13650     0.31322                                   Os192
  76 193   7  33     0.20753     0.53077                                   Os193
  76 194   6  22    -1.24975    -1.75922                                   Os194
