  82 188   6  23    -0.63295    -1.66239                                   Pb188
  82 190   6  23    -0.08086    -0.17664                                   Pb190
  82 192   6  23     0.36169     0.69554                                   Pb192
  82 194   2  20     0.08690     0.14287                                   Pb194
  82 195   6  23    -0.02910    -0.05072                                   Pb195
  82 196   6  23     0.16111     0.40815                                   Pb196
  82 197   7  29    -0.12756    -0.15135                                   Pb197
  82 198   6  22     0.11055     0.29056                                   Pb198
  82 200   6  22     0.49640     1.22633                                   Pb200
  82 201   6  22     0.29471     0.67153                                   Pb201
  82 202   6  23     0.20674     0.21299                                   Pb202
  82 203   2  20     0.06262     0.17921                                   Pb203
  82 204   6  22     0.16958     0.25036                                   Pb204
  82 205   7  29     0.24870     0.63256                                   Pb205
  82 206   7  36     0.12850     0.40450                                   Pb206
  82 207   6  15    -0.15779    -0.80314                                   Pb207
  82 208   6  15    -0.14853    -0.96313                                   Pb208
  82 210   7  29     0.79661     1.43280                                   Pb210
