  46  97   2  20    -0.05470    -0.27512                                   Pd097
  46  98   6  23     0.02432     0.12832                                   Pd098
  46  99   6  15     0.08231     0.33858                                   Pd099
  46 100   6  23     0.04576     0.20898                                   Pd100
  46 101   2  20     0.01934     0.12762                                   Pd101
  46 102   6  23     0.08945     0.37246                                   Pd102
  46 103   2  20     0.03130     0.12571                                   Pd103
  46 104   6  23    -0.01123    -0.05159                                   Pd104
  46 105   6  22    -0.49539     0.03480                                   Pd105
  46 106   6  23     0.02661     0.10683                                   Pd106
  46 107   6  22     0.17904     0.27068                                   Pd107
  46 108   6  23     0.14790     0.50174                                   Pd108
  46 109   6  22    -0.34695    -0.16252                                   Pd109
  46 110   6  23     0.13107     0.37473                                   Pd110
  46 111   6  22    -0.19649     0.09134                                   Pd111
  46 112   6  22     0.04385     0.11187                                   Pd112
  46 113   6  22    -0.40905    -0.82564                                   Pd113
  46 114   6  22     0.66413     1.20551                                   Pd114
  46 116   6  22     0.34885     0.71387                                   Pd116
  46 118   7  19     0.71724     0.72883                                   Pd118
