  61 133   6  21     0.21367     0.16109                                   Pm133
  61 139   5  17    -0.06214     0.14057                                   Pm139
  61 140   6  22    -0.29110     0.11046                                   Pm140
  61 141   6  22    -0.03632     0.19250                                   Pm141
  61 142   6  21     0.14113     0.31256                                   Pm142
  61 143   2  20    -0.16738    -0.36153                                   Pm143
  61 144   6  22     0.54446     0.60633                                   Pm144
  61 145   6  36     0.22912     0.32481                                   Pm145
  61 146   7  29    -0.70271    -1.09992                                   Pm146
  61 147   6  22     0.12399     0.14798                                   Pm147
  61 148   2  20     0.12866     0.02559                                   Pm148
  61 149   6  22    -0.01068     0.06256                                   Pm149
  61 150   2  26    -0.22415    -0.69017                                   Pm150
  61 151   6  22     0.02663     0.16654                                   Pm151
  61 153   4  22     0.01899     0.14137                                   Pm153
  61 155   6  22    -0.07446     0.27891                                   Pm155
