  61 133   6  21     0.18108     0.15429                                   Pm133
  61 139   5  17    -0.18947     0.18779                                   Pm139
  61 140   6  22    -0.31553     0.10473                                   Pm140
  61 141   6  22     0.05171     0.22527                                   Pm141
  61 142   6  21     0.09948     0.29679                                   Pm142
  61 143   2  20    -0.08735    -0.28753                                   Pm143
  61 144   6  22     0.48303     0.60341                                   Pm144
  61 145   6  36     0.10882     0.27878                                   Pm145
  61 146   7  29    -0.76801    -1.14819                                   Pm146
  61 147   6  22     0.05759     0.13546                                   Pm147
  61 148   7  29    -0.00870    -0.00948                                   Pm148
  61 149   6  22     0.02904     0.06954                                   Pm149
  61 150   2  26    -0.37051    -0.75443                                   Pm150
  61 151   7  29     0.09847     0.22885                                   Pm151
  61 153   4  22     0.05745     0.14664                                   Pm153
