  59 129   6  21    -0.09527    -0.38755                                   Pr129
  59 131   4  22     0.11888     0.05875                                   Pr131
  59 132   6  18     0.15646     0.42064                                   Pr132
  59 133   7  21    -0.00072     0.03229                                   Pr133
  59 135   7  33     0.16546     0.53794                                   Pr135
  59 136   6  22     0.18727     0.26442                                   Pr136
  59 137   2  20     0.04281     0.22324                                   Pr137
  59 139   6  22    -0.03856     0.16475                                   Pr139
  59 140   7  33     0.15651     0.34208                                   Pr140
  59 141   4  37    -0.29780    -0.82692                                   Pr141
  59 145   2  20    -0.11271     0.09261                                   Pr145
  59 147   6  22     0.14534     0.22301                                   Pr147
  59 148   6  15     0.05084    -0.20046                                   Pr148
