  59 129   4  22    -0.18086    -0.47542                                   Pr129
  59 131   4  22     0.01532     0.02969                                   Pr131
  59 132   6  18     0.18344     0.42268                                   Pr132
  59 133   4  22     0.05188     0.10021                                   Pr133
  59 135   7  33     0.17328     0.53907                                   Pr135
  59 136   6  22     0.21261     0.25449                                   Pr136
  59 137   2  20     0.05203     0.22468                                   Pr137
  59 139   6  22     0.03697     0.18623                                   Pr139
  59 140   6  22     0.09445     0.29341                                   Pr140
  59 141   6  15    -0.40678    -1.44461                                   Pr141
  59 142   6  22     0.16690     0.45148                                   Pr142
  59 145   6  22     0.16859     0.35141                                   Pr145
  59 147   6  22     0.09293     0.21751                                   Pr147
  59 148   6  16     0.03880    -0.13975                                   Pr148
