  78 178   6  22     0.20753     0.55265                                   Pt178
  78 180   6  22     0.24557     0.62957                                   Pt180
  78 181   6  22     0.05407     0.13273                                   Pt181
  78 182   6  22     0.23612     0.57526                                   Pt182
  78 183   7  33     0.05059     0.11675                                   Pt183
  78 184   6  15     0.26129     0.61009                                   Pt184
  78 185   6  22     0.00008     0.01362                                   Pt185
  78 186   6  22     0.00756     0.01467                                   Pt186
  78 187   7  33     0.07585     0.17478                                   Pt187
  78 188   6  15     0.22952     0.54802                                   Pt188
  78 190   6  23     0.31321     0.55596                                   Pt190
  78 191   4  22     0.04177     0.09286                                   Pt191
  78 192   6  23     0.15514     0.37859                                   Pt192
  78 193   4  22    -0.02809     0.03257                                   Pt193
  78 194   2  20     0.39734     0.34159                                   Pt194
  78 195   6  22     0.47297     0.19080                                   Pt195
  78 196   4  22    -0.01155    -0.04084                                   Pt196
  78 197   6  22     0.01035     0.01911                                   Pt197
  78 198   2  26     0.01483     0.04310                                   Pt198
  78 199   6  22     0.11660     0.34345                                   Pt199
  78 200   6  23     0.09197     0.24786                                   Pt200
