  78 177   7  21     0.09520     0.56322                                   Pt177
  78 178   6  22     0.24458     0.56478                                   Pt178
  78 180   2  20     0.03063     0.42210                                   Pt180
  78 181   6  22    -0.09831     0.11356                                   Pt181
  78 182   6  22     0.09330     0.53747                                   Pt182
  78 183   6  22    -0.11489     0.06808                                   Pt183
  78 184   6  15     0.11559     0.57815                                   Pt184
  78 185   7  33    -0.16481     0.01123                                   Pt185
  78 186   6  15     0.02018    -0.15615                                   Pt186
  78 187   6  22    -0.11567     0.10367                                   Pt187
  78 188   6  15     0.20867     0.54195                                   Pt188
  78 190   6  22     0.21846     0.49360                                   Pt190
  78 191   6  22    -0.12190     0.12232                                   Pt191
  78 192   6  23     0.14614     0.37530                                   Pt192
  78 193   6  22    -0.21052     0.04465                                   Pt193
  78 194   6  22     0.04246     0.17948                                   Pt194
  78 195   6  36     0.26490     0.17232                                   Pt195
  78 196   4  22    -0.21406    -0.16625                                   Pt196
  78 197   6  22    -0.21737    -0.07933                                   Pt197
  78 198   2  20    -0.16976    -0.04502                                   Pt198
  78 200   6  23     0.13704     0.26864                                   Pt200
