  94 237   6  23    -0.07359     0.12648                                   Pu237
  94 238   2  20     0.31239     0.42742                                   Pu238
  94 239   6  22    -0.10008     0.03019                                   Pu239
  94 240   6  22    -0.08921     0.08715                                   Pu240
  94 241   6  22    -0.12319     0.07726                                   Pu241
  94 242   6  22    -0.53584    -0.13124                                   Pu242
  94 243   6  22    -0.23920    -0.09858                                   Pu243
  94 244   2  20     0.58956     0.71474                                   Pu244
  94 245   6  22    -0.02850     0.19832                                   Pu245
  94 246   6  16     0.51865     0.52648                                   Pu246
