  88 222   6  22     0.01779     0.02449                                   Ra222
  88 223   6  23     0.05751     0.11546                                   Ra223
  88 224   6  23     0.39685     0.77543                                   Ra224
  88 225   6  22     0.03511     0.06258                                   Ra225
  88 226   2  20     0.10164     0.24897                                   Ra226
  88 227   6  22    -0.02357     0.09729                                   Ra227
  88 228   6  22    -0.07403    -0.13919                                   Ra228
  88 229   6  22     0.01801     0.03826                                   Ra229
  88 230   6  22     0.16127     0.29537                                   Ra230
  88 231   4  22    -0.10255    -0.11850                                   Ra231
