  37  76   4  17     0.09430     0.51618                                   Rb076
  37  78   7  22     0.00408    -0.68224                                   Rb078
  37  79   2  20    -0.00134     0.08007                                   Rb079
  37  80   7  22    -0.14780    -0.60635                                   Rb080
  37  81   2  20     0.15083     0.13282                                   Rb081
  37  82   2  26    -0.00919     0.04716                                   Rb082
  37  83   2  20    -0.00541     0.02203                                   Rb083
  37  84   2  20     0.06694    -0.02992                                   Rb084
  37  85   6  15     0.09790     0.45465                                   Rb085
  37  86   4  22    -0.02830    -0.10235                                   Rb086
  37  87   6  23     0.15768     0.61551                                   Rb087
  37  88   6  22     0.18344     0.42308                                   Rb088
  37  89   6  22     0.32412     1.04705                                   Rb089
  37  90   6  22     0.27936     0.49849                                   Rb090
  37  91   6  22     0.22838     0.67225                                   Rb091
  37  92   6  22     0.35750     0.76418                                   Rb092
  37  93   6  23     0.50756     1.24156                                   Rb093
