  75 169   6  22    -0.02228    -0.03578                                   Re169
  75 171   4  22    -0.20634    -0.46962                                   Re171
  75 173   6  22     0.22343     0.53966                                   Re173
  75 175   6  22     0.06324     0.37512                                   Re175
  75 177   4  22     0.05156     0.13026                                   Re177
  75 181   6  22     0.15484     0.33349                                   Re181
  75 183   6  22     0.05903     0.12397                                   Re183
  75 184   6  22    -0.03470    -0.06178                                   Re184
  75 185   2  20     0.03291     0.06391                                   Re185
  75 186   4  22    -0.01008    -0.01704                                   Re186
  75 187   2  20     0.00688     0.02223                                   Re187
  75 188   4  22     0.03557     0.03504                                   Re188
  75 189   2  20     0.00347     0.03455                                   Re189
