  45  96   2  20     0.01948    -0.35127                                   Rh096
  45  97   6  36     0.17786     0.45604                                   Rh097
  45  98   6  20     0.14373     0.02328                                   Rh098
  45  99   5  38    -0.44888     0.04911                                   Rh099
  45 100   7  22    -0.12121    -0.02327                                   Rh100
  45 101   6  36     0.21836     0.50603                                   Rh101
  45 102   2  26    -0.16480    -0.16032                                   Rh102
  45 103   6  36     0.12446     0.38625                                   Rh103
  45 104   6  22    -0.10885    -0.02585                                   Rh104
  45 105   2  20     0.12964     0.06767                                   Rh105
  45 107   6  22    -0.02809     0.10846                                   Rh107
  45 109   6  22     0.00907     0.19851                                   Rh109
  45 111   2  26    -0.44620    -0.87815                                   Rh111
  45 113   4  22    -0.36245    -0.62473                                   Rh113
  45 115   6  22    -0.16872    -0.19640                                   Rh115
