  44  91   6  22     0.08734     0.47069                                   Ru091
  44  93   6  15     0.56845     1.03445                                   Ru093
  44  94   6  22     0.18498     0.94921                                   Ru094
  44  95   6  22     0.05128     0.19520                                   Ru095
  44  96   2  20     0.01777     0.06982                                   Ru096
  44  97   6  23     0.19020     0.69461                                   Ru097
  44  98   5  35     0.00000     0.00000                                   Ru098
  44  99   6  15     0.12074     0.38114                                   Ru099
  44 100   5  35     0.00000     0.00000                                   Ru100
  44 101   6  22    -0.50680    -0.16657                                   Ru101
  44 102   6  23     0.08806     0.32070                                   Ru102
  44 103   7  33     0.35462     0.27981                                   Ru103
  44 104   6  23     0.19297     0.60379                                   Ru104
  44 105   7  29     0.05403     0.19793                                   Ru105
  44 106   6  23     0.46033     1.15620                                   Ru106
  44 107   6  22     0.08030     0.13528                                   Ru107
  44 108   6  22     0.33942     0.76248                                   Ru108
  44 110   7  29     0.04525     0.05443                                   Ru110
  44 111   2  26    -0.67836    -1.29366                                   Ru111
  44 112   6  22     0.66099     0.97977                                   Ru112
