  44  91   6  22    -0.04663     0.39652                                   Ru091
  44  93   6  15     0.56845     1.03445                                   Ru093
  44  94   6  21     0.27849     0.97737                                   Ru094
  44  95   6  23    -0.07236     0.14667                                   Ru095
  44  96   2  20     0.07232     0.10268                                   Ru096
  44  97   5  17     0.00163     0.44081                                   Ru097
  44  98   6  36     0.06017     0.05274                                   Ru098
  44  99   6  15    -0.01625     0.33608                                   Ru099
  44 100   6  23     0.05493     0.03026                                   Ru100
  44 101   6  22    -0.63005    -0.22632                                   Ru101
  44 102   6  23     0.15994     0.35704                                   Ru102
  44 103   7  33     0.25267     0.26573                                   Ru103
  44 104   6  23     0.20543     0.61024                                   Ru104
  44 105   7  29    -0.06623     0.18186                                   Ru105
  44 106   6  23     0.46789     1.15872                                   Ru106
  44 107   6  22    -0.00965     0.12001                                   Ru107
  44 108   6  22     0.42069     0.79072                                   Ru108
  44 109   6  22     0.02449     0.24920                                   Ru109
  44 110   7  29     0.16707     0.11329                                   Ru110
  44 111   2  26    -0.81363    -1.37670                                   Ru111
  44 112   6  22     0.79697     1.01960                                   Ru112
