  34  69   6  22     0.25125     1.23637                                   Se069
  34  70   6  22     0.37466     2.12690                                   Se070
  34  72   6  23     0.12266     0.64588                                   Se072
  34  73   2  20    -0.01094     0.01070                                   Se073
  34  74   6  23     0.11456     0.55545                                   Se074
  34  75   7  36    -0.02746    -0.11865                                   Se075
  34  76   6  36     0.10200     0.46981                                   Se076
  34  77   4  22     0.03630     0.13038                                   Se077
  34  78   6  23     0.07676     0.53056                                   Se078
  34  79   7  33     0.16974     0.23274                                   Se079
  34  80   6  23     0.05681     0.24376                                   Se080
  34  81   6  22     0.22395     1.03071                                   Se081
  34  82   6  23     0.38411     1.45936                                   Se082
  34  83   6  22     0.23569     0.65036                                   Se083
  34  84   6  23     0.08256     0.28928                                   Se084
