  34  69   6  23     0.19241     1.25010                                   Se069
  34  70   6  22     0.30896     2.09409                                   Se070
  34  72   6  23     0.19713     0.71893                                   Se072
  34  73   2  20    -0.09052    -0.00324                                   Se073
  34  74   6  23     0.21953     0.63206                                   Se074
  34  75   7  36    -0.12914    -0.17922                                   Se075
  34  76   6  36     0.17152     0.51739                                   Se076
  34  77   4  22    -0.09568     0.08006                                   Se077
  34  78   6  23    -0.01516     0.48408                                   Se078
  34  79   4  22     0.01086     0.07677                                   Se079
  34  80   6  23     0.15387     0.30860                                   Se080
  34  81   6  22     0.09263     0.99988                                   Se081
  34  82   6  23     0.27997     1.40184                                   Se082
  34  83   6  22     0.12955     0.60487                                   Se083
  34  84   6  23     0.23099     0.45395                                   Se084
