  62 136   6  15     0.86867     1.58077                                   Sm136
  62 137   6  15     0.47267     1.20637                                   Sm137
  62 138   6  22     0.82750     1.76698                                   Sm138
  62 139   7  22     0.46118    -0.32781                                   Sm139
  62 140   6  22     0.48156     1.33244                                   Sm140
  62 141   6  23     0.19566     0.50565                                   Sm141
  62 142   6  22     0.05957     0.21675                                   Sm142
  62 143   2  20     0.02199     0.05830                                   Sm143
  62 144   6  15    -0.06579    -0.21463                                   Sm144
  62 145   6  23    -0.29845    -0.50406                                   Sm145
  62 146   7  29    -0.15294    -0.29324                                   Sm146
  62 147   6  15    -0.11499    -0.20479                                   Sm147
  62 148   7  29    -0.04218     0.04547                                   Sm148
  62 149   6  22     0.14570    -0.06431                                   Sm149
  62 150   5  38     0.01312     0.13309                                   Sm150
  62 151   7  29     0.01530     0.02748                                   Sm151
  62 152   5  38    -0.02106     0.20188                                   Sm152
  62 153   7  21     0.00280    -0.03316                                   Sm153
  62 154   6  36     0.11257     0.28064                                   Sm154
  62 155   6  22     0.11519     0.23742                                   Sm155
  62 156   6  22     0.16441     0.39487                                   Sm156
  62 158   6  23     0.58754     1.19591                                   Sm158
