  65 147   7  36    -0.04773    -0.16422                                   Tb147
  65 148   6  22     0.26060     0.68219                                   Tb148
  65 149   4  22     0.00998     0.04077                                   Tb149
  65 151   6  22     0.32434     0.37827                                   Tb151
  65 153   6  22     0.06231     0.15459                                   Tb153
  65 155   7  21     0.05495     0.11204                                   Tb155
  65 156   6  20     0.01329     0.03152                                   Tb156
  65 157   7  33     0.12674     0.29054                                   Tb157
  65 158   7  21     0.16659    -0.11323                                   Tb158
  65 159   2  20     0.03681     0.09159                                   Tb159
  65 160   7  21    -0.02633    -0.14121                                   Tb160
  65 161   2  20     0.02456     0.09299                                   Tb161
