  52 112   6  22     0.73100     2.61273                                   Te112
  52 114   6  22     0.24245     0.94185                                   Te114
  52 116   6  22     0.46247     1.62682                                   Te116
  52 117   6  22     0.10250     0.31376                                   Te117
  52 118   6  23     0.20979     0.75414                                   Te118
  52 119   6  22    -0.06307    -0.17225                                   Te119
  52 120   6  23     0.22752     0.77177                                   Te120
  52 121   6  22    -0.08303    -0.21479                                   Te121
  52 122   6  36     0.05073     0.17278                                   Te122
  52 123   6  22    -0.27551    -0.17466                                   Te123
  52 124   6  23    -0.19655    -0.27950                                   Te124
  52 125   7  29    -0.01369     0.12295                                   Te125
  52 126   7  29    -0.05766    -0.06318                                   Te126
  52 127   7  33     0.05838     0.36819                                   Te127
  52 128   6  23    -0.02325    -0.08109                                   Te128
  52 129   6  22    -0.26596     0.06742                                   Te129
  52 130   6  23     0.01606     0.05743                                   Te130
  52 131   7  33     0.18451     0.49772                                   Te131
  52 132   6  23     0.07337     0.26550                                   Te132
  52 133   2  20     0.12744     0.32863                                   Te133
