  81 181   6  22    -0.61981    -0.01618                                   Tl181
  81 183   6  23    -0.18331    -0.46394                                   Tl183
  81 187   2  20    -0.20954    -0.86726                                   Tl187
  81 188   7  17     0.96319     1.33660                                   Tl188
  81 189   6  36    -0.15652    -0.85729                                   Tl189
  81 190   4  22    -0.20533    -0.41410                                   Tl190
  81 194   6  22     0.08057     0.16019                                   Tl194
  81 195   2  20     0.02150     0.06051                                   Tl195
  81 196   7  16     0.93732     1.53572                                   Tl196
  81 197   6  23     0.09583     0.25628                                   Tl197
  81 198   6  22     0.12065     0.29853                                   Tl198
  81 199   6  22    -0.00043     0.00002                                   Tl199
  81 200   6  22     0.23608     0.62060                                   Tl200
  81 201   6  22    -0.03630    -0.10108                                   Tl201
  81 202   6  22     0.05385     0.16214                                   Tl202
  81 203   6  22    -0.06361    -0.18451                                   Tl203
  81 204   7  29    -0.11912     0.21458                                   Tl204
  81 205   2  20     0.18557     0.49701                                   Tl205
  81 206   6  15     0.31912     0.44748                                   Tl206
  81 207   2  20     0.83029     1.01941                                   Tl207
  81 208   6  23     0.50813     0.87422                                   Tl208
