  81 181   6  22    -0.54742     0.04756                                   Tl181
  81 183   6  23    -0.11732    -0.41185                                   Tl183
  81 187   2  20    -0.25831    -0.90194                                   Tl187
  81 188   7  17     0.79027     1.31618                                   Tl188
  81 189   6  36    -0.20681    -0.89524                                   Tl189
  81 190   6  23    -0.29230    -0.26078                                   Tl190
  81 194   6  22    -0.12518     0.07740                                   Tl194
  81 195   2  20    -0.00416     0.04825                                   Tl195
  81 196   7  16     0.62934     1.34264                                   Tl196
  81 197   6  23     0.07975     0.24793                                   Tl197
  81 198   6  22    -0.05745     0.24778                                   Tl198
  81 199   6  22    -0.00872    -0.00465                                   Tl199
  81 200   2  20    -0.12751     0.10458                                   Tl200
  81 201   6  22    -0.03303    -0.09935                                   Tl201
  81 202   6  22    -0.10401     0.10350                                   Tl202
  81 203   6  22    -0.04609    -0.17599                                   Tl203
  81 204   7  33    -0.20780     0.26481                                   Tl204
  81 205   2  20     0.22333     0.50584                                   Tl205
  81 206   7  29    -0.09929    -0.33644                                   Tl206
  81 207   2  20     0.72652     0.94723                                   Tl207
  81 208   2  20     0.02059     0.37780                                   Tl208
