  69 153   2  20     0.05239     0.22186                                   Tm153
  69 157   4  18    -0.22305    -0.48842                                   Tm157
  69 160   6  22    -0.47350    -0.26362                                   Tm160
  69 162   7  20     0.24385     0.54672                                   Tm162
  69 163   6  22     0.03790     0.10147                                   Tm163
  69 164   7  33     0.01521     0.04721                                   Tm164
  69 165   4  22     0.03652     0.09922                                   Tm165
  69 167   7  21     0.05861     0.15024                                   Tm167
  69 168   7  21    -0.05534    -0.11769                                   Tm168
  69 169   6  22     0.04843     0.11405                                   Tm169
  69 170   6  22    -0.00990    -0.01467                                   Tm170
  69 171   6  22     0.03710     0.07617                                   Tm171
  69 172   4  22     0.06414     0.16915                                   Tm172
  69 173   6  23     0.29142     0.59130                                   Tm173
