  69 153   2  20     0.04423     0.22021                                   Tm153
  69 157   4  18    -0.23639    -0.49253                                   Tm157
  69 159   2  26     0.00883     0.06294                                   Tm159
  69 160   6  22    -0.40477    -0.24234                                   Tm160
  69 161   6  22     0.01401     0.21965                                   Tm161
  69 162   6  20     0.34613     0.53898                                   Tm162
  69 163   4  22    -0.04536     0.05524                                   Tm163
  69 164   7  33    -0.08617     0.02868                                   Tm164
  69 165   6  22     0.00075     0.13479                                   Tm165
  69 167   7  21     0.09102     0.15147                                   Tm167
  69 168   4  34    -0.14038    -0.10562                                   Tm168
  69 169   6  22     0.14094     0.13311                                   Tm169
  69 170   6  22    -0.12746    -0.04062                                   Tm170
  69 171   6  22    -0.00222     0.06931                                   Tm171
  69 172   4  22    -0.01207     0.16915                                   Tm172
  69 173   6  22     0.34212     0.58154                                   Tm173
  69 175   6  23     0.03522     0.49910                                   Tm175
