  74 168   6  22     0.20270     1.18730                                   W168
  74 170   6  22     0.26011     0.83606                                   W170
  74 175   6  22     0.02615     0.35537                                   W175
  74 176   6  22    -0.05895     0.12628                                   W176
  74 177   6  22    -0.51869    -0.82077                                   W177
  74 178   6  15    -0.15521    -0.12093                                   W178
  74 179   6  22    -0.24959    -0.07445                                   W179
  74 180   6  23     0.16968     0.20644                                   W180
  74 181   6  22    -0.14838    -0.04930                                   W181
  74 182   6  36     0.23148     0.31103                                   W182
  74 183   6  22    -0.10125     0.06944                                   W183
  74 184   6  22    -0.08254     0.07621                                   W184
  74 185   7  33     0.00135     0.32012                                   W185
  74 186   2  20     0.03259     0.10963                                   W186
  74 187   4  22    -0.20633    -0.00487                                   W187
  74 188   6  23     0.28078     0.61428                                   W188
