  54 114   6  22     0.60675     2.33093                                   Xe114
  54 117   4  22     0.02381     0.22349                                   Xe117
  54 118   6  22     0.25384     0.86539                                   Xe118
  54 119   6  22     0.07295     0.22119                                   Xe119
  54 120   6  15     0.28890     0.76973                                   Xe120
  54 121   6  22     0.03394     0.08615                                   Xe121
  54 122   6  22     0.59336     1.32756                                   Xe122
  54 123   6  22     0.06273     0.14947                                   Xe123
  54 124   6  23     0.32086     0.86700                                   Xe124
  54 125   4  22    -0.01477    -0.01623                                   Xe125
  54 126   6  23     0.24514     0.65338                                   Xe126
  54 127   7  22     0.72972     0.31795                                   Xe127
  54 128   6  23     0.01260     0.03856                                   Xe128
  54 129   6  22     0.00155     0.00019                                   Xe129
  54 130   6  23    -0.03496    -0.14015                                   Xe130
  54 131   6  22     0.18767     0.22998                                   Xe131
  54 132   4  22    -0.03968    -0.16749                                   Xe132
  54 133   2  20     0.07257     0.30718                                   Xe133
  54 134   6  23    -0.04306    -0.12514                                   Xe134
  54 135   4  22     0.70577     0.44174                                   Xe135
  54 136   6  21     0.12075     0.39761                                   Xe136
  54 137   6  22    -0.22224    -0.38691                                   Xe137
  54 138   2  20     0.03657     0.09379                                   Xe138
  54 139   6  22    -0.87370    -0.72358                                   Xe139
