  54 117   4  22    -0.07503     0.13603                                   Xe117
  54 118   6  22     0.29706     0.87880                                   Xe118
  54 119   6  22    -0.03571     0.20967                                   Xe119
  54 120   6  15     0.33750     0.78328                                   Xe120
  54 121   6  22    -0.08497     0.05646                                   Xe121
  54 122   6  15     0.52541     0.95613                                   Xe122
  54 123   6  22    -0.05685     0.12947                                   Xe123
  54 124   6  23     0.18557     0.81909                                   Xe124
  54 125   4  22    -0.18854    -0.07190                                   Xe125
  54 126   6  23     0.10189     0.59868                                   Xe126
  54 127   6  15     0.52089     0.23715                                   Xe127
  54 128   6  15    -0.12510     0.02891                                   Xe128
  54 129   6  22    -0.19479    -0.09656                                   Xe129
  54 130   6  22    -0.19527    -0.25967                                   Xe130
  54 131   4  22    -0.00459     0.15283                                   Xe131
  54 132   4  22    -0.07118    -0.19145                                   Xe132
  54 133   5  17    -0.07161     0.32502                                   Xe133
  54 134   6  23    -0.05576    -0.13212                                   Xe134
  54 135   2  20     0.54913     0.36438                                   Xe135
  54 136   6  21     0.14267     0.41581                                   Xe136
  54 137   6  22    -0.37581    -0.51749                                   Xe137
  54 138   2  20     0.18622     0.18036                                   Xe138
  54 139   6  22    -1.05873    -0.87653                                   Xe139
