  39  80   2  20     0.01952    -0.13991                                   Y080
  39  82   2  20     0.01156     0.12016                                   Y082
  39  83   2  20     0.13337     0.04933                                   Y083
  39  85   2  26    -0.03685    -0.20718                                   Y085
  39  86   2  20     0.32791     0.06513                                   Y086
  39  87   6  36     0.02374     0.05016                                   Y087
  39  88   6  15    -0.00493    -0.01885                                   Y088
  39  89   7  36     0.08571     0.33830                                   Y089
  39  90   7  36     0.18697     0.46281                                   Y090
  39  91   6  23     0.31174     0.75483                                   Y091
  39  93   6  22     0.24863     0.71181                                   Y093
  39  95   6  22     0.53588     1.23277                                   Y095
  39  97   6  22     0.89667     0.93792                                   Y097
  39  99   2  20     0.08072     0.21752                                   Y099
