  70 160   6  22     0.01661     0.18469                                   Yb160
  70 162   6  22     0.20018     0.50232                                   Yb162
  70 164   6  15     0.05953     0.17257                                   Yb164
  70 165   7  33    -0.02240     0.26247                                   Yb165
  70 166   6  15     0.13076     0.19850                                   Yb166
  70 167   6  22    -0.07663     0.09295                                   Yb167
  70 168   6  22     0.06548     0.01934                                   Yb168
  70 169   7  33     0.40911     0.28428                                   Yb169
  70 170   6  22    -0.02022    -0.04533                                   Yb170
  70 171   6  22     0.23599     0.32489                                   Yb171
  70 172   5  38    -0.18027    -0.04951                                   Yb172
  70 173   6  22    -0.10108     0.07495                                   Yb173
  70 174   6  22     0.03436    -0.10611                                   Yb174
  70 175   6  22    -0.27157    -0.17171                                   Yb175
  70 176   6  22     0.18141     0.10921                                   Yb176
  70 177   6  22    -0.22266     0.00858                                   Yb177
  70 178   6  15     0.62247     1.13275                                   Yb178
