  30  60   6  23     0.11501     0.80653                                   Zn060
  30  61   2  20     0.01567     0.16158                                   Zn061
  30  62   2  20     0.03904     0.27746                                   Zn062
  30  63   6  23     0.07290     0.44794                                   Zn063
  30  64   7  36     0.00947     0.06926                                   Zn064
  30  65   7  36     0.30483     0.64154                                   Zn065
  30  66   2  20     0.02236     0.14324                                   Zn066
  30  67   7  36     0.14975     0.53619                                   Zn067
  30  68   6  23     0.16820     0.65895                                   Zn068
  30  69   6  22     0.09189     0.18740                                   Zn069
  30  70   6  23     0.19521     0.77710                                   Zn070
  30  71   6  22     0.60312     1.19350                                   Zn071
  30  72   6  23     0.18132     0.76331                                   Zn072
  30  75   6  22     0.05424     0.16238                                   Zn075
  30  77   6  22     0.36874     0.92224                                   Zn077
