 n-Ac226.res.jendl5.0: Merger of MF1 and MF2                        99 0  0    0
 8.922600+4 2.240840+2          1          1          6          18928 1451    1
 0.000000+0 1.000000+0          0          0          0          68928 1451    2
 1.000000+0 2.000000+7          0          0         10          58928 1451    3
 0.000000+0 0.000000+0          0          0          1          28928 1451    4
 89-Ac-226 JAEA+      EVAL-FEB10 O.Iwamoto, T.Nakagawa, et al.    8928 1451    5
                      DIST-DEC21                       20100303   8928 1451    6
----JENDL-5           MATERIAL 8928                               8928 1451    7
-----INCIDENT NEUTRON DATA                                        8928 1451    8
------ENDF-6 FORMAT                                               8928 1451    9
                                                                  8928 1451   10
                                1        451         12          08928 1451   11
                                2        151          4          08928 1451   12
                                                                  8928 1  099999
                                                                  8928 0  0    0
 8.922600+4 2.240840+2          0          0          1          08928 2151    1
 8.922600+4 1.000000+0          0          0          1          08928 2151    2
 1.000000-5 3.000000-1          0          0          0          08928 2151    3
 1.000000+0 9.998000-1          0          0          0          08928 2151    4
                                                                  8928 2  0    5
                                                                  8928 0  0    0
                                                                     0 0  0    0
                                                                    -1 0  0    0
