 n-Ac227.res.jendl5.0: Merger of MF1 and MF2                        99 0  0    0
 8.922700+4 2.250770+2          1          1          6          18931 1451    1
 0.000000+0 1.000000+0          0          0          0          68931 1451    2
 1.000000+0 2.000000+7          0          0         10          58931 1451    3
 0.000000+0 0.000000+0          0          0          1          28931 1451    4
 89-Ac-227 JAEA+      EVAL-FEB10 O.Iwamoto, T.Nakagawa, et al.    8931 1451    5
                      DIST-DEC21                       20100304   8931 1451    6
----JENDL-5           MATERIAL 8931                               8931 1451    7
-----INCIDENT NEUTRON DATA                                        8931 1451    8
------ENDF-6 FORMAT                                               8931 1451    9
                                                                  8931 1451   10
                                1        451         12          08931 1451   11
                                2        151          4          08931 1451   12
                                                                  8931 1  099999
                                                                  8931 0  0    0
 8.922700+4 2.250770+2          0          0          1          08931 2151    1
 8.922700+4 1.000000+0          0          0          1          08931 2151    2
 1.000000-5 6.000000-1          0          0          0          08931 2151    3
 1.500000+0 9.962000-1          0          0          0          08931 2151    4
                                                                  8931 2  0    5
                                                                  8931 0  0    0
                                                                     0 0  0    0
                                                                    -1 0  0    0
