 n-Ag105.res.jendl5.0: Merger of MF1 and MF2                        99 0  0    0
 4.710500+4 1.040053+2          1          0          6          14719 1451    1
 0.000000+0 1.000000+0          0          0          0          64719 1451    2
 1.000000+0 2.000000+8          0          0         10          54719 1451    3
 0.000000+0 0.000000+0          0          0          1          24719 1451    4
 47-Ag-105 JAEA       EVAL-Sep21 N.Iwamoto                        4719 1451    5
                      DIST-DEC21                       20210920   4719 1451    6
----JENDL-5           MATERIAL 4719                               4719 1451    7
-----INCIDENT NEUTRON DATA                                        4719 1451    8
------ENDF-6 FORMAT                                               4719 1451    9
History                                                           4719 1451   10
                                1        451         12          04719 1451   11
                                2        151          4          04719 1451   12
                                                                  4719 1  099999
                                                                  4719 0  0    0
 4.710500+4 1.040053+2          0          0          1          04719 2151    1
 4.710500+4 1.000000+0          0          0          1          04719 2151    2
 1.000000-5 1.000000+5          0          0          0          04719 2151    3
 5.000000-1 6.602764-1          0          0          0          04719 2151    4
                                                                  4719 2  0    5
                                                                  4719 0  0    0
                                                                     0 0  0    0
                                                                    -1 0  0    0
