 n-Ag108m.res.jendl5.0: Merger of MF1 and MF2                       99 0  0    0
 4.710800+4 1.069790+2          1          0          6          14729 1451    1
 1.094660+5 1.000000+0          2          1          0          64729 1451    2
 1.000000+0 2.000000+8          0          0         10          54729 1451    3
 0.000000+0 0.000000+0          0          0          1          24729 1451    4
 47-Ag-108MJAEA       EVAL-Sep21 N.Iwamoto                        4729 1451    5
                      DIST-DEC21                       20210920   4729 1451    6
----JENDL-5           MATERIAL 4729                               4729 1451    7
-----INCIDENT NEUTRON DATA                                        4729 1451    8
------ENDF-6 FORMAT                                               4729 1451    9
History                                                           4729 1451   10
                                1        451         12          04729 1451   11
                                2        151          4          04729 1451   12
                                                                  4729 1  099999
                                                                  4729 0  0    0
 4.710800+4 1.069790+2          0          0          1          04729 2151    1
 4.710800+4 1.000000+0          0          0          1          04729 2151    2
 1.000000-5 1.000000+5          0          0          0          04729 2151    3
 6.000000+0 6.657510-1          0          0          0          04729 2151    4
                                                                  4729 2  0    5
                                                                  4729 0  0    0
                                                                     0 0  0    0
                                                                    -1 0  0    0
