 n-Am244.res.jendl5.0: Merger of MF1 and MF2                        99 0  0    0
 9.524400+4 2.419680+2          1          1          6          19552 1451    1
 0.000000+0 1.000000+0          0          0          0          69552 1451    2
 1.000000+0 2.000000+7          0          0         10          59552 1451    3
 0.000000+0 0.000000+0          0          0          1          29552 1451    4
 95-Am-244 JAEA+      EVAL-FEB10 O.Iwamoto, T.Nakagawa, et al.    9552 1451    5
                      DIST-DEC21                       20100304   9552 1451    6
----JENDL-5           MATERIAL 9552                               9552 1451    7
-----INCIDENT NEUTRON DATA                                        9552 1451    8
------ENDF-6 FORMAT                                               9552 1451    9
                                                                  9552 1451   10
                                1        451         12          09552 1451   11
                                2        151          4          09552 1451   12
                                                                  9552 1  099999
                                                                  9552 0  0    0
 9.524400+4 2.419680+2          0          0          1          09552 2151    1
 9.524400+4 1.000000+0          0          0          1          09552 2151    2
 1.000000-5 1.500000-1          0          0          0          09552 2151    3
 6.000000+0 9.450000-1          0          0          0          09552 2151    4
                                                                  9552 2  0    5
                                                                  9552 0  0    0
                                                                     0 0  0    0
                                                                    -1 0  0    0
