 n-Am244m.res.jendl5.0: Merger of MF1 and MF2                       99 0  0    0
 9.524400+4 2.419680+2          1          1          6          19553 1451    1
 8.610000+4 1.000000+0          2          1          0          69553 1451    2
 1.000000+0 2.000000+7          0          0         10          59553 1451    3
 0.000000+0 0.000000+0          0          0          1          29553 1451    4
 95-Am-244MJAEA+      EVAL-FEB10 O.Iwamoto, T.Nakagawa, et al.    9553 1451    5
                      DIST-DEC21                       20100304   9553 1451    6
----JENDL-5           MATERIAL 9553                               9553 1451    7
-----INCIDENT NEUTRON DATA                                        9553 1451    8
------ENDF-6 FORMAT                                               9553 1451    9
                                                                  9553 1451   10
                                1        451         12          09553 1451   11
                                2        151          4          09553 1451   12
                                                                  9553 1  099999
                                                                  9553 0  0    0
 9.524400+4 2.419680+2          0          0          1          09553 2151    1
 9.524400+4 1.000000+0          0          0          1          09553 2151    2
 1.000000-5 5.000000-1          0          0          0          09553 2151    3
 1.000000+0 9.440000-1          0          0          0          09553 2151    4
                                                                  9553 2  0    5
                                                                  9553 0  0    0
                                                                     0 0  0    0
                                                                    -1 0  0    0
