 n-Ar041.res.jendl5.0: Merger of MF1 and MF2                        99 0  0    0
 1.804100+4 4.061260+1          1          0          6          21840 1451    1
 0.000000+0 1.000000+0          0          0          0          61840 1451    2
 1.000000+0 2.000000+8          0          0         10          51840 1451    3
 0.000000+0 0.000000+0          0          0          1          21840 1451    4
 18-Ar- 41 JAEA       EVAL-NOV21 F.Minato                         1840 1451    5
                      DIST-DEC21                       20211205   1840 1451    6
----JENDL-5           MATERIAL 1840                               1840 1451    7
-----INCIDENT NEUTRON DATA                                        1840 1451    8
------ENDF-6 FORMAT                                               1840 1451    9
                                                                  1840 1451   10
                                1        451         12          01840 1451   11
                                2        151          4          01840 1451   12
                                                                  1840 1  099999
                                                                  1840 0  0    0
 1.804100+4 4.061260+1          0          0          1          01840 2151    1
 1.804100+4 1.000000+0          0          0          1          01840 2151    2
 1.000000-5 1.000000+5          0          0          0          01840 2151    3
 3.500000+0 5.027906-1          0          0          0          01840 2151    4
                                                                  1840 2  0    5
                                                                  1840 0  0    0
                                                                     0 0  0    0
                                                                    -1 0  0    0
