 n-Ar039.res.jendl5.0: Merger of MF1 and MF2                        99 0  0    0
 1.803900+4 3.862959+1          1          0          6          21834 1451    1
 0.000000+0 1.000000+0          0          0          0          61834 1451    2
 1.000000+0 2.000000+8          0          0         10          51834 1451    3
 0.000000+0 0.000000+0          0          0          1          21834 1451    4
 18-Ar- 39 JAEA       EVAL-OCT21 F.Minato                         1834 1451    5
                      DIST-DEC21                       20211205   1834 1451    6
----JENDL-5           MATERIAL 1834                               1834 1451    7
-----INCIDENT NEUTRON DATA                                        1834 1451    8
------ENDF-6 FORMAT                                               1834 1451    9
                                                                  1834 1451   10
                                1        451         12          01834 1451   11
                                2        151          4          01834 1451   12
                                                                  1834 1  099999
                                                                  1834 0  0    0
 1.803900+4 3.862959+1          0          0          1          01834 2151    1
 1.803900+4 1.000000+0          0          0          1          01834 2151    2
 1.000000-5 1.000000+5          0          0          0          01834 2151    3
 3.500000+0 4.957943-1          0          0          0          01834 2151    4
                                                                  1834 2  0    5
                                                                  1834 0  0    0
                                                                     0 0  0    0
                                                                    -1 0  0    0
