 n-Ar038.res.jendl5.0: Merger of MF1 and MF2                        99 0  0    0
 1.803800+4 3.763661+1          1          0          6          21831 1451    1
 0.000000+0 0.000000+0          0          0          0          61831 1451    2
 1.000000+0 2.000000+8          0          0         10          51831 1451    3
 0.000000+0 0.000000+0          0          0          1          21831 1451    4
 18-Ar- 38 JAEA       EVAL-SEP21 F.Minato                         1831 1451    5
                      DIST-DEC21                       20211205   1831 1451    6
----JENDL-5           MATERIAL 1831                               1831 1451    7
-----INCIDENT NEUTRON DATA                                        1831 1451    8
------ENDF-6 FORMAT                                               1831 1451    9
                                                                  1831 1451   10
                                1        451         12          01831 1451   11
                                2        151          4          01831 1451   12
                                                                  1831 1  099999
                                                                  1831 0  0    0
 1.803800+4 3.763661+1          0          0          1          01831 2151    1
 1.803800+4 1.000000+0          0          0          1          01831 2151    2
 1.000000-5 1.000000+5          0          0          0          01831 2151    3
 0.000000+0 4.922006-1          0          0          0          01831 2151    4
                                                                  1831 2  0    5
                                                                  1831 0  0    0
                                                                     0 0  0    0
                                                                    -1 0  0    0
