 n-Ar036.res.jendl5.0: Merger of MF1 and MF2                        99 0  0    0
 1.803600+4 3.565857+1          1          0          6          21825 1451    1
 0.000000+0 0.000000+0          0          0          0          61825 1451    2
 1.000000+0 2.000000+8          0          0         10          51825 1451    3
 0.000000+0 0.000000+0          0          0          1          21825 1451    4
 18-Ar- 36 JAEA       EVAL-JUL21 F.Minato                         1825 1451    5
                      DIST-DEC21                       20211205   1825 1451    6
----JENDL-5           MATERIAL 1825                               1825 1451    7
-----INCIDENT NEUTRON DATA                                        1825 1451    8
------ENDF-6 FORMAT                                               1825 1451    9
                                                                  1825 1451   10
                                1        451         12          01825 1451   11
                                2        151          4          01825 1451   12
                                                                  1825 1  099999
                                                                  1825 0  0    0
 1.803600+4 3.565857+1          0          0          1          01825 2151    1
 1.803600+4 1.000000+0          0          0          1          01825 2151    2
 1.000000-5 1.000000+5          0          0          0          01825 2151    3
 0.000000+0 4.848490-1          0          0          0          01825 2151    4
                                                                  1825 2  0    5
                                                                  1825 0  0    0
                                                                     0 0  0    0
                                                                    -1 0  0    0
