 n-As071.res.jendl5.0: Merger of MF1 and MF2                        99 0  0    0
 3.307100+4 7.031782+1          1          0          6          13313 1451    1
 0.000000+0 1.000000+0          0          0          0          63313 1451    2
 1.000000+0 2.000000+8          0          0         10          53313 1451    3
 0.000000+0 0.000000+0          0          0          1          23313 1451    4
 33-As- 71 JAEA       EVAL-Sep21 N.Iwamoto                        3313 1451    5
                      DIST-DEC21                       20210920   3313 1451    6
----JENDL-5           MATERIAL 3313                               3313 1451    7
-----INCIDENT NEUTRON DATA                                        3313 1451    8
------ENDF-6 FORMAT                                               3313 1451    9
History                                                           3313 1451   10
                                1        451         12          03313 1451   11
                                2        151          4          03313 1451   12
                                                                  3313 1  099999
                                                                  3313 0  0    0
 3.307100+4 7.031782+1          0          0          1          03313 2151    1
 3.307100+4 1.000000+0          0          0          1          03313 2151    2
 1.000000-5 1.000000+5          0          0          0          03313 2151    3
 2.500000+0 5.893206-1          0          0          0          03313 2151    4
                                                                  3313 2  0    5
                                                                  3313 0  0    0
                                                                     0 0  0    0
                                                                    -1 0  0    0
