 n-Au200m.res.jendl5.0: Merger of MF1 and MF2                       99 0  0    0
 7.920000+4 1.982529+2          1          0          6          17935 1451    1
 9.620000+5 1.000000+0         11          1          0          67935 1451    2
 1.000000+0 2.000000+8          0          0         10          57935 1451    3
 0.000000+0 0.000000+0          0          0          1          27935 1451    4
 79-Au-200MJAEA       EVAL-Sep21 N.Iwamoto                        7935 1451    5
                      DIST-DEC21                       20210920   7935 1451    6
----JENDL-5           MATERIAL 7935                               7935 1451    7
-----INCIDENT NEUTRON DATA                                        7935 1451    8
------ENDF-6 FORMAT                                               7935 1451    9
History                                                           7935 1451   10
                                1        451         12          07935 1451   11
                                2        151          4          07935 1451   12
                                                                  7935 1  099999
                                                                  7935 0  0    0
 7.920000+4 1.982529+2          0          0          1          07935 2151    1
 7.920000+4 1.000000+0          0          0          1          07935 2151    2
 1.000000-5 1.000000+5          0          0          0          07935 2151    3
 1.200000+1 7.993084-1          0          0          0          07935 2151    4
                                                                  7935 2  0    5
                                                                  7935 0  0    0
                                                                     0 0  0    0
                                                                    -1 0  0    0
