 n-Au198.res.jendl5.0: Merger of MF1 and MF2                        99 0  0    0
 7.919800+4 1.962676+2          1          0          6          17928 1451    1
 0.000000+0 1.000000+0          0          0          0          67928 1451    2
 1.000000+0 2.000000+8          0          0         10          57928 1451    3
 0.000000+0 0.000000+0          0          0          1          27928 1451    4
 79-Au-198 JAEA       EVAL-Sep21 N.Iwamoto                        7928 1451    5
                      DIST-DEC21                       20210920   7928 1451    6
----JENDL-5           MATERIAL 7928                               7928 1451    7
-----INCIDENT NEUTRON DATA                                        7928 1451    8
------ENDF-6 FORMAT                                               7928 1451    9
History                                                           7928 1451   10
                                1        451         12          07928 1451   11
                                2        151          4          07928 1451   12
                                                                  7928 1  099999
                                                                  7928 0  0    0
 7.919800+4 1.962676+2          0          0          1          07928 2151    1
 7.919800+4 1.000000+0          0          0          1          07928 2151    2
 1.000000-5 1.000000+5          0          0          0          07928 2151    3
 2.000000+0 7.969026-1          0          0          0          07928 2151    4
                                                                  7928 2  0    5
                                                                  7928 0  0    0
                                                                     0 0  0    0
                                                                    -1 0  0    0
