 n-Au193.res.jendl5.0: Merger of MF1 and MF2                        99 0  0    0
 7.919300+4 1.913065+2          1          0          6          17913 1451    1
 0.000000+0 1.000000+0          0          0          0          67913 1451    2
 1.000000+0 2.000000+8          0          0         10          57913 1451    3
 0.000000+0 0.000000+0          0          0          1          27913 1451    4
 79-Au-193 JAEA       EVAL-Sep21 N.Iwamoto                        7913 1451    5
                      DIST-DEC21                       20210920   7913 1451    6
----JENDL-5           MATERIAL 7913                               7913 1451    7
-----INCIDENT NEUTRON DATA                                        7913 1451    8
------ENDF-6 FORMAT                                               7913 1451    9
History                                                           7913 1451   10
                                1        451         12          07913 1451   11
                                2        151          4          07913 1451   12
                                                                  7913 1  099999
                                                                  7913 0  0    0
 7.919300+4 1.913065+2          0          0          1          07913 2151    1
 7.919300+4 1.000000+0          0          0          1          07913 2151    2
 1.000000-5 1.000000+5          0          0          0          07913 2151    3
 1.500000+0 7.908166-1          0          0          0          07913 2151    4
                                                                  7913 2  0    5
                                                                  7913 0  0    0
                                                                     0 0  0    0
                                                                    -1 0  0    0
