 n-B010.res.jendl5.0: Merger of MF1 and MF2                         99 0  0    0
 5.010000+3 9.926920+0          1          0          6          1 525 1451    1
 0.000000+0 0.000000+0          0          0          0          6 525 1451    2
 1.000000+0 2.000000+7          0          0         10          5 525 1451    3
 0.000000+0 0.000000+0          0          0          1          2 525 1451    4
  5-B - 10 JAERI      EVAL-MAR87 S.CHIBA                           525 1451    5
                      DIST-DEC21                       20101004    525 1451    6
----JENDL-5           MATERIAL  525                                525 1451    7
-----INCIDENT NEUTRON DATA                                         525 1451    8
------ENDF-6 FORMAT                                                525 1451    9
                                                                   525 1451   10
                                1        451         12          0 525 1451   11
                                2        151          4          0 525 1451   12
                                                                   525 1  099999
                                                                   525 0  0    0
 5.010000+3 9.926920+0          0          0          1          0 525 2151    1
 5.010000+3 1.000000+0          0          0          1          0 525 2151    2
 1.000000-5 1.000000+4          0          0          0          0 525 2151    3
 3.000000+0 4.100000-1          0          0          0          0 525 2151    4
                                                                   525 2  0    5
                                                                   525 0  0    0
                                                                     0 0  0    0
                                                                    -1 0  0    0
