 n-Ba133m.res.jendl5.0: Merger of MF1 and MF2                       99 0  0    0
 5.613300+4 1.317643+2          1          0          6          15635 1451    1
 2.882520+5 1.000000+0          2          1          0          65635 1451    2
 1.000000+0 2.000000+8          0          0         10          55635 1451    3
 0.000000+0 0.000000+0          0          0          1          25635 1451    4
 56-Ba-133MJAEA       EVAL-Oct21 N.Iwamoto                        5635 1451    5
                      DIST-DEC21                       20211029   5635 1451    6
----JENDL-5           MATERIAL 5635                               5635 1451    7
-----INCIDENT NEUTRON DATA                                        5635 1451    8
------ENDF-6 FORMAT                                               5635 1451    9
History                                                           5635 1451   10
                                1        451         12          05635 1451   11
                                2        151          4          05635 1451   12
                                                                  5635 1  099999
                                                                  5635 0  0    0
 5.613300+4 1.317643+2          0          0          1          05635 2151    1
 5.613300+4 1.000000+0          0          0          1          05635 2151    2
 1.000000-5 1.000000+5          0          0          0          05635 2151    3
 5.500000+0 5.200000-1          0          0          0          05635 2151    4
                                                                  5635 2  0    5
                                                                  5635 0  0    0
                                                                     0 0  0    0
                                                                    -1 0  0    0
