 n-Ba139.res.jendl5.0: Merger of MF1 and MF2                        99 0  0    0
 5.613900+4 1.377155+2          1          0          6          15652 1451    1
 0.000000+0 1.000000+0          0          0          0          65652 1451    2
 1.000000+0 2.000000+8          0          0         10          55652 1451    3
 0.000000+0 0.000000+0          0          0          1          25652 1451    4
 56-Ba-139 JAEA       EVAL-Oct21 N.Iwamoto                        5652 1451    5
                      DIST-DEC21                       20211029   5652 1451    6
----JENDL-5           MATERIAL 5652                               5652 1451    7
-----INCIDENT NEUTRON DATA                                        5652 1451    8
------ENDF-6 FORMAT                                               5652 1451    9
History                                                           5652 1451   10
                                1        451         12          05652 1451   11
                                2        151          4          05652 1451   12
                                                                  5652 1  099999
                                                                  5652 0  0    0
 5.613900+4 1.377155+2          0          0          1          05652 2151    1
 5.613900+4 1.000000+0          0          0          1          05652 2151    2
 1.000000-5 1.000000+5          0          0          0          05652 2151    3
 3.500000+0 5.600000-1          0          0          0          05652 2151    4
                                                                  5652 2  0    5
                                                                  5652 0  0    0
                                                                     0 0  0    0
                                                                    -1 0  0    0
