 n-Ba129.res.jendl5.0: Merger of MF1 and MF2                        99 0  0    0
 5.612900+4 1.278013+2          1          0          6          15622 1451    1
 0.000000+0 1.000000+0          0          0          0          65622 1451    2
 1.000000+0 2.000000+8          0          0         10          55622 1451    3
 0.000000+0 0.000000+0          0          0          1          25622 1451    4
 56-Ba-129 JAEA       EVAL-Oct21 N.Iwamoto                        5622 1451    5
                      DIST-DEC21                       20211029   5622 1451    6
----JENDL-5           MATERIAL 5622                               5622 1451    7
-----INCIDENT NEUTRON DATA                                        5622 1451    8
------ENDF-6 FORMAT                                               5622 1451    9
History                                                           5622 1451   10
                                1        451         12          05622 1451   11
                                2        151          4          05622 1451   12
                                                                  5622 1  099999
                                                                  5622 0  0    0
 5.612900+4 1.278013+2          0          0          1          05622 2151    1
 5.612900+4 1.000000+0          0          0          1          05622 2151    2
 1.000000-5 1.000000+5          0          0          0          05622 2151    3
 5.000000-1 5.100000-1          0          0          0          05622 2151    4
                                                                  5622 2  0    5
                                                                  5622 0  0    0
                                                                     0 0  0    0
                                                                    -1 0  0    0
