 n-Ba128.res.jendl5.0: Merger of MF1 and MF2                        99 0  0    0
 5.612800+4 1.268095+2          1          0          6          15619 1451    1
 0.000000+0 1.000000+0          0          0          0          65619 1451    2
 1.000000+0 2.000000+8          0          0         10          55619 1451    3
 0.000000+0 0.000000+0          0          0          1          25619 1451    4
 56-Ba-128 JAEA       EVAL-Oct21 N.Iwamoto                        5619 1451    5
                      DIST-DEC21                       20211029   5619 1451    6
----JENDL-5           MATERIAL 5619                               5619 1451    7
-----INCIDENT NEUTRON DATA                                        5619 1451    8
------ENDF-6 FORMAT                                               5619 1451    9
History                                                           5619 1451   10
                                1        451         12          05619 1451   11
                                2        151          4          05619 1451   12
                                                                  5619 1  099999
                                                                  5619 0  0    0
 5.612800+4 1.268095+2          0          0          1          05619 2151    1
 5.612800+4 1.000000+0          0          0          1          05619 2151    2
 1.000000-5 1.000000+5          0          0          0          05619 2151    3
 0.000000+0 5.100000-1          0          0          0          05619 2151    4
                                                                  5619 2  0    5
                                                                  5619 0  0    0
                                                                     0 0  0    0
                                                                    -1 0  0    0
