 n-Ba131.res.jendl5.0: Merger of MF1 and MF2                        99 0  0    0
 5.613100+4 1.297824+2          1          0          6          15628 1451    1
 0.000000+0 1.000000+0          0          0          0          65628 1451    2
 1.000000+0 2.000000+8          0          0         10          55628 1451    3
 0.000000+0 0.000000+0          0          0          1          25628 1451    4
 56-Ba-131 JAEA       EVAL-Oct21 N.Iwamoto                        5628 1451    5
                      DIST-DEC21                       20211029   5628 1451    6
----JENDL-5           MATERIAL 5628                               5628 1451    7
-----INCIDENT NEUTRON DATA                                        5628 1451    8
------ENDF-6 FORMAT                                               5628 1451    9
History                                                           5628 1451   10
                                1        451         12          05628 1451   11
                                2        151          4          05628 1451   12
                                                                  5628 1  099999
                                                                  5628 0  0    0
 5.613100+4 1.297824+2          0          0          1          05628 2151    1
 5.613100+4 1.000000+0          0          0          1          05628 2151    2
 1.000000-5 1.000000+5          0          0          0          05628 2151    3
 5.000000-1 5.100000-1          0          0          0          05628 2151    4
                                                                  5628 2  0    5
                                                                  5628 0  0    0
                                                                     0 0  0    0
                                                                    -1 0  0    0
