 n-Bi203.res.jendl5.0: Merger of MF1 and MF2                        99 0  0    0
 8.320300+4 2.012332+2          1          0          6          18307 1451    1
 0.000000+0 1.000000+0          0          0          0          68307 1451    2
 1.000000+0 2.000000+8          0          0         10          58307 1451    3
 0.000000+0 0.000000+0          0          0          1          28307 1451    4
 83-Bi-203 JAEA       EVAL-Sep21 N.Iwamoto                        8307 1451    5
                      DIST-DEC21                       20210920   8307 1451    6
----JENDL-5           MATERIAL 8307                               8307 1451    7
-----INCIDENT NEUTRON DATA                                        8307 1451    8
------ENDF-6 FORMAT                                               8307 1451    9
History                                                           8307 1451   10
                                1        451         12          08307 1451   11
                                2        151          4          08307 1451   12
                                                                  8307 1  099999
                                                                  8307 0  0    0
 8.320300+4 2.012332+2          0          0          1          08307 2151    1
 8.320300+4 1.000000+0          0          0          1          08307 2151    2
 1.000000-5 1.000000+5          0          0          0          08307 2151    3
 4.500000+0 8.028871-1          0          0          0          08307 2151    4
                                                                  8307 2  0    5
                                                                  8307 0  0    0
                                                                     0 0  0    0
                                                                    -1 0  0    0
