 n-Bi207.res.jendl5.0: Merger of MF1 and MF2                        99 0  0    0
 8.320700+4 2.052004+2          1          0          6          18319 1451    1
 0.000000+0 1.000000+0          0          0          0          68319 1451    2
 1.000000+0 2.000000+8          0          0         10          58319 1451    3
 0.000000+0 0.000000+0          0          0          1          28319 1451    4
 83-Bi-207 JAEA       EVAL-Sep21 N.Iwamoto                        8319 1451    5
                      DIST-DEC21                       20210920   8319 1451    6
----JENDL-5           MATERIAL 8319                               8319 1451    7
-----INCIDENT NEUTRON DATA                                        8319 1451    8
------ENDF-6 FORMAT                                               8319 1451    9
History                                                           8319 1451   10
                                1        451         12          08319 1451   11
                                2        151          4          08319 1451   12
                                                                  8319 1  099999
                                                                  8319 0  0    0
 8.320700+4 2.052004+2          0          0          1          08319 2151    1
 8.320700+4 1.000000+0          0          0          1          08319 2151    2
 1.000000-5 1.000000+5          0          0          0          08319 2151    3
 4.500000+0 8.076042-1          0          0          0          08319 2151    4
                                                                  8319 2  0    5
                                                                  8319 0  0    0
                                                                     0 0  0    0
                                                                    -1 0  0    0
