 n-Bk246.res.jendl5.0: Merger of MF1 and MF2                        99 0  0    0
 9.724600+4 2.439550+2          1          1          6          19743 1451    1
 0.000000+0 1.000000+0          0          0          0          69743 1451    2
 1.000000+0 2.000000+7          0          0         10          59743 1451    3
 0.000000+0 0.000000+0          0          0          1          29743 1451    4
 97-Bk-246 JAEA+      EVAL-FEB10 O.Iwamoto, T.Nakagawa, et al.    9743 1451    5
                      DIST-DEC21                       20100304   9743 1451    6
----JENDL-5           MATERIAL 9743                               9743 1451    7
-----INCIDENT NEUTRON DATA                                        9743 1451    8
------ENDF-6 FORMAT                                               9743 1451    9
                                                                  9743 1451   10
                                1        451         12          09743 1451   11
                                2        151          4          09743 1451   12
                                                                  9743 1  099999
                                                                  9743 0  0    0
 9.724600+4 2.439550+2          0          0          1          09743 2151    1
 9.724600+4 1.000000+0          0          0          1          09743 2151    2
 1.000000-5 2.500000-1          0          0          0          09743 2151    3
 2.000000+0 9.000000-1          0          0          0          09743 2151    4
                                                                  9743 2  0    5
                                                                  9743 0  0    0
                                                                     0 0  0    0
                                                                    -1 0  0    0
