 n-Bk250.res.jendl5.0: Merger of MF1 and MF2                        99 0  0    0
 9.725000+4 2.479300+2          1          1          6          19755 1451    1
 0.000000+0 1.000000+0          0          0          0          69755 1451    2
 1.000000+0 2.000000+7          0          0         10          59755 1451    3
 0.000000+0 0.000000+0          0          0          1          29755 1451    4
 97-Bk-250 JAEA+      EVAL-FEB10 O.Iwamoto, T.Nakagawa, et al.    9755 1451    5
                      DIST-DEC21                       20100303   9755 1451    6
----JENDL-5           MATERIAL 9755                               9755 1451    7
-----INCIDENT NEUTRON DATA                                        9755 1451    8
------ENDF-6 FORMAT                                               9755 1451    9
                                                                  9755 1451   10
                                1        451         12          09755 1451   11
                                2        151          4          09755 1451   12
                                                                  9755 1  099999
                                                                  9755 0  0    0
 9.725000+4 2.479300+2          0          0          1          09755 2151    1
 9.725000+4 1.000000+0          0          0          1          09755 2151    2
 1.000000-5 4.000000-1          0          0          0          09755 2151    3
 2.000000+0 8.779000-1          0          0          0          09755 2151    4
                                                                  9755 2  0    5
                                                                  9755 0  0    0
                                                                     0 0  0    0
                                                                    -1 0  0    0
