 n-C013.res.jendl5.0: Merger of MF1 and MF2                         99 0  0    0
 6.013000+3 1.289165+1          1          0          6          1 628 1451    1
 0.000000+0 0.000000+0          0          0          0          6 628 1451    2
 1.000000+0 2.000000+8          0          0         10          5 628 1451    3
 0.000000+0 0.000000+0          0          0          1          2 628 1451    4
  6-C - 13 JAEA       EVAL-Apr21 N.Iwamoto,S.Kunieda               628 1451    5
                      DIST-DEC21                       20210401    628 1451    6
----JENDL-5           MATERIAL  628                                628 1451    7
-----INCIDENT NEUTRON DATA                                         628 1451    8
------ENDF-6 FORMAT                                                628 1451    9
                                                                   628 1451   10
                                1        451         12          0 628 1451   11
                                2        151          4          0 628 1451   12
                                                                   628 1  099999
                                                                   628 0  0    0
 6.013000+3 1.289165+1          0          0          1          0 628 2151    1
 6.013000+3 1.000000+0          0          0          1          0 628 2151    2
 1.000000-5 6.950000+6          0          0          0          0 628 2151    3
 5.000000-1 4.690000-1          0          0          0          0 628 2151    4
                                                                   628 2  0    5
                                                                   628 0  0    0
                                                                     0 0  0    0
                                                                    -1 0  0    0
