 n-Ca047.res.jendl5.0: Merger of MF1 and MF2                        99 0  0    0
 2.004700+4 4.655118+1          1          0          6          12046 1451    1
 0.000000+0 1.000000+0          0          0          0          62046 1451    2
 1.000000+0 2.000000+8          0          0         10          52046 1451    3
 0.000000+0 0.000000+0          0          0          1          22046 1451    4
 20-Ca- 47 JAEA       EVAL-Sep21 N.Iwamoto                        2046 1451    5
                      DIST-DEC21                       20210920   2046 1451    6
----JENDL-5           MATERIAL 2046                               2046 1451    7
-----INCIDENT NEUTRON DATA                                        2046 1451    8
------ENDF-6 FORMAT                                               2046 1451    9
History                                                           2046 1451   10
                                1        451         12          02046 1451   11
                                2        151          4          02046 1451   12
                                                                  2046 1  099999
                                                                  2046 0  0    0
 2.004700+4 4.655118+1          0          0          1          02046 2151    1
 2.004700+4 1.000000+0          0          0          1          02046 2151    2
 1.000000-5 1.000000+5          0          0          0          02046 2151    3
 3.500000+0 5.238856-1          0          0          0          02046 2151    4
                                                                  2046 2  0    5
                                                                  2046 0  0    0
                                                                     0 0  0    0
                                                                    -1 0  0    0
