 n-Ca045.res.jendl5.0: Merger of MF1 and MF2                        99 0  0    0
 2.004500+4 4.456999+1          1          0          6          12040 1451    1
 0.000000+0 1.000000+0          0          0          0          62040 1451    2
 1.000000+0 2.000000+8          0          0         10          52040 1451    3
 0.000000+0 0.000000+0          0          0          1          22040 1451    4
 20-Ca- 45 JAEA       EVAL-Sep21 N.Iwamoto                        2040 1451    5
                      DIST-DEC21                       20210920   2040 1451    6
----JENDL-5           MATERIAL 2040                               2040 1451    7
-----INCIDENT NEUTRON DATA                                        2040 1451    8
------ENDF-6 FORMAT                                               2040 1451    9
History                                                           2040 1451   10
                                1        451         12          02040 1451   11
                                2        151          4          02040 1451   12
                                                                  2040 1  099999
                                                                  2040 0  0    0
 2.004500+4 4.456999+1          0          0          1          02040 2151    1
 2.004500+4 1.000000+0          0          0          1          02040 2151    2
 1.000000-5 1.000000+5          0          0          0          02040 2151    3
 3.500000+0 5.174979-1          0          0          0          02040 2151    4
                                                                  2040 2  0    5
                                                                  2040 0  0    0
                                                                     0 0  0    0
                                                                    -1 0  0    0
