 n-Ca041.res.jendl5.0: Merger of MF1 and MF2                        99 0  0    0
 2.004100+4 4.061039+1          1          0          6          12028 1451    1
 0.000000+0 1.000000+0          0          0          0          62028 1451    2
 1.000000+0 2.000000+8          0          0         10          52028 1451    3
 0.000000+0 0.000000+0          0          0          1          22028 1451    4
 20-Ca- 41 JAEA       EVAL-Nov21 N.Iwamoto                        2028 1451    5
                      DIST-DEC21                       20211111   2028 1451    6
----JENDL-5           MATERIAL 2028                               2028 1451    7
-----INCIDENT NEUTRON DATA                                        2028 1451    8
------ENDF-6 FORMAT                                               2028 1451    9
                                                                  2028 1451   10
                                1        451         12          02028 1451   11
                                2        151          4          02028 1451   12
                                                                  2028 1  099999
                                                                  2028 0  0    0
 2.004100+4 4.061039+1          0          0          1          02028 2151    1
 2.004100+4 1.000000+0          0          0          1          02028 2151    2
 1.000000-5 6.000000+4          0          0          0          02028 2151    3
 3.500000+0 5.027830-1          0          0          0          02028 2151    4
                                                                  2028 2  0    5
                                                                  2028 0  0    0
                                                                     0 0  0    0
                                                                    -1 0  0    0
