 n-Cd115.res.jendl5.0: Merger of MF1 and MF2                        99 0  0    0
 4.811500+4 1.139183+2          1          0          6          14852 1451    1
 0.000000+0 1.000000+0          0          0          0          64852 1451    2
 1.000000+0 2.000000+8          0          0         10          54852 1451    3
 0.000000+0 0.000000+0          0          0          1          24852 1451    4
 48-Cd-115 JAEA       EVAL-Sep21 N.Iwamoto                        4852 1451    5
                      DIST-DEC21                       20210920   4852 1451    6
----JENDL-5           MATERIAL 4852                               4852 1451    7
-----INCIDENT NEUTRON DATA                                        4852 1451    8
------ENDF-6 FORMAT                                               4852 1451    9
History                                                           4852 1451   10
                                1        451         12          04852 1451   11
                                2        151          4          04852 1451   12
                                                                  4852 1  099999
                                                                  4852 0  0    0
 4.811500+4 1.139183+2          0          0          1          04852 2151    1
 4.811500+4 1.000000+0          0          0          1          04852 2151    2
 1.000000-5 1.000000+5          0          0          0          04852 2151    3
 5.000000-1 6.781421-1          0          0          0          04852 2151    4
                                                                  4852 2  0    5
                                                                  4852 0  0    0
                                                                     0 0  0    0
                                                                    -1 0  0    0
