 n-Cd115m.res.jendl5.0: Merger of MF1 and MF2                       99 0  0    0
 4.811500+4 1.139183+2          1          0          6          14853 1451    1
 1.810000+5 1.000000+0          1          1          0          64853 1451    2
 1.000000+0 2.000000+8          0          0         10          54853 1451    3
 0.000000+0 0.000000+0          0          0          1          24853 1451    4
 48-Cd-115MJAEA       EVAL-Sep21 N.Iwamoto                        4853 1451    5
                      DIST-DEC21                       20210920   4853 1451    6
----JENDL-5           MATERIAL 4853                               4853 1451    7
-----INCIDENT NEUTRON DATA                                        4853 1451    8
------ENDF-6 FORMAT                                               4853 1451    9
History                                                           4853 1451   10
                                1        451         12          04853 1451   11
                                2        151          4          04853 1451   12
                                                                  4853 1  099999
                                                                  4853 0  0    0
 4.811500+4 1.139183+2          0          0          1          04853 2151    1
 4.811500+4 1.000000+0          0          0          1          04853 2151    2
 1.000000-5 1.000000+5          0          0          0          04853 2151    3
 5.500000+0 6.781421-1          0          0          0          04853 2151    4
                                                                  4853 2  0    5
                                                                  4853 0  0    0
                                                                     0 0  0    0
                                                                    -1 0  0    0
