 n-Ce139.res.jendl5.0: Merger of MF1 and MF2                        99 0  0    0
 5.813900+4 1.377134+2          1          0          6          15834 1451    1
 0.000000+0 1.000000+0          0          0          0          65834 1451    2
 1.000000+0 2.000000+8          0          0         10          55834 1451    3
 0.000000+0 0.000000+0          0          0          1          25834 1451    4
 58-Ce-139 JAEA       EVAL-Sep21 N.Iwamoto                        5834 1451    5
                      DIST-DEC21                       20210920   5834 1451    6
----JENDL-5           MATERIAL 5834                               5834 1451    7
-----INCIDENT NEUTRON DATA                                        5834 1451    8
------ENDF-6 FORMAT                                               5834 1451    9
History                                                           5834 1451   10
                                1        451         12          05834 1451   11
                                2        151          4          05834 1451   12
                                                                  5834 1  099999
                                                                  5834 0  0    0
 5.813900+4 1.377134+2          0          0          1          05834 2151    1
 5.813900+4 1.000000+0          0          0          1          05834 2151    2
 1.000000-5 1.000000+5          0          0          0          05834 2151    3
 1.500000+0 7.171525-1          0          0          0          05834 2151    4
                                                                  5834 2  0    5
                                                                  5834 0  0    0
                                                                     0 0  0    0
                                                                    -1 0  0    0
