 n-Ce135.res.jendl5.0: Merger of MF1 and MF2                        99 0  0    0
 5.813500+4 1.337502+2          1          0          6          15822 1451    1
 0.000000+0 1.000000+0          0          0          0          65822 1451    2
 1.000000+0 2.000000+8          0          0         10          55822 1451    3
 0.000000+0 0.000000+0          0          0          1          25822 1451    4
 58-Ce-135 JAEA       EVAL-Sep21 N.Iwamoto                        5822 1451    5
                      DIST-DEC21                       20210920   5822 1451    6
----JENDL-5           MATERIAL 5822                               5822 1451    7
-----INCIDENT NEUTRON DATA                                        5822 1451    8
------ENDF-6 FORMAT                                               5822 1451    9
History                                                           5822 1451   10
                                1        451         12          05822 1451   11
                                2        151          4          05822 1451   12
                                                                  5822 1  099999
                                                                  5822 0  0    0
 5.813500+4 1.337502+2          0          0          1          05822 2151    1
 5.813500+4 1.000000+0          0          0          1          05822 2151    2
 1.000000-5 1.000000+5          0          0          0          05822 2151    3
 5.000000-1 7.109811-1          0          0          0          05822 2151    4
                                                                  5822 2  0    5
                                                                  5822 0  0    0
                                                                     0 0  0    0
                                                                    -1 0  0    0
