 n-Ce134.res.jendl5.0: Merger of MF1 and MF2                        99 0  0    0
 5.813400+4 1.327586+2          1          0          6          15819 1451    1
 0.000000+0 1.000000+0          0          0          0          65819 1451    2
 1.000000+0 2.000000+8          0          0         10          55819 1451    3
 0.000000+0 0.000000+0          0          0          1          25819 1451    4
 58-Ce-134 JAEA       EVAL-Sep21 N.Iwamoto                        5819 1451    5
                      DIST-DEC21                       20210920   5819 1451    6
----JENDL-5           MATERIAL 5819                               5819 1451    7
-----INCIDENT NEUTRON DATA                                        5819 1451    8
------ENDF-6 FORMAT                                               5819 1451    9
History                                                           5819 1451   10
                                1        451         12          05819 1451   11
                                2        151          4          05819 1451   12
                                                                  5819 1  099999
                                                                  5819 0  0    0
 5.813400+4 1.327586+2          0          0          1          05819 2151    1
 5.813400+4 1.000000+0          0          0          1          05819 2151    2
 1.000000-5 1.000000+5          0          0          0          05819 2151    3
 0.000000+0 7.094193-1          0          0          0          05819 2151    4
                                                                  5819 2  0    5
                                                                  5819 0  0    0
                                                                     0 0  0    0
                                                                    -1 0  0    0
