 n-Ce137m.res.jendl5.0: Merger of MF1 and MF2                       99 0  0    0
 5.813700+4 1.357317+2          1          0          6          15829 1451    1
 2.542900+5 1.000000+0          2          1          0          65829 1451    2
 1.000000+0 2.000000+8          0          0         10          55829 1451    3
 0.000000+0 0.000000+0          0          0          1          25829 1451    4
 58-Ce-137MJAEA       EVAL-Sep21 N.Iwamoto                        5829 1451    5
                      DIST-DEC21                       20210920   5829 1451    6
----JENDL-5           MATERIAL 5829                               5829 1451    7
-----INCIDENT NEUTRON DATA                                        5829 1451    8
------ENDF-6 FORMAT                                               5829 1451    9
History                                                           5829 1451   10
                                1        451         12          05829 1451   11
                                2        151          4          05829 1451   12
                                                                  5829 1  099999
                                                                  5829 0  0    0
 5.813700+4 1.357317+2          0          0          1          05829 2151    1
 5.813700+4 1.000000+0          0          0          1          05829 2151    2
 1.000000-5 1.000000+5          0          0          0          05829 2151    3
 5.500000+0 7.140818-1          0          0          0          05829 2151    4
                                                                  5829 2  0    5
                                                                  5829 0  0    0
                                                                     0 0  0    0
                                                                    -1 0  0    0
