 n-Cf246.res.jendl5.0: Merger of MF1 and MF2                        99 0  0    0
 9.824600+4 2.439550+2          1          1          6          19843 1451    1
 0.000000+0 1.000000+0          0          0          0          69843 1451    2
 1.000000+0 2.000000+7          0          0         10          59843 1451    3
 0.000000+0 0.000000+0          0          0          1          29843 1451    4
 98-Cf-246 JAEA+      EVAL-FEB10 O.Iwamoto, T.Nakagawa, et al.    9843 1451    5
                      DIST-DEC21                       20100304   9843 1451    6
----JENDL-5           MATERIAL 9843                               9843 1451    7
-----INCIDENT NEUTRON DATA                                        9843 1451    8
------ENDF-6 FORMAT                                               9843 1451    9
                                                                  9843 1451   10
                                1        451         12          09843 1451   11
                                2        151          4          09843 1451   12
                                                                  9843 1  099999
                                                                  9843 0  0    0
 9.824600+4 2.439550+2          0          0          1          09843 2151    1
 9.824600+4 1.000000+0          0          0          1          09843 2151    2
 1.000000-5 4.000000+0          0          0          0          09843 2151    3
 0.000000+0 9.164000-1          0          0          0          09843 2151    4
                                                                  9843 2  0    5
                                                                  9843 0  0    0
                                                                     0 0  0    0
                                                                    -1 0  0    0
