 n-Cf248.res.jendl5.0: Merger of MF1 and MF2                        99 0  0    0
 9.824800+4 2.459410+2          1          1          6          19849 1451    1
 0.000000+0 1.000000+0          0          0          0          69849 1451    2
 1.000000+0 2.000000+7          0          0         10          59849 1451    3
 0.000000+0 0.000000+0          0          0          1          29849 1451    4
 98-Cf-248 JAEA+      EVAL-FEB10 O.Iwamoto, T.Nakagawa, et al.    9849 1451    5
                      DIST-DEC21                       20100304   9849 1451    6
----JENDL-5           MATERIAL 9849                               9849 1451    7
-----INCIDENT NEUTRON DATA                                        9849 1451    8
------ENDF-6 FORMAT                                               9849 1451    9
                                                                  9849 1451   10
                                1        451         12          09849 1451   11
                                2        151          4          09849 1451   12
                                                                  9849 1  099999
                                                                  9849 0  0    0
 9.824800+4 2.459410+2          0          0          1          09849 2151    1
 9.824800+4 1.000000+0          0          0          1          09849 2151    2
 1.000000-5 7.000000+0          0          0          0          09849 2151    3
 0.000000+0 9.200000-1          0          0          0          09849 2151    4
                                                                  9849 2  0    5
                                                                  9849 0  0    0
                                                                     0 0  0    0
                                                                    -1 0  0    0
