 n-Cf254.res.jendl5.0: Merger of MF1 and MF2                        99 0  0    0
 9.825400+4 2.519050+2          1          1          6          19867 1451    1
 0.000000+0 1.000000+0          0          0          0          69867 1451    2
 1.000000+0 2.000000+7          0          0         10          59867 1451    3
 0.000000+0 0.000000+0          0          0          1          29867 1451    4
 98-Cf-254 JAEA+      EVAL-FEB10 O.Iwamoto, T.Nakagawa, et al.    9867 1451    5
                      DIST-DEC21                       20100304   9867 1451    6
----JENDL-5           MATERIAL 9867                               9867 1451    7
-----INCIDENT NEUTRON DATA                                        9867 1451    8
------ENDF-6 FORMAT                                               9867 1451    9
                                                                  9867 1451   10
                                1        451         12          09867 1451   11
                                2        151          4          09867 1451   12
                                                                  9867 1  099999
                                                                  9867 0  0    0
 9.825400+4 2.519050+2          0          0          1          09867 2151    1
 9.825400+4 1.000000+0          0          0          1          09867 2151    2
 1.000000-5 1.300000+1          0          0          0          09867 2151    3
 0.000000+0 8.096550-1          0          0          0          09867 2151    4
                                                                  9867 2  0    5
                                                                  9867 0  0    0
                                                                     0 0  0    0
                                                                    -1 0  0    0
