 n-Cf253.res.jendl5.0: Merger of MF1 and MF2                        99 0  0    0
 9.825300+4 2.509110+2          1          1          6          19864 1451    1
 0.000000+0 1.000000+0          0          0          0          69864 1451    2
 1.000000+0 2.000000+7          0          0         10          59864 1451    3
 0.000000+0 0.000000+0          0          0          1          29864 1451    4
 98-Cf-253 JAEA+      EVAL-FEB10 O.Iwamoto, T.Nakagawa, et al.    9864 1451    5
                      DIST-DEC21                       20100304   9864 1451    6
----JENDL-5           MATERIAL 9864                               9864 1451    7
-----INCIDENT NEUTRON DATA                                        9864 1451    8
------ENDF-6 FORMAT                                               9864 1451    9
                                                                  9864 1451   10
                                1        451         12          09864 1451   11
                                2        151          4          09864 1451   12
                                                                  9864 1  099999
                                                                  9864 0  0    0
 9.825300+4 2.509110+2          0          0          1          09864 2151    1
 9.825300+4 1.000000+0          0          0          1          09864 2151    2
 1.000000-5 6.000000-1          0          0          0          09864 2151    3
 3.500000+0 9.135000-1          0          0          0          09864 2151    4
                                                                  9864 2  0    5
                                                                  9864 0  0    0
                                                                     0 0  0    0
                                                                    -1 0  0    0
