 n-Cl036.res.jendl5.0: Merger of MF1 and MF2                        99 0  0    0
 1.703600+4 3.565932+1          1          0          6          11728 1451    1
 0.000000+0 1.000000+0          0          0          0          61728 1451    2
 1.000000+0 2.000000+8          0          0         10          51728 1451    3
 0.000000+0 0.000000+0          0          0          1          21728 1451    4
 17-Cl- 36 JAEA       EVAL-Oct20 N.Iwamoto                        1728 1451    5
                      DIST-DEC21                       20201031   1728 1451    6
----JENDL-5           MATERIAL 1728                               1728 1451    7
-----INCIDENT NEUTRON DATA                                        1728 1451    8
------ENDF-6 FORMAT                                               1728 1451    9
                                                                  1728 1451   10
                                1        451         12          01728 1451   11
                                2        151          4          01728 1451   12
                                                                  1728 1  099999
                                                                  1728 0  0    0
 1.703600+4 3.565932+1          0          0          1          01728 2151    1
 1.703600+4 1.000000+0          0          0          1          01728 2151    2
 1.000000-5 8.300000+4          0          0          0          01728 2151    3
 2.000000+0 3.900000-1          0          0          0          01728 2151    4
                                                                  1728 2  0    5
                                                                  1728 0  0    0
                                                                     0 0  0    0
                                                                    -1 0  0    0
