 n-Cm240.res.jendl5.0: Merger of MF1 and MF2                        99 0  0    0
 9.624000+4 2.379930+2          1          1          6          19625 1451    1
 0.000000+0 1.000000+0          0          0          0          69625 1451    2
 1.000000+0 2.000000+7          0          0         10          59625 1451    3
 0.000000+0 0.000000+0          0          0          1          29625 1451    4
 96-Cm-240 JAEA+      EVAL-FEB10 O.Iwamoto, T.Nakagawa, et al.    9625 1451    5
                      DIST-DEC21                       20100304   9625 1451    6
----JENDL-5           MATERIAL 9625                               9625 1451    7
-----INCIDENT NEUTRON DATA                                        9625 1451    8
------ENDF-6 FORMAT                                               9625 1451    9
                                                                  9625 1451   10
                                1        451         12          09625 1451   11
                                2        151          4          09625 1451   12
                                                                  9625 1  099999
                                                                  9625 0  0    0
 9.624000+4 2.379930+2          0          0          1          09625 2151    1
 9.624000+4 1.000000+0          0          0          1          09625 2151    2
 1.000000-5 3.200000+0          0          0          0          09625 2151    3
 0.000000+0 9.290000-1          0          0          0          09625 2151    4
                                                                  9625 2  0    5
                                                                  9625 0  0    0
                                                                     0 0  0    0
                                                                    -1 0  0    0
