 n-Co058.res.jendl5.0: Merger of MF1 and MF2                        99 0  0    0
 2.705800+4 5.743806+1          1          0          6          12722 1451    1
 0.000000+0 1.000000+0          0          0          0          62722 1451    2
 1.000000+0 2.000000+8          0          0         10          52722 1451    3
 0.000000+0 0.000000+0          0          0          1          22722 1451    4
 27-Co- 58 JAEA       EVAL-Jan21 N.Iwamoto                        2722 1451    5
                      DIST-DEC21                       20210131   2722 1451    6
----JENDL-5           MATERIAL 2722                               2722 1451    7
-----INCIDENT NEUTRON DATA                                        2722 1451    8
------ENDF-6 FORMAT                                               2722 1451    9
                                                                  2722 1451   10
                                1        451         12          02722 1451   11
                                2        151          4          02722 1451   12
                                                                  2722 1  099999
                                                                  2722 0  0    0
 2.705800+4 5.743806+1          0          0          1          02722 2151    1
 2.705800+4 1.000000+0          0          0          1          02722 2151    2
 1.000000-5 1.000000+5          0          0          0          02722 2151    3
 2.000000+0 6.650000-1          0          0          0          02722 2151    4
                                                                  2722 2  0    5
                                                                  2722 0  0    0
                                                                     0 0  0    0
                                                                    -1 0  0    0
