 n-Co057.res.jendl5.0: Merger of MF1 and MF2                        99 0  0    0
 2.705700+4 5.644718+1          1          0          6          12719 1451    1
 0.000000+0 1.000000+0          0          0          0          62719 1451    2
 1.000000+0 2.000000+8          0          0         10          52719 1451    3
 0.000000+0 0.000000+0          0          0          1          22719 1451    4
 27-Co- 57 JAEA       EVAL-Jan21 N.Iwamoto                        2719 1451    5
                      DIST-DEC21                       20210131   2719 1451    6
----JENDL-5           MATERIAL 2719                               2719 1451    7
-----INCIDENT NEUTRON DATA                                        2719 1451    8
------ENDF-6 FORMAT                                               2719 1451    9
                                                                  2719 1451   10
                                1        451         12          02719 1451   11
                                2        151          4          02719 1451   12
                                                                  2719 1  099999
                                                                  2719 0  0    0
 2.705700+4 5.644718+1          0          0          1          02719 2151    1
 2.705700+4 1.000000+0          0          0          1          02719 2151    2
 1.000000-5 1.000000+5          0          0          0          02719 2151    3
 3.500000+0 6.650000-1          0          0          0          02719 2151    4
                                                                  2719 2  0    5
                                                                  2719 0  0    0
                                                                     0 0  0    0
                                                                    -1 0  0    0
