 n-Co055.res.jendl5.0: Merger of MF1 and MF2                        99 0  0    0
 2.705500+4 5.447002+1          1          0          6          12713 1451    1
 0.000000+0 1.000000+0          0          0          0          62713 1451    2
 1.000000+0 2.000000+8          0          0         10          52713 1451    3
 0.000000+0 0.000000+0          0          0          1          22713 1451    4
 27-Co- 55 JAEA       EVAL-Sep21 N.Iwamoto                        2713 1451    5
                      DIST-DEC21                       20210920   2713 1451    6
----JENDL-5           MATERIAL 2713                               2713 1451    7
-----INCIDENT NEUTRON DATA                                        2713 1451    8
------ENDF-6 FORMAT                                               2713 1451    9
History                                                           2713 1451   10
                                1        451         12          02713 1451   11
                                2        151          4          02713 1451   12
                                                                  2713 1  099999
                                                                  2713 0  0    0
 2.705500+4 5.447002+1          0          0          1          02713 2151    1
 2.705500+4 1.000000+0          0          0          1          02713 2151    2
 1.000000-5 1.000000+5          0          0          0          02713 2151    3
 3.500000+0 5.477632-1          0          0          0          02713 2151    4
                                                                  2713 2  0    5
                                                                  2713 0  0    0
                                                                     0 0  0    0
                                                                    -1 0  0    0
