 n-Cr049.res.jendl5.0: Merger of MF1 and MF2                        99 0  0    0
 2.404900+4 4.853082+1          1          0          6          12422 1451    1
 0.000000+0 1.000000+0          0          0          0          62422 1451    2
 1.000000+0 2.000000+8          0          0         10          52422 1451    3
 0.000000+0 0.000000+0          0          0          1          22422 1451    4
 24-Cr- 49 JAEA       EVAL-Feb21 N.Iwamoto                        2422 1451    5
                      DIST-DEC21                       20210228   2422 1451    6
----JENDL-5           MATERIAL 2422                               2422 1451    7
-----INCIDENT NEUTRON DATA                                        2422 1451    8
------ENDF-6 FORMAT                                               2422 1451    9
                                                                  2422 1451   10
                                1        451         12          02422 1451   11
                                2        151          4          02422 1451   12
                                                                  2422 1  099999
                                                                  2422 0  0    0
 2.404900+4 4.853082+1          0          0          1          02422 2151    1
 2.404900+4 1.000000+0          0          0          1          02422 2151    2
 1.000000-5 1.000000+5          0          0          0          02422 2151    3
 2.500000+0 5.062060-1          0          0          0          02422 2151    4
                                                                  2422 2  0    5
                                                                  2422 0  0    0
                                                                     0 0  0    0
                                                                    -1 0  0    0
