 n-Cu064.res.jendl5.0: Merger of MF1 and MF2                        99 0  0    0
 2.906400+4 6.338058+1          1          0          6          12928 1451    1
 0.000000+0 1.000000+0          0          0          0          62928 1451    2
 1.000000+0 2.000000+8          0          0         10          52928 1451    3
 0.000000+0 0.000000+0          0          0          1          22928 1451    4
 29-Cu- 64 JAEA       EVAL-Sep21 N.Iwamoto                        2928 1451    5
                      DIST-DEC21                       20210920   2928 1451    6
----JENDL-5           MATERIAL 2928                               2928 1451    7
-----INCIDENT NEUTRON DATA                                        2928 1451    8
------ENDF-6 FORMAT                                               2928 1451    9
History                                                           2928 1451   10
                                1        451         12          02928 1451   11
                                2        151          4          02928 1451   12
                                                                  2928 1  099999
                                                                  2928 0  0    0
 2.906400+4 6.338058+1          0          0          1          02928 2151    1
 2.906400+4 1.000000+0          0          0          1          02928 2151    2
 1.000000-5 1.000000+5          0          0          0          02928 2151    3
 1.000000+0 5.720000-1          0          0          0          02928 2151    4
                                                                  2928 2  0    5
                                                                  2928 0  0    0
                                                                     0 0  0    0
                                                                    -1 0  0    0
