 n-Cu067.res.jendl5.0: Merger of MF1 and MF2                        99 0  0    0
 2.906700+4 6.635279+1          1          0          6          12937 1451    1
 0.000000+0 1.000000+0          0          0          0          62937 1451    2
 1.000000+0 2.000000+8          0          0         10          52937 1451    3
 0.000000+0 0.000000+0          0          0          1          22937 1451    4
 29-Cu- 67 JAEA       EVAL-Sep21 N.Iwamoto                        2937 1451    5
                      DIST-DEC21                       20210920   2937 1451    6
----JENDL-5           MATERIAL 2937                               2937 1451    7
-----INCIDENT NEUTRON DATA                                        2937 1451    8
------ENDF-6 FORMAT                                               2937 1451    9
History                                                           2937 1451   10
                                1        451         12          02937 1451   11
                                2        151          4          02937 1451   12
                                                                  2937 1  099999
                                                                  2937 0  0    0
 2.906700+4 6.635279+1          0          0          1          02937 2151    1
 2.906700+4 1.000000+0          0          0          1          02937 2151    2
 1.000000-5 1.000000+5          0          0          0          02937 2151    3
 1.500000+0 5.795704-1          0          0          0          02937 2151    4
                                                                  2937 2  0    5
                                                                  2937 0  0    0
                                                                     0 0  0    0
                                                                    -1 0  0    0
