 n-Dy165.res.jendl5.0: Merger of MF1 and MF2                        99 0  0    0
 6.616500+4 1.635149+2          1          0          6          16652 1451    1
 0.000000+0 1.000000+0          0          0          0          66652 1451    2
 1.000000+0 2.000000+8          0          0         10          56652 1451    3
 0.000000+0 0.000000+0          0          0          1          26652 1451    4
 66-Dy-165 JAEA       EVAL-Sep21 N.Iwamoto                        6652 1451    5
                      DIST-DEC21                       20210920   6652 1451    6
----JENDL-5           MATERIAL 6652                               6652 1451    7
-----INCIDENT NEUTRON DATA                                        6652 1451    8
------ENDF-6 FORMAT                                               6652 1451    9
History                                                           6652 1451   10
                                1        451         12          06652 1451   11
                                2        151          4          06652 1451   12
                                                                  6652 1  099999
                                                                  6652 0  0    0
 6.616500+4 1.635149+2          0          0          1          06652 2151    1
 6.616500+4 1.000000+0          0          0          1          06652 2151    2
 1.000000-5 1.000000+5          0          0          0          06652 2151    3
 3.500000+0 7.546312-1          0          0          0          06652 2151    4
                                                                  6652 2  0    5
                                                                  6652 0  0    0
                                                                     0 0  0    0
                                                                    -1 0  0    0
