 n-Er169.res.jendl5.0: Merger of MF1 and MF2                        99 0  0    0
 6.816900+4 1.674834+2          1          0          6          16846 1451    1
 0.000000+0 1.000000+0          0          0          0          66846 1451    2
 1.000000+0 2.000000+8          0          0         10          56846 1451    3
 0.000000+0 0.000000+0          0          0          1          26846 1451    4
 68-Er-169 JAEA       EVAL-Sep21 N.Iwamoto                        6846 1451    5
                      DIST-DEC21                       20210920   6846 1451    6
----JENDL-5           MATERIAL 6846                               6846 1451    7
-----INCIDENT NEUTRON DATA                                        6846 1451    8
------ENDF-6 FORMAT                                               6846 1451    9
History                                                           6846 1451   10
                                1        451         12          06846 1451   11
                                2        151          4          06846 1451   12
                                                                  6846 1  099999
                                                                  6846 0  0    0
 6.816900+4 1.674834+2          0          0          1          06846 2151    1
 6.816900+4 1.000000+0          0          0          1          06846 2151    2
 1.000000-5 1.000000+5          0          0          0          06846 2151    3
 5.000000-1 7.600393-1          0          0          0          06846 2151    4
                                                                  6846 2  0    5
                                                                  6846 0  0    0
                                                                     0 0  0    0
                                                                    -1 0  0    0
