 n-Er171.res.jendl5.0: Merger of MF1 and MF2                        99 0  0    0
 6.817100+4 1.694696+2          1          0          6          16852 1451    1
 0.000000+0 1.000000+0          0          0          0          66852 1451    2
 1.000000+0 2.000000+8          0          0         10          56852 1451    3
 0.000000+0 0.000000+0          0          0          1          26852 1451    4
 68-Er-171 JAEA       EVAL-Sep21 N.Iwamoto                        6852 1451    5
                      DIST-DEC21                       20210920   6852 1451    6
----JENDL-5           MATERIAL 6852                               6852 1451    7
-----INCIDENT NEUTRON DATA                                        6852 1451    8
------ENDF-6 FORMAT                                               6852 1451    9
History                                                           6852 1451   10
                                1        451         12          06852 1451   11
                                2        151          4          06852 1451   12
                                                                  6852 1  099999
                                                                  6852 0  0    0
 6.817100+4 1.694696+2          0          0          1          06852 2151    1
 6.817100+4 1.000000+0          0          0          1          06852 2151    2
 1.000000-5 1.000000+5          0          0          0          06852 2151    3
 2.500000+0 7.627114-1          0          0          0          06852 2151    4
                                                                  6852 2  0    5
                                                                  6852 0  0    0
                                                                     0 0  0    0
                                                                    -1 0  0    0
