 n-Er165.res.jendl5.0: Merger of MF1 and MF2                        99 0  0    0
 6.816500+4 1.635139+2          1          0          6          16834 1451    1
 0.000000+0 1.000000+0          0          0          0          66834 1451    2
 1.000000+0 2.000000+8          0          0         10          56834 1451    3
 0.000000+0 0.000000+0          0          0          1          26834 1451    4
 68-Er-165 JAEA       EVAL-Sep21 N.Iwamoto                        6834 1451    5
                      DIST-DEC21                       20210920   6834 1451    6
----JENDL-5           MATERIAL 6834                               6834 1451    7
-----INCIDENT NEUTRON DATA                                        6834 1451    8
------ENDF-6 FORMAT                                               6834 1451    9
History                                                           6834 1451   10
                                1        451         12          06834 1451   11
                                2        151          4          06834 1451   12
                                                                  6834 1  099999
                                                                  6834 0  0    0
 6.816500+4 1.635139+2          0          0          1          06834 2151    1
 6.816500+4 1.000000+0          0          0          1          06834 2151    2
 1.000000-5 1.000000+5          0          0          0          06834 2151    3
 2.500000+0 7.546312-1          0          0          0          06834 2151    4
                                                                  6834 2  0    5
                                                                  6834 0  0    0
                                                                     0 0  0    0
                                                                    -1 0  0    0
