 n-Er172.res.jendl5.0: Merger of MF1 and MF2                        99 0  0    0
 6.817200+4 1.704623+2          1          0          6          16855 1451    1
 0.000000+0 1.000000+0          0          0          0          66855 1451    2
 1.000000+0 2.000000+8          0          0         10          56855 1451    3
 0.000000+0 0.000000+0          0          0          1          26855 1451    4
 68-Er-172 JAEA       EVAL-Sep21 N.Iwamoto                        6855 1451    5
                      DIST-DEC21                       20210920   6855 1451    6
----JENDL-5           MATERIAL 6855                               6855 1451    7
-----INCIDENT NEUTRON DATA                                        6855 1451    8
------ENDF-6 FORMAT                                               6855 1451    9
History                                                           6855 1451   10
                                1        451         12          06855 1451   11
                                2        151          4          06855 1451   12
                                                                  6855 1  099999
                                                                  6855 0  0    0
 6.817200+4 1.704623+2          0          0          1          06855 2151    1
 6.817200+4 1.000000+0          0          0          1          06855 2151    2
 1.000000-5 1.000000+5          0          0          0          06855 2151    3
 0.000000+0 7.640396-1          0          0          0          06855 2151    4
                                                                  6855 2  0    5
                                                                  6855 0  0    0
                                                                     0 0  0    0
                                                                    -1 0  0    0
