 n-Eu148.res.jendl5.0: Merger of MF1 and MF2                        99 0  0    0
 6.314800+4 1.466474+2          1          0          6          16316 1451    1
 0.000000+0 1.000000+0          0          0          0          66316 1451    2
 1.000000+0 2.000000+8          0          0         10          56316 1451    3
 0.000000+0 0.000000+0          0          0          1          26316 1451    4
 63-Eu-148 JAEA       EVAL-Sep21 N.Iwamoto                        6316 1451    5
                      DIST-DEC21                       20210920   6316 1451    6
----JENDL-5           MATERIAL 6316                               6316 1451    7
-----INCIDENT NEUTRON DATA                                        6316 1451    8
------ENDF-6 FORMAT                                               6316 1451    9
History                                                           6316 1451   10
                                1        451         12          06316 1451   11
                                2        151          4          06316 1451   12
                                                                  6316 1  099999
                                                                  6316 0  0    0
 6.314800+4 1.466474+2          0          0          1          06316 2151    1
 6.314800+4 1.000000+0          0          0          1          06316 2151    2
 1.000000-5 1.000000+5          0          0          0          06316 2151    3
 5.000000+0 7.306174-1          0          0          0          06316 2151    4
                                                                  6316 2  0    5
                                                                  6316 0  0    0
                                                                     0 0  0    0
                                                                    -1 0  0    0
