 n-Eu146.res.jendl5.0: Merger of MF1 and MF2                        99 0  0    0
 6.314600+4 1.446637+2          1          0          6          16310 1451    1
 0.000000+0 1.000000+0          0          0          0          66310 1451    2
 1.000000+0 2.000000+8          0          0         10          56310 1451    3
 0.000000+0 0.000000+0          0          0          1          26310 1451    4
 63-Eu-146 JAEA       EVAL-Sep21 N.Iwamoto                        6310 1451    5
                      DIST-DEC21                       20210920   6310 1451    6
----JENDL-5           MATERIAL 6310                               6310 1451    7
-----INCIDENT NEUTRON DATA                                        6310 1451    8
------ENDF-6 FORMAT                                               6310 1451    9
History                                                           6310 1451   10
                                1        451         12          06310 1451   11
                                2        151          4          06310 1451   12
                                                                  6310 1  099999
                                                                  6310 0  0    0
 6.314600+4 1.446637+2          0          0          1          06310 2151    1
 6.314600+4 1.000000+0          0          0          1          06310 2151    2
 1.000000-5 1.000000+5          0          0          0          06310 2151    3
 4.000000+0 7.276734-1          0          0          0          06310 2151    4
                                                                  6310 2  0    5
                                                                  6310 0  0    0
                                                                     0 0  0    0
                                                                    -1 0  0    0
