 n-Eu145.res.jendl5.0: Merger of MF1 and MF2                        99 0  0    0
 6.314500+4 1.436714+2          1          0          6          16307 1451    1
 0.000000+0 1.000000+0          0          0          0          66307 1451    2
 1.000000+0 2.000000+8          0          0         10          56307 1451    3
 0.000000+0 0.000000+0          0          0          1          26307 1451    4
 63-Eu-145 JAEA       EVAL-Sep21 N.Iwamoto                        6307 1451    5
                      DIST-DEC21                       20210920   6307 1451    6
----JENDL-5           MATERIAL 6307                               6307 1451    7
-----INCIDENT NEUTRON DATA                                        6307 1451    8
------ENDF-6 FORMAT                                               6307 1451    9
History                                                           6307 1451   10
                                1        451         12          06307 1451   11
                                2        151          4          06307 1451   12
                                                                  6307 1  099999
                                                                  6307 0  0    0
 6.314500+4 1.436714+2          0          0          1          06307 2151    1
 6.314500+4 1.000000+0          0          0          1          06307 2151    2
 1.000000-5 1.000000+5          0          0          0          06307 2151    3
 2.500000+0 7.261913-1          0          0          0          06307 2151    4
                                                                  6307 2  0    5
                                                                  6307 0  0    0
                                                                     0 0  0    0
                                                                    -1 0  0    0
