 n-Eu152m.res.jendl5.0: Merger of MF1 and MF2                       99 0  0    0
 6.315200+4 1.506167+2          1          0          6          16329 1451    1
 4.560000+4 1.000000+0          1          1          0          66329 1451    2
 1.000000+0 2.000000+8          0          0         10          56329 1451    3
 0.000000+0 0.000000+0          0          0          1          26329 1451    4
 63-Eu-152MJAEA       EVAL-Sep21 N.Iwamoto                        6329 1451    5
                      DIST-DEC21                       20210920   6329 1451    6
----JENDL-5           MATERIAL 6329                               6329 1451    7
-----INCIDENT NEUTRON DATA                                        6329 1451    8
------ENDF-6 FORMAT                                               6329 1451    9
History                                                           6329 1451   10
                                1        451         12          06329 1451   11
                                2        151          4          06329 1451   12
                                                                  6329 1  099999
                                                                  6329 0  0    0
 6.315200+4 1.506167+2          0          0          1          06329 2151    1
 6.315200+4 1.000000+0          0          0          1          06329 2151    2
 1.000000-5 1.000000+5          0          0          0          06329 2151    3
 0.000000+0 7.364268-1          0          0          0          06329 2151    4
                                                                  6329 2  0    5
                                                                  6329 0  0    0
                                                                     0 0  0    0
                                                                    -1 0  0    0
