 n-Fe055.res.jendl5.0: Merger of MF1 and MF2                        99 0  0    0
 2.605500+4 5.446634+1          1          0          6          12628 1451    1
 0.000000+0 1.000000+0          0          0          0          62628 1451    2
 1.000000+0 2.000000+8          0          0         10          52628 1451    3
 0.000000+0 0.000000+0          0          0          1          22628 1451    4
 26-Fe- 55 JAEA       EVAL-Jun21 N.Iwamoto                        2628 1451    5
                      DIST-DEC21                       20210630   2628 1451    6
----JENDL-5           MATERIAL 2628                               2628 1451    7
-----INCIDENT NEUTRON DATA                                        2628 1451    8
------ENDF-6 FORMAT                                               2628 1451    9
                                                                  2628 1451   10
                                1        451         12          02628 1451   11
                                2        151          4          02628 1451   12
                                                                  2628 1  099999
                                                                  2628 0  0    0
 2.605500+4 5.446634+1          0          0          1          02628 2151    1
 2.605500+4 1.000000+0          0          0          1          02628 2151    2
 1.000000-5 1.000000+5          0          0          0          02628 2151    3
 1.500000+0 5.480000-1          0          0          0          02628 2151    4
                                                                  2628 2  0    5
                                                                  2628 0  0    0
                                                                     0 0  0    0
                                                                    -1 0  0    0
