 n-Fm257.res.jendl5.0: Merger of MF1 and MF2                        99 0  0    0
 1.002570+5 2.548865+2          1          1          6          19938 1451    1
 0.000000+0 1.000000+0          0          0          0          69938 1451    2
 1.000000+0 2.000000+8          0          0         10          59938 1451    3
 0.000000+0 0.000000+0          0          0          1          29938 1451    4
100-Fm-257 JAEA       EVAL-Sep21 N.Iwamoto                        9938 1451    5
                      DIST-DEC21                       20210920   9938 1451    6
----JENDL-5           MATERIAL 9938                               9938 1451    7
-----INCIDENT NEUTRON DATA                                        9938 1451    8
------ENDF-6 FORMAT                                               9938 1451    9
                                                                  9938 1451   10
                                1        451         12          09938 1451   11
                                2        151          4          09938 1451   12
                                                                  9938 1  099999
                                                                  9938 0  0    0
 1.002570+5 2.548865+2          0          0          1          09938 2151    1
 1.002570+5 1.000000+0          0          0          1          09938 2151    2
 1.000000-5 1.000000+5          0          0          0          09938 2151    3
 4.500000+0 8.620169-1          0          0          0          09938 2151    4
                                                                  9938 2  0    5
                                                                  9938 0  0    0
                                                                     0 0  0    0
                                                                    -1 0  0    0
