 n-Fm255.res.jendl5.0: Merger of MF1 and MF2                        99 0  0    0
 1.002550+5 2.528990+2          1          1          6          19936 1451    1
 0.000000+0 1.000000+0          0          0          0          69936 1451    2
 1.000000+0 2.000000+7          0          0         10          59936 1451    3
 0.000000+0 0.000000+0          0          0          1          29936 1451    4
100-Fm-255 JAEA+      EVAL-JAN10 O.Iwamoto, T.Nakagawa, et al.    9936 1451    5
                      DIST-DEC21                       20100304   9936 1451    6
----JENDL-5           MATERIAL 9936                               9936 1451    7
-----INCIDENT NEUTRON DATA                                        9936 1451    8
------ENDF-6 FORMAT                                               9936 1451    9
                                                                  9936 1451   10
                                1        451         12          09936 1451   11
                                2        151          4          09936 1451   12
                                                                  9936 1  099999
                                                                  9936 0  0    0
 1.002550+5 2.528990+2          0          0          1          09936 2151    1
 1.002550+5 1.000000+0          0          0          1          09936 2151    2
 1.000000-5 4.500000-1          0          0          0          09936 2151    3
 3.500000+0 8.620000-1          0          0          0          09936 2151    4
                                                                  9936 2  0    5
                                                                  9936 0  0    0
                                                                     0 0  0    0
                                                                    -1 0  0    0
