 n-Fm252.res.jendl5.0: Merger of MF1 and MF2                        99 0  0    0
 1.002520+5 2.499170+2          1          1          6          19933 1451    1
 0.000000+0 1.000000+0          0          0          0          69933 1451    2
 1.000000+0 2.000000+8          0          0         10          59933 1451    3
 0.000000+0 0.000000+0          0          0          1          29933 1451    4
100-Fm-252 JAEA       EVAL-Sep21 N.Iwamoto                        9933 1451    5
                      DIST-DEC21                       20210920   9933 1451    6
----JENDL-5           MATERIAL 9933                               9933 1451    7
-----INCIDENT NEUTRON DATA                                        9933 1451    8
------ENDF-6 FORMAT                                               9933 1451    9
                                                                  9933 1451   10
                                1        451         12          09933 1451   11
                                2        151          4          09933 1451   12
                                                                  9933 1  099999
                                                                  9933 0  0    0
 1.002520+5 2.499170+2          0          0          1          09933 2151    1
 1.002520+5 1.000000+0          0          0          1          09933 2151    2
 1.000000-5 1.000000+5          0          0          0          09933 2151    3
 0.000000+0 8.569122-1          0          0          0          09933 2151    4
                                                                  9933 2  0    5
                                                                  9933 0  0    0
                                                                     0 0  0    0
                                                                    -1 0  0    0
