 n-Fm253.res.jendl5.0: Merger of MF1 and MF2                        99 0  0    0
 1.002530+5 2.509111+2          1          1          6          19934 1451    1
 0.000000+0 1.000000+0          0          0          0          69934 1451    2
 1.000000+0 2.000000+8          0          0         10          59934 1451    3
 0.000000+0 0.000000+0          0          0          1          29934 1451    4
100-Fm-253 JAEA       EVAL-Sep21 N.Iwamoto                        9934 1451    5
                      DIST-DEC21                       20210920   9934 1451    6
----JENDL-5           MATERIAL 9934                               9934 1451    7
-----INCIDENT NEUTRON DATA                                        9934 1451    8
------ENDF-6 FORMAT                                               9934 1451    9
                                                                  9934 1451   10
                                1        451         12          09934 1451   11
                                2        151          4          09934 1451   12
                                                                  9934 1  099999
                                                                  9934 0  0    0
 1.002530+5 2.509111+2          0          0          1          09934 2151    1
 1.002530+5 1.000000+0          0          0          1          09934 2151    2
 1.000000-5 1.000000+5          0          0          0          09934 2151    3
 5.000000-1 8.579385-1          0          0          0          09934 2151    4
                                                                  9934 2  0    5
                                                                  9934 0  0    0
                                                                     0 0  0    0
                                                                    -1 0  0    0
