 n-Gd147.res.jendl5.0: Merger of MF1 and MF2                        99 0  0    0
 6.414700+4 1.456570+2          1          0          6          16410 1451    1
 0.000000+0 1.000000+0          0          0          0          66410 1451    2
 1.000000+0 2.000000+8          0          0         10          56410 1451    3
 0.000000+0 0.000000+0          0          0          1          26410 1451    4
 64-Gd-147 JAEA       EVAL-Sep21 N.Iwamoto                        6410 1451    5
                      DIST-DEC21                       20210920   6410 1451    6
----JENDL-5           MATERIAL 6410                               6410 1451    7
-----INCIDENT NEUTRON DATA                                        6410 1451    8
------ENDF-6 FORMAT                                               6410 1451    9
History                                                           6410 1451   10
                                1        451         12          06410 1451   11
                                2        151          4          06410 1451   12
                                                                  6410 1  099999
                                                                  6410 0  0    0
 6.414700+4 1.456570+2          0          0          1          06410 2151    1
 6.414700+4 1.000000+0          0          0          1          06410 2151    2
 1.000000-5 1.000000+5          0          0          0          06410 2151    3
 3.500000+0 7.291487-1          0          0          0          06410 2151    4
                                                                  6410 2  0    5
                                                                  6410 0  0    0
                                                                     0 0  0    0
                                                                    -1 0  0    0
