 n-Gd150.res.jendl5.0: Merger of MF1 and MF2                        99 0  0    0
 6.415000+4 1.486308+2          1          0          6          16419 1451    1
 0.000000+0 1.000000+0          0          0          0          66419 1451    2
 1.000000+0 2.000000+8          0          0         10          56419 1451    3
 0.000000+0 0.000000+0          0          0          1          26419 1451    4
 64-Gd-150 JAEA       EVAL-Sep21 N.Iwamoto                        6419 1451    5
                      DIST-DEC21                       20210920   6419 1451    6
----JENDL-5           MATERIAL 6419                               6419 1451    7
-----INCIDENT NEUTRON DATA                                        6419 1451    8
------ENDF-6 FORMAT                                               6419 1451    9
History                                                           6419 1451   10
                                1        451         12          06419 1451   11
                                2        151          4          06419 1451   12
                                                                  6419 1  099999
                                                                  6419 0  0    0
 6.415000+4 1.486308+2          0          0          1          06419 2151    1
 6.415000+4 1.000000+0          0          0          1          06419 2151    2
 1.000000-5 1.000000+5          0          0          0          06419 2151    3
 0.000000+0 7.335350-1          0          0          0          06419 2151    4
                                                                  6419 2  0    5
                                                                  6419 0  0    0
                                                                     0 0  0    0
                                                                    -1 0  0    0
