 n-Gd146.res.jendl5.0: Merger of MF1 and MF2                        99 0  0    0
 6.414600+4 1.446648+2          1          0          6          16407 1451    1
 0.000000+0 1.000000+0          0          0          0          66407 1451    2
 1.000000+0 2.000000+8          0          0         10          56407 1451    3
 0.000000+0 0.000000+0          0          0          1          26407 1451    4
 64-Gd-146 JAEA       EVAL-Sep21 N.Iwamoto                        6407 1451    5
                      DIST-DEC21                       20210920   6407 1451    6
----JENDL-5           MATERIAL 6407                               6407 1451    7
-----INCIDENT NEUTRON DATA                                        6407 1451    8
------ENDF-6 FORMAT                                               6407 1451    9
History                                                           6407 1451   10
                                1        451         12          06407 1451   11
                                2        151          4          06407 1451   12
                                                                  6407 1  099999
                                                                  6407 0  0    0
 6.414600+4 1.446648+2          0          0          1          06407 2151    1
 6.414600+4 1.000000+0          0          0          1          06407 2151    2
 1.000000-5 1.000000+5          0          0          0          06407 2151    3
 0.000000+0 7.276734-1          0          0          0          06407 2151    4
                                                                  6407 2  0    5
                                                                  6407 0  0    0
                                                                     0 0  0    0
                                                                    -1 0  0    0
