 n-Gd149.res.jendl5.0: Merger of MF1 and MF2                        99 0  0    0
 6.414900+4 1.476401+2          1          0          6          16416 1451    1
 0.000000+0 1.000000+0          0          0          0          66416 1451    2
 1.000000+0 2.000000+8          0          0         10          56416 1451    3
 0.000000+0 0.000000+0          0          0          1          26416 1451    4
 64-Gd-149 JAEA       EVAL-Sep21 N.Iwamoto                        6416 1451    5
                      DIST-DEC21                       20210920   6416 1451    6
----JENDL-5           MATERIAL 6416                               6416 1451    7
-----INCIDENT NEUTRON DATA                                        6416 1451    8
------ENDF-6 FORMAT                                               6416 1451    9
History                                                           6416 1451   10
                                1        451         12          06416 1451   11
                                2        151          4          06416 1451   12
                                                                  6416 1  099999
                                                                  6416 0  0    0
 6.414900+4 1.476401+2          0          0          1          06416 2151    1
 6.414900+4 1.000000+0          0          0          1          06416 2151    2
 1.000000-5 1.000000+5          0          0          0          06416 2151    3
 3.500000+0 7.320795-1          0          0          0          06416 2151    4
                                                                  6416 2  0    5
                                                                  6416 0  0    0
                                                                     0 0  0    0
                                                                    -1 0  0    0
