 n-Ge069.res.jendl5.0: Merger of MF1 and MF2                        99 0  0    0
 3.206900+4 6.833584+1          1          0          6          13222 1451    1
 0.000000+0 1.000000+0          0          0          0          63222 1451    2
 1.000000+0 2.000000+8          0          0         10          53222 1451    3
 0.000000+0 0.000000+0          0          0          1          23222 1451    4
 32-Ge- 69 JAEA       EVAL-Sep21 N.Iwamoto                        3222 1451    5
                      DIST-DEC21                       20210920   3222 1451    6
----JENDL-5           MATERIAL 3222                               3222 1451    7
-----INCIDENT NEUTRON DATA                                        3222 1451    8
------ENDF-6 FORMAT                                               3222 1451    9
History                                                           3222 1451   10
                                1        451         12          03222 1451   11
                                2        151          4          03222 1451   12
                                                                  3222 1  099999
                                                                  3222 0  0    0
 3.206900+4 6.833584+1          0          0          1          03222 2151    1
 3.206900+4 1.000000+0          0          0          1          03222 2151    2
 1.000000-5 1.000000+5          0          0          0          03222 2151    3
 2.500000+0 5.844926-1          0          0          0          03222 2151    4
                                                                  3222 2  0    5
                                                                  3222 0  0    0
                                                                     0 0  0    0
                                                                    -1 0  0    0
