 n-Ge071.res.jendl5.0: Merger of MF1 and MF2                        99 0  0    0
 3.207100+4 7.031567+1          1          0          6          13228 1451    1
 0.000000+0 1.000000+0          0          0          0          63228 1451    2
 1.000000+0 2.000000+8          0          0         10          53228 1451    3
 0.000000+0 0.000000+0          0          0          1          23228 1451    4
 32-Ge- 71 JAEA       EVAL-Sep21 N.Iwamoto                        3228 1451    5
                      DIST-DEC21                       20210920   3228 1451    6
----JENDL-5           MATERIAL 3228                               3228 1451    7
-----INCIDENT NEUTRON DATA                                        3228 1451    8
------ENDF-6 FORMAT                                               3228 1451    9
History                                                           3228 1451   10
                                1        451         12          03228 1451   11
                                2        151          4          03228 1451   12
                                                                  3228 1  099999
                                                                  3228 0  0    0
 3.207100+4 7.031567+1          0          0          1          03228 2151    1
 3.207100+4 1.000000+0          0          0          1          03228 2151    2
 1.000000-5 1.000000+5          0          0          0          03228 2151    3
 5.000000-1 5.893206-1          0          0          0          03228 2151    4
                                                                  3228 2  0    5
                                                                  3228 0  0    0
                                                                     0 0  0    0
                                                                    -1 0  0    0
