 n-He003.res.jendl5.0: Merger of MF1 and MF2                        99 0  0    0
 2.003000+3 2.990120+0          1          0          6          1 225 1451    1
 0.000000+0 0.000000+0          0          0          0          6 225 1451    2
 1.000000+0 2.000000+7          0          0         10          5 225 1451    3
 0.000000+0 0.000000+0          0          0          1          2 225 1451    4
  2-He-  3 JAERI      EVAL-JUN87 K.SHIBATA                         225 1451    5
 JAERI-M 90-024       DIST-DEC21                       20090827    225 1451    6
----JENDL-5           MATERIAL  225                                225 1451    7
-----INCIDENT NEUTRON DATA                                         225 1451    8
------ENDF-6 FORMAT                                                225 1451    9
                                                                   225 1451   10
                                1        451         12          0 225 1451   11
                                2        151          4          0 225 1451   12
                                                                   225 1  099999
                                                                   225 0  0    0
 2.003000+3 2.990120+0          0          0          1          0 225 2151    1
 2.003000+3 1.000000+0          0          0          1          0 225 2151    2
 1.000000-5 1.000000+6          0          0          0          0 225 2151    3
 5.000000-1 3.000000-1          0          0          0          0 225 2151    4
                                                                   225 2  0    5
                                                                   225 0  0    0
                                                                     0 0  0    0
                                                                    -1 0  0    0
