 n-Hf172.res.jendl5.0: Merger of MF1 and MF2                        99 0  0    0
 7.217200+4 1.704624+2          1          0          6          17219 1451    1
 0.000000+0 1.000000+0          0          0          0          67219 1451    2
 1.000000+0 2.000000+8          0          0         10          57219 1451    3
 0.000000+0 0.000000+0          0          0          1          27219 1451    4
 72-Hf-172 JAEA       EVAL-Sep21 N.Iwamoto                        7219 1451    5
                      DIST-DEC21                       20210920   7219 1451    6
----JENDL-5           MATERIAL 7219                               7219 1451    7
-----INCIDENT NEUTRON DATA                                        7219 1451    8
------ENDF-6 FORMAT                                               7219 1451    9
History                                                           7219 1451   10
                                1        451         12          07219 1451   11
                                2        151          4          07219 1451   12
                                                                  7219 1  099999
                                                                  7219 0  0    0
 7.217200+4 1.704624+2          0          0          1          07219 2151    1
 7.217200+4 1.000000+0          0          0          1          07219 2151    2
 1.000000-5 1.000000+5          0          0          0          07219 2151    3
 0.000000+0 7.640396-1          0          0          0          07219 2151    4
                                                                  7219 2  0    5
                                                                  7219 0  0    0
                                                                     0 0  0    0
                                                                    -1 0  0    0
