 n-Hf179m.res.jendl5.0: Merger of MF1 and MF2                       99 0  0    0
 7.217900+4 1.774086+2          1          0          6          17241 1451    1
 1.105740+6 1.000000+0         40          1          0          67241 1451    2
 1.000000+0 2.000000+8          0          0         10          57241 1451    3
 0.000000+0 0.000000+0          0          0          1          27241 1451    4
 72-Hf-179MJAEA       EVAL-Sep21 N.Iwamoto                        7241 1451    5
                      DIST-DEC21                       20210920   7241 1451    6
----JENDL-5           MATERIAL 7241                               7241 1451    7
-----INCIDENT NEUTRON DATA                                        7241 1451    8
------ENDF-6 FORMAT                                               7241 1451    9
History                                                           7241 1451   10
                                1        451         12          07241 1451   11
                                2        151          4          07241 1451   12
                                                                  7241 1  099999
                                                                  7241 0  0    0
 7.217900+4 1.774086+2          0          0          1          07241 2151    1
 7.217900+4 1.000000+0          0          0          1          07241 2151    2
 1.000000-5 1.000000+5          0          0          0          07241 2151    3
 1.250000+1 7.731961-1          0          0          0          07241 2151    4
                                                                  7241 2  0    5
                                                                  7241 0  0    0
                                                                     0 0  0    0
                                                                    -1 0  0    0
