 n-Hf171.res.jendl5.0: Merger of MF1 and MF2                        99 0  0    0
 7.217100+4 1.694720+2          1          0          6          17216 1451    1
 0.000000+0 1.000000+0          0          0          0          67216 1451    2
 1.000000+0 2.000000+8          0          0         10          57216 1451    3
 0.000000+0 0.000000+0          0          0          1          27216 1451    4
 72-Hf-171 JAEA       EVAL-Sep21 N.Iwamoto                        7216 1451    5
                      DIST-DEC21                       20210920   7216 1451    6
----JENDL-5           MATERIAL 7216                               7216 1451    7
-----INCIDENT NEUTRON DATA                                        7216 1451    8
------ENDF-6 FORMAT                                               7216 1451    9
History                                                           7216 1451   10
                                1        451         12          07216 1451   11
                                2        151          4          07216 1451   12
                                                                  7216 1  099999
                                                                  7216 0  0    0
 7.217100+4 1.694720+2          0          0          1          07216 2151    1
 7.217100+4 1.000000+0          0          0          1          07216 2151    2
 1.000000-5 1.000000+5          0          0          0          07216 2151    3
 3.500000+0 7.627114-1          0          0          0          07216 2151    4
                                                                  7216 2  0    5
                                                                  7216 0  0    0
                                                                     0 0  0    0
                                                                    -1 0  0    0
