 n-Hg195m.res.jendl5.0: Merger of MF1 and MF2                       99 0  0    0
 8.019500+4 1.932918+2          1          0          6          18023 1451    1
 1.760700+5 1.000000+0          3          1          0          68023 1451    2
 1.000000+0 2.000000+8          0          0         10          58023 1451    3
 0.000000+0 0.000000+0          0          0          1          28023 1451    4
 80-Hg-195MJAEA       EVAL-Sep21 N.Iwamoto                        8023 1451    5
                      DIST-DEC21                       20210920   8023 1451    6
----JENDL-5           MATERIAL 8023                               8023 1451    7
-----INCIDENT NEUTRON DATA                                        8023 1451    8
------ENDF-6 FORMAT                                               8023 1451    9
History                                                           8023 1451   10
                                1        451         12          08023 1451   11
                                2        151          4          08023 1451   12
                                                                  8023 1  099999
                                                                  8023 0  0    0
 8.019500+4 1.932918+2          0          0          1          08023 2151    1
 8.019500+4 1.000000+0          0          0          1          08023 2151    2
 1.000000-5 1.000000+5          0          0          0          08023 2151    3
 6.500000+0 7.932635-1          0          0          0          08023 2151    4
                                                                  8023 2  0    5
                                                                  8023 0  0    0
                                                                     0 0  0    0
                                                                    -1 0  0    0
