 n-Hg197m.res.jendl5.0: Merger of MF1 and MF2                       99 0  0    0
 8.019700+4 1.952752+2          1          0          6          18029 1451    1
 2.989300+5 1.000000+0          4          1          0          68029 1451    2
 1.000000+0 2.000000+8          0          0         10          58029 1451    3
 0.000000+0 0.000000+0          0          0          1          28029 1451    4
 80-Hg-197MJAEA       EVAL-Sep21 N.Iwamoto                        8029 1451    5
                      DIST-DEC21                       20210920   8029 1451    6
----JENDL-5           MATERIAL 8029                               8029 1451    7
-----INCIDENT NEUTRON DATA                                        8029 1451    8
------ENDF-6 FORMAT                                               8029 1451    9
History                                                           8029 1451   10
                                1        451         12          08029 1451   11
                                2        151          4          08029 1451   12
                                                                  8029 1  099999
                                                                  8029 0  0    0
 8.019700+4 1.952752+2          0          0          1          08029 2151    1
 8.019700+4 1.000000+0          0          0          1          08029 2151    2
 1.000000-5 1.000000+5          0          0          0          08029 2151    3
 6.500000+0 7.956937-1          0          0          0          08029 2151    4
                                                                  8029 2  0    5
                                                                  8029 0  0    0
                                                                     0 0  0    0
                                                                    -1 0  0    0
