 n-Hg194.res.jendl5.0: Merger of MF1 and MF2                        99 0  0    0
 8.019400+4 1.922992+2          1          0          6          18019 1451    1
 0.000000+0 1.000000+0          0          0          0          68019 1451    2
 1.000000+0 2.000000+8          0          0         10          58019 1451    3
 0.000000+0 0.000000+0          0          0          1          28019 1451    4
 80-Hg-194 JAEA       EVAL-Oct21 N.Iwamoto                        8019 1451    5
                      DIST-DEC21                       20211029   8019 1451    6
----JENDL-5           MATERIAL 8019                               8019 1451    7
-----INCIDENT NEUTRON DATA                                        8019 1451    8
------ENDF-6 FORMAT                                               8019 1451    9
                                                                  8019 1451   10
                                1        451         12          08019 1451   11
                                2        151          4          08019 1451   12
                                                                  8019 1  099999
                                                                  8019 0  0    0
 8.019400+4 1.922992+2          0          0          1          08019 2151    1
 8.019400+4 1.000000+0          0          0          1          08019 2151    2
 1.000000-5 1.000000+5          0          0          0          08019 2151    3
 0.000000+0 7.920421-1          0          0          0          08019 2151    4
                                                                  8019 2  0    5
                                                                  8019 0  0    0
                                                                     0 0  0    0
                                                                    -1 0  0    0
