 n-Hg193m.res.jendl5.0: Merger of MF1 and MF2                       99 0  0    0
 8.019300+4 1.913090+2          1          0          6          18017 1451    1
 1.407600+5 1.000000+0          3          1          0          68017 1451    2
 1.000000+0 2.000000+8          0          0         10          58017 1451    3
 0.000000+0 0.000000+0          0          0          1          28017 1451    4
 80-Hg-193MJAEA       EVAL-Sep21 N.Iwamoto                        8017 1451    5
                      DIST-DEC21                       20210920   8017 1451    6
----JENDL-5           MATERIAL 8017                               8017 1451    7
-----INCIDENT NEUTRON DATA                                        8017 1451    8
------ENDF-6 FORMAT                                               8017 1451    9
History                                                           8017 1451   10
                                1        451         12          08017 1451   11
                                2        151          4          08017 1451   12
                                                                  8017 1  099999
                                                                  8017 0  0    0
 8.019300+4 1.913090+2          0          0          1          08017 2151    1
 8.019300+4 1.000000+0          0          0          1          08017 2151    2
 1.000000-5 1.000000+5          0          0          0          08017 2151    3
 6.500000+0 7.908166-1          0          0          0          08017 2151    4
                                                                  8017 2  0    5
                                                                  8017 0  0    0
                                                                     0 0  0    0
                                                                    -1 0  0    0
