 n-Ho161.res.jendl5.0: Merger of MF1 and MF2                        99 0  0    0
 6.716100+4 1.595454+2          1          0          6          16713 1451    1
 0.000000+0 1.000000+0          0          0          0          66713 1451    2
 1.000000+0 2.000000+8          0          0         10          56713 1451    3
 0.000000+0 0.000000+0          0          0          1          26713 1451    4
 67-Ho-161 JAEA       EVAL-Sep21 N.Iwamoto                        6713 1451    5
                      DIST-DEC21                       20210910   6713 1451    6
----JENDL-5           MATERIAL 6713                               6713 1451    7
-----INCIDENT NEUTRON DATA                                        6713 1451    8
------ENDF-6 FORMAT                                               6713 1451    9
                                                                  6713 1451   10
                                1        451         12          06713 1451   11
                                2        151          4          06713 1451   12
                                                                  6713 1  099999
                                                                  6713 0  0    0
 6.716100+4 1.595454+2          0          0          1          06713 2151    1
 6.716100+4 1.000000+0          0          0          1          06713 2151    2
 1.000000-5 1.000000+5          0          0          0          06713 2151    3
 3.500000+0 7.580000-1          0          0          0          06713 2151    4
                                                                  6713 2  0    5
                                                                  6713 0  0    0
                                                                     0 0  0    0
                                                                    -1 0  0    0
