 n-Ho166.res.jendl5.0: Merger of MF1 and MF2                        99 0  0    0
 6.716600+4 1.645069+2          1          0          6          16728 1451    1
 0.000000+0 1.000000+0          0          0          0          66728 1451    2
 1.000000+0 2.000000+8          0          0         10          56728 1451    3
 0.000000+0 0.000000+0          0          0          1          26728 1451    4
 67-Ho-166 JAEA       EVAL-Aug21 N.Iwamoto                        6728 1451    5
                      DIST-DEC21                       20210910   6728 1451    6
----JENDL-5           MATERIAL 6728                               6728 1451    7
-----INCIDENT NEUTRON DATA                                        6728 1451    8
------ENDF-6 FORMAT                                               6728 1451    9
                                                                  6728 1451   10
                                1        451         12          06728 1451   11
                                2        151          4          06728 1451   12
                                                                  6728 1  099999
                                                                  6728 0  0    0
 6.716600+4 1.645069+2          0          0          1          06728 2151    1
 6.716600+4 1.000000+0          0          0          1          06728 2151    2
 1.000000-5 1.000000+5          0          0          0          06728 2151    3
 0.000000+0 7.580000-1          0          0          0          06728 2151    4
                                                                  6728 2  0    5
                                                                  6728 0  0    0
                                                                     0 0  0    0
                                                                    -1 0  0    0
