 n-I133.res.jendl5.0: Merger of MF1 and MF2                         99 0  0    0
 5.313300+4 1.317661+2          1          0          6          15343 1451    1
 0.000000+0 1.000000+0          0          0          0          65343 1451    2
 1.000000+0 2.000000+8          0          0         10          55343 1451    3
 0.000000+0 0.000000+0          0          0          1          25343 1451    4
 53-I -133 JAEA       EVAL-Sep21 N.Iwamoto                        5343 1451    5
                      DIST-DEC21                       20210920   5343 1451    6
----JENDL-5           MATERIAL 5343                               5343 1451    7
-----INCIDENT NEUTRON DATA                                        5343 1451    8
------ENDF-6 FORMAT                                               5343 1451    9
History                                                           5343 1451   10
                                1        451         12          05343 1451   11
                                2        151          4          05343 1451   12
                                                                  5343 1  099999
                                                                  5343 0  0    0
 5.313300+4 1.317661+2          0          0          1          05343 2151    1
 5.313300+4 1.000000+0          0          0          1          05343 2151    2
 1.000000-5 1.000000+5          0          0          0          05343 2151    3
 3.500000+0 7.078497-1          0          0          0          05343 2151    4
                                                                  5343 2  0    5
                                                                  5343 0  0    0
                                                                     0 0  0    0
                                                                    -1 0  0    0
