 n-In111.res.jendl5.0: Merger of MF1 and MF2                        99 0  0    0
 4.911100+4 1.099524+2          1          0          6          14919 1451    1
 0.000000+0 1.000000+0          0          0          0          64919 1451    2
 1.000000+0 2.000000+8          0          0         10          54919 1451    3
 0.000000+0 0.000000+0          0          0          1          24919 1451    4
 49-In-111 JAEA       EVAL-Sep21 N.Iwamoto                        4919 1451    5
                      DIST-DEC21                       20210920   4919 1451    6
----JENDL-5           MATERIAL 4919                               4919 1451    7
-----INCIDENT NEUTRON DATA                                        4919 1451    8
------ENDF-6 FORMAT                                               4919 1451    9
History                                                           4919 1451   10
                                1        451         12          04919 1451   11
                                2        151          4          04919 1451   12
                                                                  4919 1  099999
                                                                  4919 0  0    0
 4.911100+4 1.099524+2          0          0          1          04919 2151    1
 4.911100+4 1.000000+0          0          0          1          04919 2151    2
 1.000000-5 1.000000+5          0          0          0          04919 2151    3
 4.500000+0 6.711252-1          0          0          0          04919 2151    4
                                                                  4919 2  0    5
                                                                  4919 0  0    0
                                                                     0 0  0    0
                                                                    -1 0  0    0
