 n-In114m.res.jendl5.0: Merger of MF1 and MF2                       99 0  0    0
 4.911400+4 1.129264+2          1          0          6          14929 1451    1
 1.902680+5 1.000000+0          1          1          0          64929 1451    2
 1.000000+0 2.000000+8          0          0         10          54929 1451    3
 0.000000+0 0.000000+0          0          0          1          24929 1451    4
 49-In-114MJAEA       EVAL-Sep21 N.Iwamoto                        4929 1451    5
                      DIST-DEC21                       20210920   4929 1451    6
----JENDL-5           MATERIAL 4929                               4929 1451    7
-----INCIDENT NEUTRON DATA                                        4929 1451    8
------ENDF-6 FORMAT                                               4929 1451    9
History                                                           4929 1451   10
                                1        451         12          04929 1451   11
                                2        151          4          04929 1451   12
                                                                  4929 1  099999
                                                                  4929 0  0    0
 4.911400+4 1.129264+2          0          0          1          04929 2151    1
 4.911400+4 1.000000+0          0          0          1          04929 2151    2
 1.000000-5 1.000000+5          0          0          0          04929 2151    3
 5.000000+0 6.764033-1          0          0          0          04929 2151    4
                                                                  4929 2  0    5
                                                                  4929 0  0    0
                                                                     0 0  0    0
                                                                    -1 0  0    0
