 n-Ir187.res.jendl5.0: Merger of MF1 and MF2                        99 0  0    0
 7.718700+4 1.853515+2          1          0          6          17713 1451    1
 0.000000+0 1.000000+0          0          0          0          67713 1451    2
 1.000000+0 2.000000+8          0          0         10          57713 1451    3
 0.000000+0 0.000000+0          0          0          1          27713 1451    4
 77-Ir-187 JAEA       EVAL-Sep21 N.Iwamoto                        7713 1451    5
                      DIST-DEC21                       20210930   7713 1451    6
----JENDL-5           MATERIAL 7713                               7713 1451    7
-----INCIDENT NEUTRON DATA                                        7713 1451    8
------ENDF-6 FORMAT                                               7713 1451    9
History                                                           7713 1451   10
                                1        451         12          07713 1451   11
                                2        151          4          07713 1451   12
                                                                  7713 1  099999
                                                                  7713 0  0    0
 7.718700+4 1.853515+2          0          0          1          07713 2151    1
 7.718700+4 1.000000+0          0          0          1          07713 2151    2
 1.000000-5 1.000000+5          0          0          0          07713 2151    3
 1.500000+0 8.700000-1          0          0          0          07713 2151    4
                                                                  7713 2  0    5
                                                                  7713 0  0    0
                                                                     0 0  0    0
                                                                    -1 0  0    0
