 n-Ir195.res.jendl5.0: Merger of MF1 and MF2                        99 0  0    0
 7.719500+4 1.932911+2          1          0          6          17737 1451    1
 0.000000+0 1.000000+0          0          0          0          67737 1451    2
 1.000000+0 2.000000+8          0          0         10          57737 1451    3
 0.000000+0 0.000000+0          0          0          1          27737 1451    4
 77-Ir-195 JAEA       EVAL-Sep21 N.Iwamoto                        7737 1451    5
                      DIST-DEC21                       20210930   7737 1451    6
----JENDL-5           MATERIAL 7737                               7737 1451    7
-----INCIDENT NEUTRON DATA                                        7737 1451    8
------ENDF-6 FORMAT                                               7737 1451    9
History                                                           7737 1451   10
                                1        451         12          07737 1451   11
                                2        151          4          07737 1451   12
                                                                  7737 1  099999
                                                                  7737 0  0    0
 7.719500+4 1.932911+2          0          0          1          07737 2151    1
 7.719500+4 1.000000+0          0          0          1          07737 2151    2
 1.000000-5 1.000000+5          0          0          0          07737 2151    3
 1.500000+0 8.700000-1          0          0          0          07737 2151    4
                                                                  7737 2  0    5
                                                                  7737 0  0    0
                                                                     0 0  0    0
                                                                    -1 0  0    0
