 n-Ir185.res.jendl5.0: Merger of MF1 and MF2                        99 0  0    0
 7.718500+4 1.833678+2          1          0          6          17707 1451    1
 0.000000+0 1.000000+0          0          0          0          67707 1451    2
 1.000000+0 2.000000+8          0          0         10          57707 1451    3
 0.000000+0 0.000000+0          0          0          1          27707 1451    4
 77-Ir-185 JAEA       EVAL-Sep21 N.Iwamoto                        7707 1451    5
                      DIST-DEC21                       20210930   7707 1451    6
----JENDL-5           MATERIAL 7707                               7707 1451    7
-----INCIDENT NEUTRON DATA                                        7707 1451    8
------ENDF-6 FORMAT                                               7707 1451    9
History                                                           7707 1451   10
                                1        451         12          07707 1451   11
                                2        151          4          07707 1451   12
                                                                  7707 1  099999
                                                                  7707 0  0    0
 7.718500+4 1.833678+2          0          0          1          07707 2151    1
 7.718500+4 1.000000+0          0          0          1          07707 2151    2
 1.000000-5 1.000000+5          0          0          0          07707 2151    3
 2.500000+0 8.700000-1          0          0          0          07707 2151    4
                                                                  7707 2  0    5
                                                                  7707 0  0    0
                                                                     0 0  0    0
                                                                    -1 0  0    0
