 n-Ir193m.res.jendl5.0: Merger of MF1 and MF2                       99 0  0    0
 7.719300+4 1.913053+2          1          0          6          17732 1451    1
 8.023900+4 1.000000+0          2          1          0          67732 1451    2
 1.000000+0 2.000000+8          0          0         10          57732 1451    3
 0.000000+0 0.000000+0          0          0          1          27732 1451    4
 77-Ir-193MJAEA       EVAL-Sep21 N.Iwamoto                        7732 1451    5
                      DIST-DEC21                       20210930   7732 1451    6
----JENDL-5           MATERIAL 7732                               7732 1451    7
-----INCIDENT NEUTRON DATA                                        7732 1451    8
------ENDF-6 FORMAT                                               7732 1451    9
History                                                           7732 1451   10
                                1        451         12          07732 1451   11
                                2        151          4          07732 1451   12
                                                                  7732 1  099999
                                                                  7732 0  0    0
 7.719300+4 1.913053+2          0          0          1          07732 2151    1
 7.719300+4 1.000000+0          0          0          1          07732 2151    2
 1.000000-5 1.000000+5          0          0          0          07732 2151    3
 5.500000+0 8.700000-1          0          0          0          07732 2151    4
                                                                  7732 2  0    5
                                                                  7732 0  0    0
                                                                     0 0  0    0
                                                                    -1 0  0    0
