 n-Kr076.res.jendl5.0: Merger of MF1 and MF2                        99 0  0    0
 3.607600+4 7.527367+1          1          0          6          13619 1451    1
 0.000000+0 1.000000+0          0          0          0          63619 1451    2
 1.000000+0 2.000000+8          0          0         10          53619 1451    3
 0.000000+0 0.000000+0          0          0          1          23619 1451    4
 36-Kr- 76 JAEA       EVAL-Sep21 N.Iwamoto                        3619 1451    5
                      DIST-DEC21                       20210920   3619 1451    6
----JENDL-5           MATERIAL 3619                               3619 1451    7
-----INCIDENT NEUTRON DATA                                        3619 1451    8
------ENDF-6 FORMAT                                               3619 1451    9
History                                                           3619 1451   10
                                1        451         12          03619 1451   11
                                2        151          4          03619 1451   12
                                                                  3619 1  099999
                                                                  3619 0  0    0
 3.607600+4 7.527367+1          0          0          1          03619 2151    1
 3.607600+4 1.000000+0          0          0          1          03619 2151    2
 1.000000-5 1.000000+5          0          0          0          03619 2151    3
 0.000000+0 6.010063-1          0          0          0          03619 2151    4
                                                                  3619 2  0    5
                                                                  3619 0  0    0
                                                                     0 0  0    0
                                                                    -1 0  0    0
