 n-La135.res.jendl5.0: Merger of MF1 and MF2                        99 0  0    0
 5.713500+4 1.337481+2          1          0          6          15716 1451    1
 0.000000+0 1.000000+0          0          0          0          65716 1451    2
 1.000000+0 2.000000+8          0          0         10          55716 1451    3
 0.000000+0 0.000000+0          0          0          1          25716 1451    4
 57-La-135 JAEA       EVAL-Oct21 N.Iwamoto                        5716 1451    5
                      DIST-DEC21                       20211029   5716 1451    6
----JENDL-5           MATERIAL 5716                               5716 1451    7
-----INCIDENT NEUTRON DATA                                        5716 1451    8
------ENDF-6 FORMAT                                               5716 1451    9
History                                                           5716 1451   10
                                1        451         12          05716 1451   11
                                2        151          4          05716 1451   12
                                                                  5716 1  099999
                                                                  5716 0  0    0
 5.713500+4 1.337481+2          0          0          1          05716 2151    1
 5.713500+4 1.000000+0          0          0          1          05716 2151    2
 1.000000-5 1.000000+5          0          0          0          05716 2151    3
 2.500000+0 4.800000-1          0          0          0          05716 2151    4
                                                                  5716 2  0    5
                                                                  5716 0  0    0
                                                                     0 0  0    0
                                                                    -1 0  0    0
