 n-La137.res.jendl5.0: Merger of MF1 and MF2                        99 0  0    0
 5.713700+4 1.357304+2          1          0          6          15722 1451    1
 0.000000+0 1.000000+0          0          0          0          65722 1451    2
 1.000000+0 2.000000+8          0          0         10          55722 1451    3
 0.000000+0 0.000000+0          0          0          1          25722 1451    4
 57-La-137 JAEA       EVAL-Oct21 N.Iwamoto                        5722 1451    5
                      DIST-DEC21                       20211029   5722 1451    6
----JENDL-5           MATERIAL 5722                               5722 1451    7
-----INCIDENT NEUTRON DATA                                        5722 1451    8
------ENDF-6 FORMAT                                               5722 1451    9
History                                                           5722 1451   10
                                1        451         12          05722 1451   11
                                2        151          4          05722 1451   12
                                                                  5722 1  099999
                                                                  5722 0  0    0
 5.713700+4 1.357304+2          0          0          1          05722 2151    1
 5.713700+4 1.000000+0          0          0          1          05722 2151    2
 1.000000-5 1.000000+5          0          0          0          05722 2151    3
 3.500000+0 4.800000-1          0          0          0          05722 2151    4
                                                                  5722 2  0    5
                                                                  5722 0  0    0
                                                                     0 0  0    0
                                                                    -1 0  0    0
