 n-La140.res.jendl5.0: Merger of MF1 and MF2                        99 0  0    0
 5.714000+4 1.387076+2          1          0          6          15731 1451    1
 0.000000+0 1.000000+0          0          0          0          65731 1451    2
 1.000000+0 2.000000+8          0          0         10          55731 1451    3
 0.000000+0 0.000000+0          0          0          1          25731 1451    4
 57-La-140 JAEA       EVAL-Oct21 N.Iwamoto                        5731 1451    5
                      DIST-DEC21                       20211029   5731 1451    6
----JENDL-5           MATERIAL 5731                               5731 1451    7
-----INCIDENT NEUTRON DATA                                        5731 1451    8
------ENDF-6 FORMAT                                               5731 1451    9
History                                                           5731 1451   10
                                1        451         12          05731 1451   11
                                2        151          4          05731 1451   12
                                                                  5731 1  099999
                                                                  5731 0  0    0
 5.714000+4 1.387076+2          0          0          1          05731 2151    1
 5.714000+4 1.000000+0          0          0          1          05731 2151    2
 1.000000-5 1.000000+5          0          0          0          05731 2151    3
 3.000000+0 5.100000-1          0          0          0          05731 2151    4
                                                                  5731 2  0    5
                                                                  5731 0  0    0
                                                                     0 0  0    0
                                                                    -1 0  0    0
