 n-Li007.res.jendl5.0: Merger of MF1 and MF2                        99 0  0    0
 3.007000+3 6.955730+0          1          0          6          1 328 1451    1
 0.000000+0 0.000000+0          0          0          0          6 328 1451    2
 1.000000+0 2.000000+7          0          0         10          5 328 1451    3
 0.000000+0 0.000000+0          0          0          1          2 328 1451    4
  3-Li-  7 JAERI      EVAL-DEC84 S.CHIBA AND K.SHIBATA             328 1451    5
 JAERI-M 88-164       DIST-DEC21                       20090827    328 1451    6
----JENDL-5           MATERIAL  328                                328 1451    7
-----INCIDENT NEUTRON DATA                                         328 1451    8
------ENDF-6 FORMAT                                                328 1451    9
                                                                   328 1451   10
                                1        451         12          0 328 1451   11
                                2        151          4          0 328 1451   12
                                                                   328 1  099999
                                                                   328 0  0    0
 3.007000+3 6.955730+0          0          0          1          0 328 2151    1
 3.007000+3 1.000000+0          0          0          1          0 328 2151    2
 1.000000-5 1.000000+5          0          0          0          0 328 2151    3
 1.500000+0 3.700000-1          0          0          0          0 328 2151    4
                                                                   328 2  0    5
                                                                   328 0  0    0
                                                                     0 0  0    0
                                                                    -1 0  0    0
