 n-Lu174.res.jendl5.0: Merger of MF1 and MF2                        99 0  0    0
 7.117400+4 1.724461+2          1          0          6          17122 1451    1
 0.000000+0 1.000000+0          0          0          0          67122 1451    2
 1.000000+0 2.000000+8          0          0         10          57122 1451    3
 0.000000+0 0.000000+0          0          0          1          27122 1451    4
 71-Lu-174 JAEA       EVAL-Sep21 N.Iwamoto                        7122 1451    5
                      DIST-DEC21                       20210910   7122 1451    6
----JENDL-5           MATERIAL 7122                               7122 1451    7
-----INCIDENT NEUTRON DATA                                        7122 1451    8
------ENDF-6 FORMAT                                               7122 1451    9
                                                                  7122 1451   10
                                1        451         12          07122 1451   11
                                2        151          4          07122 1451   12
                                                                  7122 1  099999
                                                                  7122 0  0    0
 7.117400+4 1.724461+2          0          0          1          07122 2151    1
 7.117400+4 1.000000+0          0          0          1          07122 2151    2
 1.000000-5 1.000000+5          0          0          0          07122 2151    3
 1.000000+0 7.830000-1          0          0          0          07122 2151    4
                                                                  7122 2  0    5
                                                                  7122 0  0    0
                                                                     0 0  0    0
                                                                    -1 0  0    0
