 n-Lu177m.res.jendl5.0: Merger of MF1 and MF2                       99 0  0    0
 7.117700+4 1.754237+2          1          0          6          17132 1451    1
 9.701750+5 1.000000+0         29          1          0          67132 1451    2
 1.000000+0 2.000000+8          0          0         10          57132 1451    3
 0.000000+0 0.000000+0          0          0          1          27132 1451    4
 71-Lu-177MJAEA       EVAL-Sep21 N.Iwamoto                        7132 1451    5
                      DIST-DEC21                       20210910   7132 1451    6
----JENDL-5           MATERIAL 7132                               7132 1451    7
-----INCIDENT NEUTRON DATA                                        7132 1451    8
------ENDF-6 FORMAT                                               7132 1451    9
                                                                  7132 1451   10
                                1        451         12          07132 1451   11
                                2        151          7          07132 1451   12
                                                                  7132 1  099999
                                                                  7132 0  0    0
 7.117700+4 1.754237+2          0          0          1          07132 2151    1
 7.117700+4 1.000000+0          0          0          1          07132 2151    2
 1.000000-5 1.000000+0          1          2          0          07132 2151    3
 1.150000+1 7.830000-1          0          0          1          07132 2151    4
 1.754237+2 0.000000+0          0          0         12          27132 2151    5
-1.500000-1 1.100000+1 5.001600-2 1.600000-5 5.000000-2 0.000000+07132 2151    6
 1.500000-1 1.100000+1 5.001800-2 1.800000-5 5.000000-2 0.000000+07132 2151    7
                                                                  7132 2  0    8
                                                                  7132 0  0    0
                                                                     0 0  0    0
                                                                    -1 0  0    0
