 n-Lu171.res.jendl5.0: Merger of MF1 and MF2                        99 0  0    0
 7.117100+4 1.694695+2          1          0          6          17113 1451    1
 0.000000+0 1.000000+0          0          0          0          67113 1451    2
 1.000000+0 2.000000+8          0          0         10          57113 1451    3
 0.000000+0 0.000000+0          0          0          1          27113 1451    4
 71-Lu-171 JAEA       EVAL-Sep21 N.Iwamoto                        7113 1451    5
                      DIST-DEC21                       20210910   7113 1451    6
----JENDL-5           MATERIAL 7113                               7113 1451    7
-----INCIDENT NEUTRON DATA                                        7113 1451    8
------ENDF-6 FORMAT                                               7113 1451    9
                                                                  7113 1451   10
                                1        451         12          07113 1451   11
                                2        151          4          07113 1451   12
                                                                  7113 1  099999
                                                                  7113 0  0    0
 7.117100+4 1.694695+2          0          0          1          07113 2151    1
 7.117100+4 1.000000+0          0          0          1          07113 2151    2
 1.000000-5 1.000000+5          0          0          0          07113 2151    3
 3.500000+0 7.830000-1          0          0          0          07113 2151    4
                                                                  7113 2  0    5
                                                                  7113 0  0    0
                                                                     0 0  0    0
                                                                    -1 0  0    0
