 n-Lu174m.res.jendl5.0: Merger of MF1 and MF2                       99 0  0    0
 7.117400+4 1.724461+2          1          0          6          17123 1451    1
 1.708300+5 1.000000+0          3          1          0          67123 1451    2
 1.000000+0 2.000000+8          0          0         10          57123 1451    3
 0.000000+0 0.000000+0          0          0          1          27123 1451    4
 71-Lu-174MJAEA       EVAL-Sep21 N.Iwamoto                        7123 1451    5
                      DIST-DEC21                       20210910   7123 1451    6
----JENDL-5           MATERIAL 7123                               7123 1451    7
-----INCIDENT NEUTRON DATA                                        7123 1451    8
------ENDF-6 FORMAT                                               7123 1451    9
                                                                  7123 1451   10
                                1        451         12          07123 1451   11
                                2        151          4          07123 1451   12
                                                                  7123 1  099999
                                                                  7123 0  0    0
 7.117400+4 1.724461+2          0          0          1          07123 2151    1
 7.117400+4 1.000000+0          0          0          1          07123 2151    2
 1.000000-5 1.000000+5          0          0          0          07123 2151    3
 6.000000+0 7.830000-1          0          0          0          07123 2151    4
                                                                  7123 2  0    5
                                                                  7123 0  0    0
                                                                     0 0  0    0
                                                                    -1 0  0    0
