 n-Lu170.res.jendl5.0: Merger of MF1 and MF2                        99 0  0    0
 7.117000+4 1.684786+2          1          0          6          17110 1451    1
 0.000000+0 1.000000+0          0          0          0          67110 1451    2
 1.000000+0 2.000000+8          0          0         10          57110 1451    3
 0.000000+0 0.000000+0          0          0          1          27110 1451    4
 71-Lu-170 JAEA       EVAL-Sep21 N.Iwamoto                        7110 1451    5
                      DIST-DEC21                       20210910   7110 1451    6
----JENDL-5           MATERIAL 7110                               7110 1451    7
-----INCIDENT NEUTRON DATA                                        7110 1451    8
------ENDF-6 FORMAT                                               7110 1451    9
                                                                  7110 1451   10
                                1        451         12          07110 1451   11
                                2        151          4          07110 1451   12
                                                                  7110 1  099999
                                                                  7110 0  0    0
 7.117000+4 1.684786+2          0          0          1          07110 2151    1
 7.117000+4 1.000000+0          0          0          1          07110 2151    2
 1.000000-5 1.000000+5          0          0          0          07110 2151    3
 0.000000+0 7.830000-1          0          0          0          07110 2151    4
                                                                  7110 2  0    5
                                                                  7110 0  0    0
                                                                     0 0  0    0
                                                                    -1 0  0    0
