 n-Mg028.res.jendl5.0: Merger of MF1 and MF2                        99 0  0    0
 1.202800+4 2.774348+1          1          0          6          11237 1451    1
 0.000000+0 1.000000+0          0          0          0          61237 1451    2
 1.000000+0 2.000000+8          0          0         10          51237 1451    3
 0.000000+0 0.000000+0          0          0          1          21237 1451    4
 12-Mg- 28 JAEA       EVAL-Sep21 N.Iwamoto                        1237 1451    5
                      DIST-DEC21                       20210920   1237 1451    6
----JENDL-5           MATERIAL 1237                               1237 1451    7
-----INCIDENT NEUTRON DATA                                        1237 1451    8
------ENDF-6 FORMAT                                               1237 1451    9
History                                                           1237 1451   10
                                1        451         12          01237 1451   11
                                2        151          4          01237 1451   12
                                                                  1237 1  099999
                                                                  1237 0  0    0
 1.202800+4 2.774348+1          0          0          1          01237 2151    1
 1.202800+4 1.000000+0          0          0          1          01237 2151    2
 1.000000-5 1.000000+5          0          0          0          01237 2151    3
 0.000000+0 4.535004-1          0          0          0          01237 2151    4
                                                                  1237 2  0    5
                                                                  1237 0  0    0
                                                                     0 0  0    0
                                                                    -1 0  0    0
