 n-Mn053.res.jendl5.0: Merger of MF1 and MF2                        99 0  0    0
 2.505300+4 5.248650+1          1          0          6          12519 1451    1
 0.000000+0 1.000000+0          0          0          0          62519 1451    2
 1.000000+0 2.000000+8          0          0         10          52519 1451    3
 0.000000+0 0.000000+0          0          0          1          22519 1451    4
 25-Mn- 53 JAEA       EVAL-Sep21 N.Iwamoto                        2519 1451    5
                      DIST-DEC21                       20210920   2519 1451    6
----JENDL-5           MATERIAL 2519                               2519 1451    7
-----INCIDENT NEUTRON DATA                                        2519 1451    8
------ENDF-6 FORMAT                                               2519 1451    9
History                                                           2519 1451   10
                                1        451         12          02519 1451   11
                                2        151          4          02519 1451   12
                                                                  2519 1  099999
                                                                  2519 0  0    0
 2.505300+4 5.248650+1          0          0          1          02519 2151    1
 2.505300+4 1.000000+0          0          0          1          02519 2151    2
 1.000000-5 1.000000+5          0          0          0          02519 2151    3
 3.500000+0 5.420231-1          0          0          0          02519 2151    4
                                                                  2519 2  0    5
                                                                  2519 0  0    0
                                                                     0 0  0    0
                                                                    -1 0  0    0
