 n-Mn052.res.jendl5.0: Merger of MF1 and MF2                        99 0  0    0
 2.505200+4 5.149933+1          1          0          6          12516 1451    1
 0.000000+0 1.000000+0          0          0          0          62516 1451    2
 1.000000+0 2.000000+8          0          0         10          52516 1451    3
 0.000000+0 0.000000+0          0          0          1          22516 1451    4
 25-Mn- 52 JAEA       EVAL-Sep21 N.Iwamoto                        2516 1451    5
                      DIST-DEC21                       20210920   2516 1451    6
----JENDL-5           MATERIAL 2516                               2516 1451    7
-----INCIDENT NEUTRON DATA                                        2516 1451    8
------ENDF-6 FORMAT                                               2516 1451    9
History                                                           2516 1451   10
                                1        451         12          02516 1451   11
                                2        151          4          02516 1451   12
                                                                  2516 1  099999
                                                                  2516 0  0    0
 2.505200+4 5.149933+1          0          0          1          02516 2151    1
 2.505200+4 1.000000+0          0          0          1          02516 2151    2
 1.000000-5 1.000000+5          0          0          0          02516 2151    3
 6.000000+0 5.390989-1          0          0          0          02516 2151    4
                                                                  2516 2  0    5
                                                                  2516 0  0    0
                                                                     0 0  0    0
                                                                    -1 0  0    0
