 n-N015.res.jendl5.0: Merger of MF1 and MF2                         99 0  0    0
 7.015000+3 1.487130+1          1          0          6          1 728 1451    1
 0.000000+0 0.000000+0          0          0          0          6 728 1451    2
 1.000000+0 2.000000+8          0          0         10          5 728 1451    3
 0.000000+0 0.000000+0          0          0          1          2 728 1451    4
  7-N - 15 JAEA       EVAL-Jan19 S.Kunieda                         728 1451    5
                      DIST-DEC21                                   728 1451    6
----JENDL-5           MATERIAL  728                                728 1451    7
-----INCIDENT NEUTRON DATA                                         728 1451    8
------ENDF-6 FORMAT                                                728 1451    9
                                                                   728 1451   10
                                1        451         12          0 728 1451   11
                                2        151          4          0 728 1451   12
                                                                   728 1  099999
                                                                   728 0  0    0
 7.015000+3 1.487130+1          0          0          1          0 728 2151    1
 7.015000+3 1.000000+0          0          0          1          0 728 2151    2
 1.000000-5 5.460760+6          0          0          0          0 728 2151    3
 5.000000-1 3.100000-1          0          0          0          0 728 2151    4
                                                                   728 2  0    5
                                                                   728 0  0    0
                                                                     0 0  0    0
                                                                    -1 0  0    0
