 n-Na023.res.jendl5.0: Merger of MF1 and MF2                        99 0  0    0
 1.102300+4 2.279228+1          1          0          6          21125 1451    1
 0.000000+0 0.000000+0          0          0          0          61125 1451    2
 1.000000+0 2.000000+8          0          0         10          51125 1451    3
 0.000000+0 0.000000+0          0          0          1          21125 1451    4
 11-Na- 23            EVAL-DEC21 F.Minato                         1125 1451    5
                      DIST-DEC21                       20211208   1125 1451    6
----JENDL-5           MATERIAL 1125         REVISION              1125 1451    7
-----INCIDENT NEUTRON DATA                                        1125 1451    8
------ENDF-  FORMAT                                               1125 1451    9
                                                                  1125 1451   10
                                1        451         12          01125 1451   11
                                2        151          4          01125 1451   12
                                                                  1125 1  099999
                                                                  1125 0  0    0
 1.102300+4 2.279228+1          0          0          1          01125 2151    1
 1.102300+4 1.000000+0          0          0          1          01125 2151    2
 1.000000-5 1.000000+5          0          0          0          01125 2151    3
 1.500000+0 4.287394-1          0          0          0          01125 2151    4
                                                                  1125 2  0    5
                                                                  1125 0  0    0
                                                                     0 0  0    0
                                                                    -1 0  0    0
