 n-Nb093m.res.jendl5.0: Merger of MF1 and MF2                       99 0  0    0
 4.109300+4 9.210826+1          1          0          6          14126 1451    1
 3.077000+4 1.000000+0          1          1          0          64126 1451    2
 1.000000+0 2.000000+8          0          0         10          54126 1451    3
 0.000000+0 0.000000+0          0          0          1          24126 1451    4
 41-Nb- 93MJAEA       EVAL-Sep21 N.Iwamoto                        4126 1451    5
                      DIST-DEC21                       20210920   4126 1451    6
----JENDL-5           MATERIAL 4126                               4126 1451    7
-----INCIDENT NEUTRON DATA                                        4126 1451    8
------ENDF-6 FORMAT                                               4126 1451    9
History                                                           4126 1451   10
                                1        451         12          04126 1451   11
                                2        151          4          04126 1451   12
                                                                  4126 1  099999
                                                                  4126 0  0    0
 4.109300+4 9.210826+1          0          0          1          04126 2151    1
 4.109300+4 1.000000+0          0          0          1          04126 2151    2
 1.000000-5 1.000000+5          0          0          0          04126 2151    3
 5.000000-1 6.372706-1          0          0          0          04126 2151    4
                                                                  4126 2  0    5
                                                                  4126 0  0    0
                                                                     0 0  0    0
                                                                    -1 0  0    0
