 n-Nb092m.res.jendl5.0: Merger of MF1 and MF2                       99 0  0    0
 4.109200+4 9.111766+1          1          0          6          14123 1451    1
 1.355000+5 1.000000+0          1          1          0          64123 1451    2
 1.000000+0 2.000000+8          0          0         10          54123 1451    3
 0.000000+0 0.000000+0          0          0          1          24123 1451    4
 41-Nb- 92MJAEA       EVAL-Sep21 N.Iwamoto                        4123 1451    5
                      DIST-DEC21                       20210920   4123 1451    6
----JENDL-5           MATERIAL 4123                               4123 1451    7
-----INCIDENT NEUTRON DATA                                        4123 1451    8
------ENDF-6 FORMAT                                               4123 1451    9
History                                                           4123 1451   10
                                1        451         12          04123 1451   11
                                2        151          4          04123 1451   12
                                                                  4123 1  099999
                                                                  4123 0  0    0
 4.109200+4 9.111766+1          0          0          1          04123 2151    1
 4.109200+4 1.000000+0          0          0          1          04123 2151    2
 1.000000-5 1.000000+5          0          0          0          04123 2151    3
 2.000000+0 6.352660-1          0          0          0          04123 2151    4
                                                                  4123 2  0    5
                                                                  4123 0  0    0
                                                                     0 0  0    0
                                                                    -1 0  0    0
