 n-Nb096.res.jendl5.0: Merger of MF1 and MF2                        99 0  0    0
 4.109600+4 9.508420+1          1          0          6          14134 1451    1
 0.000000+0 1.000000+0          0          0          0          64134 1451    2
 1.000000+0 2.000000+8          0          0         10          54134 1451    3
 0.000000+0 0.000000+0          0          0          1          24134 1451    4
 41-Nb- 96 JAEA       EVAL-Sep21 N.Iwamoto                        4134 1451    5
                      DIST-DEC21                       20210920   4134 1451    6
----JENDL-5           MATERIAL 4134                               4134 1451    7
-----INCIDENT NEUTRON DATA                                        4134 1451    8
------ENDF-6 FORMAT                                               4134 1451    9
History                                                           4134 1451   10
                                1        451         12          04134 1451   11
                                2        151          4          04134 1451   12
                                                                  4134 1  099999
                                                                  4134 0  0    0
 4.109600+4 9.508420+1          0          0          1          04134 2151    1
 4.109600+4 1.000000+0          0          0          1          04134 2151    2
 1.000000-5 1.000000+5          0          0          0          04134 2151    3
 6.000000+0 6.431994-1          0          0          0          04134 2151    4
                                                                  4134 2  0    5
                                                                  4134 0  0    0
                                                                     0 0  0    0
                                                                    -1 0  0    0
