 n-Nb095m.res.jendl5.0: Merger of MF1 and MF2                       99 0  0    0
 4.109500+4 9.409154+1          1          0          6          14132 1451    1
 2.356900+5 1.000000+0          1          1          0          64132 1451    2
 1.000000+0 2.000000+8          0          0         10          54132 1451    3
 0.000000+0 0.000000+0          0          0          1          24132 1451    4
 41-Nb- 95MJAEA       EVAL-Sep21 N.Iwamoto                        4132 1451    5
                      DIST-DEC21                       20210920   4132 1451    6
----JENDL-5           MATERIAL 4132                               4132 1451    7
-----INCIDENT NEUTRON DATA                                        4132 1451    8
------ENDF-6 FORMAT                                               4132 1451    9
History                                                           4132 1451   10
                                1        451         12          04132 1451   11
                                2        151          4          04132 1451   12
                                                                  4132 1  099999
                                                                  4132 0  0    0
 4.109500+4 9.409154+1          0          0          1          04132 2151    1
 4.109500+4 1.000000+0          0          0          1          04132 2151    2
 1.000000-5 1.000000+5          0          0          0          04132 2151    3
 5.000000-1 6.412370-1          0          0          0          04132 2151    4
                                                                  4132 2  0    5
                                                                  4132 0  0    0
                                                                     0 0  0    0
                                                                    -1 0  0    0
