 n-Nd141.res.jendl5.0: Merger of MF1 and MF2                        99 0  0    0
 6.014100+4 1.396991+2          1          0          6          16022 1451    1
 0.000000+0 1.000000+0          0          0          0          66022 1451    2
 1.000000+0 2.000000+8          0          0         10          56022 1451    3
 0.000000+0 0.000000+0          0          0          1          26022 1451    4
 60-Nd-141 JAEA       EVAL-Sep21 N.Iwamoto                        6022 1451    5
                      DIST-DEC21                       20210920   6022 1451    6
----JENDL-5           MATERIAL 6022                               6022 1451    7
-----INCIDENT NEUTRON DATA                                        6022 1451    8
------ENDF-6 FORMAT                                               6022 1451    9
History                                                           6022 1451   10
                                1        451         12          06022 1451   11
                                2        151          4          06022 1451   12
                                                                  6022 1  099999
                                                                  6022 0  0    0
 6.014100+4 1.396991+2          0          0          1          06022 2151    1
 6.014100+4 1.000000+0          0          0          1          06022 2151    2
 1.000000-5 1.000000+5          0          0          0          06022 2151    3
 1.500000+0 7.201938-1          0          0          0          06022 2151    4
                                                                  6022 2  0    5
                                                                  6022 0  0    0
                                                                     0 0  0    0
                                                                    -1 0  0    0
