 n-Nd140.res.jendl5.0: Merger of MF1 and MF2                        99 0  0    0
 6.014000+4 1.387077+2          1          0          6          16019 1451    1
 0.000000+0 1.000000+0          0          0          0          66019 1451    2
 1.000000+0 2.000000+8          0          0         10          56019 1451    3
 0.000000+0 0.000000+0          0          0          1          26019 1451    4
 60-Nd-140 JAEA       EVAL-Sep21 N.Iwamoto                        6019 1451    5
                      DIST-DEC21                       20210920   6019 1451    6
----JENDL-5           MATERIAL 6019                               6019 1451    7
-----INCIDENT NEUTRON DATA                                        6019 1451    8
------ENDF-6 FORMAT                                               6019 1451    9
History                                                           6019 1451   10
                                1        451         12          06019 1451   11
                                2        151          4          06019 1451   12
                                                                  6019 1  099999
                                                                  6019 0  0    0
 6.014000+4 1.387077+2          0          0          1          06019 2151    1
 6.014000+4 1.000000+0          0          0          1          06019 2151    2
 1.000000-5 1.000000+5          0          0          0          06019 2151    3
 0.000000+0 7.186768-1          0          0          0          06019 2151    4
                                                                  6019 2  0    5
                                                                  6019 0  0    0
                                                                     0 0  0    0
                                                                    -1 0  0    0
