 n-Ni065.res.jendl5.0: Merger of MF1 and MF2                        99 0  0    0
 2.806500+4 6.437230+1          1          0          6          12846 1451    1
 0.000000+0 1.000000+0          0          0          0          62846 1451    2
 1.000000+0 2.000000+8          0          0         10          52846 1451    3
 0.000000+0 0.000000+0          0          0          1          22846 1451    4
 28-Ni- 65 JAEA       EVAL-May21 N.Iwamoto                        2846 1451    5
                      DIST-DEC21                       20210531   2846 1451    6
----JENDL-5           MATERIAL 2846                               2846 1451    7
-----INCIDENT NEUTRON DATA                                        2846 1451    8
------ENDF-6 FORMAT                                               2846 1451    9
                                                                  2846 1451   10
                                1        451         12          02846 1451   11
                                2        151          4          02846 1451   12
                                                                  2846 1  099999
                                                                  2846 0  0    0
 2.806500+4 6.437230+1          0          0          1          02846 2151    1
 2.806500+4 1.000000+0          0          0          1          02846 2151    2
 1.000000-5 1.000000+5          0          0          0          02846 2151    3
 2.500000+0 6.400000-1          0          0          0          02846 2151    4
                                                                  2846 2  0    5
                                                                  2846 0  0    0
                                                                     0 0  0    0
                                                                    -1 0  0    0
