 n-Os191.res.jendl5.0: Merger of MF1 and MF2                        99 0  0    0
 7.619100+4 1.893205+2          1          0          6          17646 1451    1
 0.000000+0 1.000000+0          0          0          0          67646 1451    2
 1.000000+0 2.000000+8          0          0         10          57646 1451    3
 0.000000+0 0.000000+0          0          0          1          27646 1451    4
 76-Os-191 JAEA       EVAL-Aug21 N.Iwamoto                        7646 1451    5
                      DIST-DEC21                       20210830   7646 1451    6
----JENDL-5           MATERIAL 7646                               7646 1451    7
-----INCIDENT NEUTRON DATA                                        7646 1451    8
------ENDF-6 FORMAT                                               7646 1451    9
                                                                  7646 1451   10
                                1        451         12          07646 1451   11
                                2        151          4          07646 1451   12
                                                                  7646 1  099999
                                                                  7646 0  0    0
 7.619100+4 1.893205+2          0          0          1          07646 2151    1
 7.619100+4 1.000000+0          0          0          1          07646 2151    2
 1.000000-5 1.000000+5          0          0          0          07646 2151    3
 4.500000+0 8.900000-1          0          0          0          07646 2151    4
                                                                  7646 2  0    5
                                                                  7646 0  0    0
                                                                     0 0  0    0
                                                                    -1 0  0    0
