 n-Os183.res.jendl5.0: Merger of MF1 and MF2                        99 0  0    0
 7.618300+4 1.813815+2          1          0          6          17622 1451    1
 0.000000+0 1.000000+0          0          0          0          67622 1451    2
 1.000000+0 2.000000+8          0          0         10          57622 1451    3
 0.000000+0 0.000000+0          0          0          1          27622 1451    4
 76-Os-183 JAEA       EVAL-Aug21 N.Iwamoto                        7622 1451    5
                      DIST-DEC21                       20210830   7622 1451    6
----JENDL-5           MATERIAL 7622                               7622 1451    7
-----INCIDENT NEUTRON DATA                                        7622 1451    8
------ENDF-6 FORMAT                                               7622 1451    9
                                                                  7622 1451   10
                                1        451         12          07622 1451   11
                                2        151          4          07622 1451   12
                                                                  7622 1  099999
                                                                  7622 0  0    0
 7.618300+4 1.813815+2          0          0          1          07622 2151    1
 7.618300+4 1.000000+0          0          0          1          07622 2151    2
 1.000000-5 1.000000+5          0          0          0          07622 2151    3
 4.500000+0 8.900000-1          0          0          0          07622 2151    4
                                                                  7622 2  0    5
                                                                  7622 0  0    0
                                                                     0 0  0    0
                                                                    -1 0  0    0
