 n-Os185.res.jendl5.0: Merger of MF1 and MF2                        99 0  0    0
 7.618500+4 1.833652+2          1          0          6          17628 1451    1
 0.000000+0 1.000000+0          0          0          0          67628 1451    2
 1.000000+0 2.000000+8          0          0         10          57628 1451    3
 0.000000+0 0.000000+0          0          0          1          27628 1451    4
 76-Os-185 JAEA       EVAL-Aug21 N.Iwamoto                        7628 1451    5
                      DIST-DEC21                       20210830   7628 1451    6
----JENDL-5           MATERIAL 7628                               7628 1451    7
-----INCIDENT NEUTRON DATA                                        7628 1451    8
------ENDF-6 FORMAT                                               7628 1451    9
                                                                  7628 1451   10
                                1        451         12          07628 1451   11
                                2        151          4          07628 1451   12
                                                                  7628 1  099999
                                                                  7628 0  0    0
 7.618500+4 1.833652+2          0          0          1          07628 2151    1
 7.618500+4 1.000000+0          0          0          1          07628 2151    2
 1.000000-5 1.000000+5          0          0          0          07628 2151    3
 5.000000-1 8.900000-1          0          0          0          07628 2151    4
                                                                  7628 2  0    5
                                                                  7628 0  0    0
                                                                     0 0  0    0
                                                                    -1 0  0    0
