 n-Os191m.res.jendl5.0: Merger of MF1 and MF2                       99 0  0    0
 7.619100+4 1.893205+2          1          0          6          17647 1451    1
 7.438200+4 1.000000+0          1          1          0          67647 1451    2
 1.000000+0 2.000000+8          0          0         10          57647 1451    3
 0.000000+0 0.000000+0          0          0          1          27647 1451    4
 76-Os-191MJAEA       EVAL-Aug21 N.Iwamoto                        7647 1451    5
                      DIST-DEC21                       20210830   7647 1451    6
----JENDL-5           MATERIAL 7647                               7647 1451    7
-----INCIDENT NEUTRON DATA                                        7647 1451    8
------ENDF-6 FORMAT                                               7647 1451    9
                                                                  7647 1451   10
                                1        451         12          07647 1451   11
                                2        151          4          07647 1451   12
                                                                  7647 1  099999
                                                                  7647 0  0    0
 7.619100+4 1.893205+2          0          0          1          07647 2151    1
 7.619100+4 1.000000+0          0          0          1          07647 2151    2
 1.000000-5 1.000000+5          0          0          0          07647 2151    3
 1.500000+0 8.900000-1          0          0          0          07647 2151    4
                                                                  7647 2  0    5
                                                                  7647 0  0    0
                                                                     0 0  0    0
                                                                    -1 0  0    0
