 n-Os193.res.jendl5.0: Merger of MF1 and MF2                        99 0  0    0
 7.619300+4 1.913065+2          1          0          6          17652 1451    1
 0.000000+0 1.000000+0          0          0          0          67652 1451    2
 1.000000+0 2.000000+8          0          0         10          57652 1451    3
 0.000000+0 0.000000+0          0          0          1          27652 1451    4
 76-Os-193 JAEA       EVAL-Aug21 N.Iwamoto                        7652 1451    5
                      DIST-DEC21                       20210830   7652 1451    6
----JENDL-5           MATERIAL 7652                               7652 1451    7
-----INCIDENT NEUTRON DATA                                        7652 1451    8
------ENDF-6 FORMAT                                               7652 1451    9
                                                                  7652 1451   10
                                1        451         12          07652 1451   11
                                2        151          4          07652 1451   12
                                                                  7652 1  099999
                                                                  7652 0  0    0
 7.619300+4 1.913065+2          0          0          1          07652 2151    1
 7.619300+4 1.000000+0          0          0          1          07652 2151    2
 1.000000-5 1.000000+5          0          0          0          07652 2151    3
 1.500000+0 8.900000-1          0          0          0          07652 2151    4
                                                                  7652 2  0    5
                                                                  7652 0  0    0
                                                                     0 0  0    0
                                                                    -1 0  0    0
