 n-P032.res.jendl5.0: Merger of MF1 and MF2                         99 0  0    0
 1.503200+4 3.169924+1          1          0          6          11528 1451    1
 0.000000+0 1.000000+0          0          0          0          61528 1451    2
 1.000000+0 2.000000+8          0          0         10          51528 1451    3
 0.000000+0 0.000000+0          0          0          1          21528 1451    4
 15-P - 32 JAEA       EVAL-Sep21 N.Iwamoto                        1528 1451    5
                      DIST-DEC21                       20210920   1528 1451    6
----JENDL-5           MATERIAL 1528                               1528 1451    7
-----INCIDENT NEUTRON DATA                                        1528 1451    8
------ENDF-6 FORMAT                                               1528 1451    9
History                                                           1528 1451   10
                                1        451         12          01528 1451   11
                                2        151          4          01528 1451   12
                                                                  1528 1  099999
                                                                  1528 0  0    0
 1.503200+4 3.169924+1          0          0          1          01528 2151    1
 1.503200+4 1.000000+0          0          0          1          01528 2151    2
 1.000000-5 1.000000+5          0          0          0          01528 2151    3
 1.000000+0 4.705007-1          0          0          0          01528 2151    4
                                                                  1528 2  0    5
                                                                  1528 0  0    0
                                                                     0 0  0    0
                                                                    -1 0  0    0
