 n-Pa229.res.jendl5.0: Merger of MF1 and MF2                        99 0  0    0
 9.122900+4 2.270650+2          1          1          6          19125 1451    1
 0.000000+0 1.000000+0          0          0          0          69125 1451    2
 1.000000+0 2.000000+7          0          0         10          59125 1451    3
 0.000000+0 0.000000+0          0          0          1          29125 1451    4
 91-Pa-229 JAEA+      EVAL-FEB10 O.Iwamoto, T.Nakagawa, et al.    9125 1451    5
                      DIST-DEC21                       20100304   9125 1451    6
----JENDL-5           MATERIAL 9125                               9125 1451    7
-----INCIDENT NEUTRON DATA                                        9125 1451    8
------ENDF-6 FORMAT                                               9125 1451    9
                                                                  9125 1451   10
                                1        451         12          09125 1451   11
                                2        151          4          09125 1451   12
                                                                  9125 1  099999
                                                                  9125 0  0    0
 9.122900+4 2.270650+2          0          0          1          09125 2151    1
 9.122900+4 1.000000+0          0          0          1          09125 2151    2
 1.000000-5 1.500000-1          0          0          0          09125 2151    3
 2.500000+0 9.691000-1          0          0          0          09125 2151    4
                                                                  9125 2  0    5
                                                                  9125 0  0    0
                                                                     0 0  0    0
                                                                    -1 0  0    0
