 n-Pa228.res.jendl5.0: Merger of MF1 and MF2                        99 0  0    0
 9.122800+4 2.260722+2          1          1          6          19122 1451    1
 0.000000+0 1.000000+0          0          0          0          69122 1451    2
 1.000000+0 2.000000+8          0          0         10          59122 1451    3
 0.000000+0 0.000000+0          0          0          1          29122 1451    4
 91-Pa-228 JAEA       EVAL-Sep21 N.Iwamoto                        9122 1451    5
                      DIST-DEC21                       20210920   9122 1451    6
----JENDL-5           MATERIAL 9122                               9122 1451    7
-----INCIDENT NEUTRON DATA                                        9122 1451    8
------ENDF-6 FORMAT                                               9122 1451    9
                                                                  9122 1451   10
                                1        451         12          09122 1451   11
                                2        151          4          09122 1451   12
                                                                  9122 1  099999
                                                                  9122 0  0    0
 9.122800+4 2.260722+2          0          0          1          09122 2151    1
 9.122800+4 1.000000+0          0          0          1          09122 2151    2
 1.000000-5 1.000000+5          0          0          0          09122 2151    3
 3.000000+0 8.314211-1          0          0          0          09122 2151    4
                                                                  9122 2  0    5
                                                                  9122 0  0    0
                                                                     0 0  0    0
                                                                    -1 0  0    0
