 n-Pb202.res.jendl5.0: Merger of MF1 and MF2                        99 0  0    0
 8.220200+4 2.002371+2          1          0          6          18219 1451    1
 0.000000+0 1.000000+0          0          0          0          68219 1451    2
 1.000000+0 2.000000+8          0          0         10          58219 1451    3
 0.000000+0 0.000000+0          0          0          1          28219 1451    4
 82-Pb-202 JAEA       EVAL-Sep21 N.Iwamoto                        8219 1451    5
                      DIST-DEC21                       20210920   8219 1451    6
----JENDL-5           MATERIAL 8219                               8219 1451    7
-----INCIDENT NEUTRON DATA                                        8219 1451    8
------ENDF-6 FORMAT                                               8219 1451    9
History                                                           8219 1451   10
                                1        451         12          08219 1451   11
                                2        151          4          08219 1451   12
                                                                  8219 1  099999
                                                                  8219 0  0    0
 8.220200+4 2.002371+2          0          0          1          08219 2151    1
 8.220200+4 1.000000+0          0          0          1          08219 2151    2
 1.000000-5 1.000000+5          0          0          0          08219 2151    3
 0.000000+0 8.016981-1          0          0          0          08219 2151    4
                                                                  8219 2  0    5
                                                                  8219 0  0    0
                                                                     0 0  0    0
                                                                    -1 0  0    0
