 n-Pb209.res.jendl5.0: Merger of MF1 and MF2                        99 0  0    0
 8.220900+4 2.071858+2          1          0          6          18240 1451    1
 0.000000+0 1.000000+0          0          0          0          68240 1451    2
 1.000000+0 2.000000+8          0          0         10          58240 1451    3
 0.000000+0 0.000000+0          0          0          1          28240 1451    4
 82-Pb-209 JAEA       EVAL-Sep21 N.Iwamoto                        8240 1451    5
                      DIST-DEC21                       20210920   8240 1451    6
----JENDL-5           MATERIAL 8240                               8240 1451    7
-----INCIDENT NEUTRON DATA                                        8240 1451    8
------ENDF-6 FORMAT                                               8240 1451    9
History                                                           8240 1451   10
                                1        451         12          08240 1451   11
                                2        151          4          08240 1451   12
                                                                  8240 1  099999
                                                                  8240 0  0    0
 8.220900+4 2.071858+2          0          0          1          08240 2151    1
 8.220900+4 1.000000+0          0          0          1          08240 2151    2
 1.000000-5 1.000000+5          0          0          0          08240 2151    3
 4.500000+0 8.099401-1          0          0          0          08240 2151    4
                                                                  8240 2  0    5
                                                                  8240 0  0    0
                                                                     0 0  0    0
                                                                    -1 0  0    0
