 n-Pb203.res.jendl5.0: Merger of MF1 and MF2                        99 0  0    0
 8.220300+4 2.012298+2          1          0          6          18222 1451    1
 0.000000+0 1.000000+0          0          0          0          68222 1451    2
 1.000000+0 2.000000+8          0          0         10          58222 1451    3
 0.000000+0 0.000000+0          0          0          1          28222 1451    4
 82-Pb-203 JAEA       EVAL-Sep21 N.Iwamoto                        8222 1451    5
                      DIST-DEC21                       20210920   8222 1451    6
----JENDL-5           MATERIAL 8222                               8222 1451    7
-----INCIDENT NEUTRON DATA                                        8222 1451    8
------ENDF-6 FORMAT                                               8222 1451    9
History                                                           8222 1451   10
                                1        451         12          08222 1451   11
                                2        151          4          08222 1451   12
                                                                  8222 1  099999
                                                                  8222 0  0    0
 8.220300+4 2.012298+2          0          0          1          08222 2151    1
 8.220300+4 1.000000+0          0          0          1          08222 2151    2
 1.000000-5 1.000000+5          0          0          0          08222 2151    3
 2.500000+0 8.028871-1          0          0          0          08222 2151    4
                                                                  8222 2  0    5
                                                                  8222 0  0    0
                                                                     0 0  0    0
                                                                    -1 0  0    0
