 n-Pd112.res.jendl5.0: Merger of MF1 and MF2                        99 0  0    0
 4.611200+4 1.109460+2          1          0          6          14655 1451    1
 0.000000+0 1.000000+0          0          0          0          64655 1451    2
 1.000000+0 2.000000+8          0          0         10          54655 1451    3
 0.000000+0 0.000000+0          0          0          1          24655 1451    4
 46-Pd-112 JAEA       EVAL-Sep21 N.Iwamoto                        4655 1451    5
                      DIST-DEC21                       20210920   4655 1451    6
----JENDL-5           MATERIAL 4655                               4655 1451    7
-----INCIDENT NEUTRON DATA                                        4655 1451    8
------ENDF-6 FORMAT                                               4655 1451    9
History                                                           4655 1451   10
                                1        451         12          04655 1451   11
                                2        151          4          04655 1451   12
                                                                  4655 1  099999
                                                                  4655 0  0    0
 4.611200+4 1.109460+2          0          0          1          04655 2151    1
 4.611200+4 1.000000+0          0          0          1          04655 2151    2
 1.000000-5 1.000000+5          0          0          0          04655 2151    3
 0.000000+0 6.728950-1          0          0          0          04655 2151    4
                                                                  4655 2  0    5
                                                                  4655 0  0    0
                                                                     0 0  0    0
                                                                    -1 0  0    0
