 n-Pd101.res.jendl5.0: Merger of MF1 and MF2                        99 0  0    0
 4.610100+4 1.000414+2          1          0          6          14622 1451    1
 0.000000+0 1.000000+0          0          0          0          64622 1451    2
 1.000000+0 2.000000+8          0          0         10          54622 1451    3
 0.000000+0 0.000000+0          0          0          1          24622 1451    4
 46-Pd-101 JAEA       EVAL-Sep21 N.Iwamoto                        4622 1451    5
                      DIST-DEC21                       20210920   4622 1451    6
----JENDL-5           MATERIAL 4622                               4622 1451    7
-----INCIDENT NEUTRON DATA                                        4622 1451    8
------ENDF-6 FORMAT                                               4622 1451    9
History                                                           4622 1451   10
                                1        451         12          04622 1451   11
                                2        151          4          04622 1451   12
                                                                  4622 1  099999
                                                                  4622 0  0    0
 4.610100+4 1.000414+2          0          0          1          04622 2151    1
 4.610100+4 1.000000+0          0          0          1          04622 2151    2
 1.000000-5 1.000000+5          0          0          0          04622 2151    3
 2.500000+0 6.528122-1          0          0          0          04622 2151    4
                                                                  4622 2  0    5
                                                                  4622 0  0    0
                                                                     0 0  0    0
                                                                    -1 0  0    0
