 n-Pd100.res.jendl5.0: Merger of MF1 and MF2                        99 0  0    0
 4.610000+4 9.905026+1          1          0          6          14619 1451    1
 0.000000+0 1.000000+0          0          0          0          64619 1451    2
 1.000000+0 2.000000+8          0          0         10          54619 1451    3
 0.000000+0 0.000000+0          0          0          1          24619 1451    4
 46-Pd-100 JAEA       EVAL-Sep21 N.Iwamoto                        4619 1451    5
                      DIST-DEC21                       20210920   4619 1451    6
----JENDL-5           MATERIAL 4619                               4619 1451    7
-----INCIDENT NEUTRON DATA                                        4619 1451    8
------ENDF-6 FORMAT                                               4619 1451    9
History                                                           4619 1451   10
                                1        451         12          04619 1451   11
                                2        151          4          04619 1451   12
                                                                  4619 1  099999
                                                                  4619 0  0    0
 4.610000+4 9.905026+1          0          0          1          04619 2151    1
 4.610000+4 1.000000+0          0          0          1          04619 2151    2
 1.000000-5 1.000000+5          0          0          0          04619 2151    3
 0.000000+0 6.509154-1          0          0          0          04619 2151    4
                                                                  4619 2  0    5
                                                                  4619 0  0    0
                                                                     0 0  0    0
                                                                    -1 0  0    0
