 n-Pm144.res.jendl5.0: Merger of MF1 and MF2                        99 0  0    0
 6.114400+4 1.426763+2          1          0          6          16140 1451    1
 0.000000+0 1.000000+0          0          0          0          66140 1451    2
 1.000000+0 2.000000+8          0          0         10          56140 1451    3
 0.000000+0 0.000000+0          0          0          1          26140 1451    4
 61-Pm-144 JAEA       EVAL-Sep21 N.Iwamoto                        6140 1451    5
                      DIST-DEC21                       20210920   6140 1451    6
----JENDL-5           MATERIAL 6140                               6140 1451    7
-----INCIDENT NEUTRON DATA                                        6140 1451    8
------ENDF-6 FORMAT                                               6140 1451    9
History                                                           6140 1451   10
                                1        451         12          06140 1451   11
                                2        151          4          06140 1451   12
                                                                  6140 1  099999
                                                                  6140 0  0    0
 6.114400+4 1.426763+2          0          0          1          06140 2151    1
 6.114400+4 1.000000+0          0          0          1          06140 2151    2
 1.000000-5 1.000000+5          0          0          0          06140 2151    3
 5.000000+0 7.247024-1          0          0          0          06140 2151    4
                                                                  6140 2  0    5
                                                                  6140 0  0    0
                                                                     0 0  0    0
                                                                    -1 0  0    0
