 n-Pm143.res.jendl5.0: Merger of MF1 and MF2                        99 0  0    0
 6.114300+4 1.416833+2          1          0          6          16137 1451    1
 0.000000+0 1.000000+0          0          0          0          66137 1451    2
 1.000000+0 2.000000+8          0          0         10          56137 1451    3
 0.000000+0 0.000000+0          0          0          1          26137 1451    4
 61-Pm-143 JAEA       EVAL-Sep21 N.Iwamoto                        6137 1451    5
                      DIST-DEC21                       20210920   6137 1451    6
----JENDL-5           MATERIAL 6137                               6137 1451    7
-----INCIDENT NEUTRON DATA                                        6137 1451    8
------ENDF-6 FORMAT                                               6137 1451    9
History                                                           6137 1451   10
                                1        451         12          06137 1451   11
                                2        151          4          06137 1451   12
                                                                  6137 1  099999
                                                                  6137 0  0    0
 6.114300+4 1.416833+2          0          0          1          06137 2151    1
 6.114300+4 1.000000+0          0          0          1          06137 2151    2
 1.000000-5 1.000000+5          0          0          0          06137 2151    3
 2.500000+0 7.232065-1          0          0          0          06137 2151    4
                                                                  6137 2  0    5
                                                                  6137 0  0    0
                                                                     0 0  0    0
                                                                    -1 0  0    0
