 n-Pm150.res.jendl5.0: Merger of MF1 and MF2                        99 0  0    0
 6.115000+4 1.486331+2          1          0          6          16158 1451    1
 0.000000+0 1.000000+0          0          0          0          66158 1451    2
 1.000000+0 2.000000+8          0          0         10          56158 1451    3
 0.000000+0 0.000000+0          0          0          1          26158 1451    4
 61-Pm-150 JAEA       EVAL-Sep21 N.Iwamoto                        6158 1451    5
                      DIST-DEC21                       20210920   6158 1451    6
----JENDL-5           MATERIAL 6158                               6158 1451    7
-----INCIDENT NEUTRON DATA                                        6158 1451    8
------ENDF-6 FORMAT                                               6158 1451    9
History                                                           6158 1451   10
                                1        451         12          06158 1451   11
                                2        151          4          06158 1451   12
                                                                  6158 1  099999
                                                                  6158 0  0    0
 6.115000+4 1.486331+2          0          0          1          06158 2151    1
 6.115000+4 1.000000+0          0          0          1          06158 2151    2
 1.000000-5 1.000000+5          0          0          0          06158 2151    3
 1.000000+0 7.335350-1          0          0          0          06158 2151    4
                                                                  6158 2  0    5
                                                                  6158 0  0    0
                                                                     0 0  0    0
                                                                    -1 0  0    0
