 n-Po206.res.jendl5.0: Merger of MF1 and MF2                        99 0  0    0
 8.420600+4 2.042110+2          1          0          6          18425 1451    1
 0.000000+0 1.000000+0          0          0          0          68425 1451    2
 1.000000+0 2.000000+8          0          0         10          58425 1451    3
 0.000000+0 0.000000+0          0          0          1          28425 1451    4
 84-Po-206 JAEA       EVAL-Sep21 N.Iwamoto                        8425 1451    5
                      DIST-DEC21                       20210920   8425 1451    6
----JENDL-5           MATERIAL 8425                               8425 1451    7
-----INCIDENT NEUTRON DATA                                        8425 1451    8
------ENDF-6 FORMAT                                               8425 1451    9
History                                                           8425 1451   10
                                1        451         12          08425 1451   11
                                2        151          4          08425 1451   12
                                                                  8425 1  099999
                                                                  8425 0  0    0
 8.420600+4 2.042110+2          0          0          1          08425 2151    1
 8.420600+4 1.000000+0          0          0          1          08425 2151    2
 1.000000-5 1.000000+5          0          0          0          08425 2151    3
 0.000000+0 8.064307-1          0          0          0          08425 2151    4
                                                                  8425 2  0    5
                                                                  8425 0  0    0
                                                                     0 0  0    0
                                                                    -1 0  0    0
