 n-Po207.res.jendl5.0: Merger of MF1 and MF2                        99 0  0    0
 8.420700+4 2.052035+2          1          0          6          18428 1451    1
 0.000000+0 1.000000+0          0          0          0          68428 1451    2
 1.000000+0 2.000000+8          0          0         10          58428 1451    3
 0.000000+0 0.000000+0          0          0          1          28428 1451    4
 84-Po-207 JAEA       EVAL-Sep21 N.Iwamoto                        8428 1451    5
                      DIST-DEC21                       20210920   8428 1451    6
----JENDL-5           MATERIAL 8428                               8428 1451    7
-----INCIDENT NEUTRON DATA                                        8428 1451    8
------ENDF-6 FORMAT                                               8428 1451    9
History                                                           8428 1451   10
                                1        451         12          08428 1451   11
                                2        151          4          08428 1451   12
                                                                  8428 1  099999
                                                                  8428 0  0    0
 8.420700+4 2.052035+2          0          0          1          08428 2151    1
 8.420700+4 1.000000+0          0          0          1          08428 2151    2
 1.000000-5 1.000000+5          0          0          0          08428 2151    3
 2.500000+0 8.076042-1          0          0          0          08428 2151    4
                                                                  8428 2  0    5
                                                                  8428 0  0    0
                                                                     0 0  0    0
                                                                    -1 0  0    0
