 n-Pr142.res.jendl5.0: Merger of MF1 and MF2                        99 0  0    0
 5.914200+4 1.406910+2          1          0          6          15928 1451    1
 0.000000+0 1.000000+0          0          0          0          65928 1451    2
 1.000000+0 2.000000+8          0          0         10          55928 1451    3
 0.000000+0 0.000000+0          0          0          1          25928 1451    4
 59-Pr-142 JAEA       EVAL-Sep21 N.Iwamoto                        5928 1451    5
                      DIST-DEC21                       20210920   5928 1451    6
----JENDL-5           MATERIAL 5928                               5928 1451    7
-----INCIDENT NEUTRON DATA                                        5928 1451    8
------ENDF-6 FORMAT                                               5928 1451    9
History                                                           5928 1451   10
                                1        451         12          05928 1451   11
                                2        151          4          05928 1451   12
                                                                  5928 1  099999
                                                                  5928 0  0    0
 5.914200+4 1.406910+2          0          0          1          05928 2151    1
 5.914200+4 1.000000+0          0          0          1          05928 2151    2
 1.000000-5 1.000000+5          0          0          0          05928 2151    3
 2.000000+0 7.217037-1          0          0          0          05928 2151    4
                                                                  5928 2  0    5
                                                                  5928 0  0    0
                                                                     0 0  0    0
                                                                    -1 0  0    0
