 n-Pt200.res.jendl5.0: Merger of MF1 and MF2                        99 0  0    0
 7.820000+4 1.982536+2          1          0          6          17855 1451    1
 0.000000+0 1.000000+0          0          0          0          67855 1451    2
 1.000000+0 2.000000+8          0          0         10          57855 1451    3
 0.000000+0 0.000000+0          0          0          1          27855 1451    4
 78-Pt-200 JAEA       EVAL-Sep21 N.Iwamoto                        7855 1451    5
                      DIST-DEC21                       20210920   7855 1451    6
----JENDL-5           MATERIAL 7855                               7855 1451    7
-----INCIDENT NEUTRON DATA                                        7855 1451    8
------ENDF-6 FORMAT                                               7855 1451    9
History                                                           7855 1451   10
                                1        451         12          07855 1451   11
                                2        151          4          07855 1451   12
                                                                  7855 1  099999
                                                                  7855 0  0    0
 7.820000+4 1.982536+2          0          0          1          07855 2151    1
 7.820000+4 1.000000+0          0          0          1          07855 2151    2
 1.000000-5 1.000000+5          0          0          0          07855 2151    3
 0.000000+0 7.993084-1          0          0          0          07855 2151    4
                                                                  7855 2  0    5
                                                                  7855 0  0    0
                                                                     0 0  0    0
                                                                    -1 0  0    0
