 n-Re186m.res.jendl5.0: Merger of MF1 and MF2                       99 0  0    0
 7.518600+4 1.843575+2          1          0          6          17529 1451    1
 1.490000+5 1.000000+0          4          1          0          67529 1451    2
 1.000000+0 2.000000+8          0          0         10          57529 1451    3
 0.000000+0 0.000000+0          0          0          1          27529 1451    4
 75-Re-186MJAEA       EVAL-Sep21 N.Iwamoto                        7529 1451    5
                      DIST-DEC21                       20210920   7529 1451    6
----JENDL-5           MATERIAL 7529                               7529 1451    7
-----INCIDENT NEUTRON DATA                                        7529 1451    8
------ENDF-6 FORMAT                                               7529 1451    9
History                                                           7529 1451   10
                                1        451         12          07529 1451   11
                                2        151          4          07529 1451   12
                                                                  7529 1  099999
                                                                  7529 0  0    0
 7.518600+4 1.843575+2          0          0          1          07529 2151    1
 7.518600+4 1.000000+0          0          0          1          07529 2151    2
 1.000000-5 1.000000+5          0          0          0          07529 2151    3
 8.000000+0 7.821169-1          0          0          0          07529 2151    4
                                                                  7529 2  0    5
                                                                  7529 0  0    0
                                                                     0 0  0    0
                                                                    -1 0  0    0
