 n-Re184m.res.jendl5.0: Merger of MF1 and MF2                       99 0  0    0
 7.518400+4 1.823723+2          1          0          6          17523 1451    1
 1.880460+5 1.000000+0          5          1          0          67523 1451    2
 1.000000+0 2.000000+8          0          0         10          57523 1451    3
 0.000000+0 0.000000+0          0          0          1          27523 1451    4
 75-Re-184MJAEA       EVAL-Sep21 N.Iwamoto                        7523 1451    5
                      DIST-DEC21                       20210920   7523 1451    6
----JENDL-5           MATERIAL 7523                               7523 1451    7
-----INCIDENT NEUTRON DATA                                        7523 1451    8
------ENDF-6 FORMAT                                               7523 1451    9
History                                                           7523 1451   10
                                1        451         12          07523 1451   11
                                2        151          4          07523 1451   12
                                                                  7523 1  099999
                                                                  7523 0  0    0
 7.518400+4 1.823723+2          0          0          1          07523 2151    1
 7.518400+4 1.000000+0          0          0          1          07523 2151    2
 1.000000-5 1.000000+5          0          0          0          07523 2151    3
 8.000000+0 7.795913-1          0          0          0          07523 2151    4
                                                                  7523 2  0    5
                                                                  7523 0  0    0
                                                                     0 0  0    0
                                                                    -1 0  0    0
