 n-Re189.res.jendl5.0: Merger of MF1 and MF2                        99 0  0    0
 7.518900+4 1.873360+2          1          0          6          17537 1451    1
 0.000000+0 1.000000+0          0          0          0          67537 1451    2
 1.000000+0 2.000000+8          0          0         10          57537 1451    3
 0.000000+0 0.000000+0          0          0          1          27537 1451    4
 75-Re-189 JAEA       EVAL-May21 N.Iwamoto                        7537 1451    5
                      DIST-DEC21                       20210531   7537 1451    6
----JENDL-5           MATERIAL 7537                               7537 1451    7
-----INCIDENT NEUTRON DATA                                        7537 1451    8
------ENDF-6 FORMAT                                               7537 1451    9
                                                                  7537 1451   10
                                1        451         12          07537 1451   11
                                2        151          4          07537 1451   12
                                                                  7537 1  099999
                                                                  7537 0  0    0
 7.518900+4 1.873360+2          0          0          1          07537 2151    1
 7.518900+4 1.000000+0          0          0          1          07537 2151    2
 1.000000-5 1.000000+5          0          0          0          07537 2151    3
 2.500000+0 8.700000-1          0          0          0          07537 2151    4
                                                                  7537 2  0    5
                                                                  7537 0  0    0
                                                                     0 0  0    0
                                                                    -1 0  0    0
