 n-Re182.res.jendl5.0: Merger of MF1 and MF2                        99 0  0    0
 7.518200+4 1.803882+2          1          0          6          17516 1451    1
 0.000000+0 1.000000+0          0          0          0          67516 1451    2
 1.000000+0 2.000000+8          0          0         10          57516 1451    3
 0.000000+0 0.000000+0          0          0          1          27516 1451    4
 75-Re-182 JAEA       EVAL-Sep21 N.Iwamoto                        7516 1451    5
                      DIST-DEC21                       20210920   7516 1451    6
----JENDL-5           MATERIAL 7516                               7516 1451    7
-----INCIDENT NEUTRON DATA                                        7516 1451    8
------ENDF-6 FORMAT                                               7516 1451    9
History                                                           7516 1451   10
                                1        451         12          07516 1451   11
                                2        151          4          07516 1451   12
                                                                  7516 1  099999
                                                                  7516 0  0    0
 7.518200+4 1.803882+2          0          0          1          07516 2151    1
 7.518200+4 1.000000+0          0          0          1          07516 2151    2
 1.000000-5 1.000000+5          0          0          0          07516 2151    3
 7.000000+0 7.770473-1          0          0          0          07516 2151    4
                                                                  7516 2  0    5
                                                                  7516 0  0    0
                                                                     0 0  0    0
                                                                    -1 0  0    0
