 n-Re188.res.jendl5.0: Merger of MF1 and MF2                        99 0  0    0
 7.518800+4 1.863435+2          1          0          6          17534 1451    1
 0.000000+0 1.000000+0          0          0          0          67534 1451    2
 1.000000+0 2.000000+8          0          0         10          57534 1451    3
 0.000000+0 0.000000+0          0          0          1          27534 1451    4
 75-Re-188 JAEA       EVAL-May21 N.Iwamoto                        7534 1451    5
                      DIST-DEC21                       20210531   7534 1451    6
----JENDL-5           MATERIAL 7534                               7534 1451    7
-----INCIDENT NEUTRON DATA                                        7534 1451    8
------ENDF-6 FORMAT                                               7534 1451    9
                                                                  7534 1451   10
                                1        451         12          07534 1451   11
                                2        151          4          07534 1451   12
                                                                  7534 1  099999
                                                                  7534 0  0    0
 7.518800+4 1.863435+2          0          0          1          07534 2151    1
 7.518800+4 1.000000+0          0          0          1          07534 2151    2
 1.000000-5 1.000000+5          0          0          0          07534 2151    3
 1.000000+0 8.700000-1          0          0          0          07534 2151    4
                                                                  7534 2  0    5
                                                                  7534 0  0    0
                                                                     0 0  0    0
                                                                    -1 0  0    0
