 n-Re183.res.jendl5.0: Merger of MF1 and MF2                        99 0  0    0
 7.518300+4 1.813792+2          1          0          6          17519 1451    1
 0.000000+0 1.000000+0          0          0          0          67519 1451    2
 1.000000+0 2.000000+8          0          0         10          57519 1451    3
 0.000000+0 0.000000+0          0          0          1          27519 1451    4
 75-Re-183 JAEA       EVAL-May21 N.Iwamoto                        7519 1451    5
                      DIST-DEC21                       20210531   7519 1451    6
----JENDL-5           MATERIAL 7519                               7519 1451    7
-----INCIDENT NEUTRON DATA                                        7519 1451    8
------ENDF-6 FORMAT                                               7519 1451    9
                                                                  7519 1451   10
                                1        451         12          07519 1451   11
                                2        151          4          07519 1451   12
                                                                  7519 1  099999
                                                                  7519 0  0    0
 7.518300+4 1.813792+2          0          0          1          07519 2151    1
 7.518300+4 1.000000+0          0          0          1          07519 2151    2
 1.000000-5 1.000000+5          0          0          0          07519 2151    3
 2.500000+0 8.700000-1          0          0          0          07519 2151    4
                                                                  7519 2  0    5
                                                                  7519 0  0    0
                                                                     0 0  0    0
                                                                    -1 0  0    0
