 n-Rh101.res.jendl5.0: Merger of MF1 and MF2                        99 0  0    0
 4.510100+4 1.000393+2          1          0          6          14519 1451    1
 0.000000+0 1.000000+0          0          0          0          64519 1451    2
 1.000000+0 2.000000+8          0          0         10          54519 1451    3
 0.000000+0 0.000000+0          0          0          1          24519 1451    4
 45-Rh-101 JAEA       EVAL-Oct21 N.Iwamoto                        4519 1451    5
                      DIST-DEC21                       20211020   4519 1451    6
----JENDL-5           MATERIAL 4519                               4519 1451    7
-----INCIDENT NEUTRON DATA                                        4519 1451    8
------ENDF-6 FORMAT                                               4519 1451    9
History                                                           4519 1451   10
                                1        451         12          04519 1451   11
                                2        151          4          04519 1451   12
                                                                  4519 1  099999
                                                                  4519 0  0    0
 4.510100+4 1.000393+2          0          0          1          04519 2151    1
 4.510100+4 1.000000+0          0          0          1          04519 2151    2
 1.000000-5 1.000000+5          0          0          0          04519 2151    3
 5.000000-1 6.450000-1          0          0          0          04519 2151    4
                                                                  4519 2  0    5
                                                                  4519 0  0    0
                                                                     0 0  0    0
                                                                    -1 0  0    0
