 n-Rh099m.res.jendl5.0: Merger of MF1 and MF2                       99 0  0    0
 4.509900+4 9.805846+1          1          0          6          14514 1451    1
 6.460000+4 1.000000+0          1          1          0          64514 1451    2
 1.000000+0 2.000000+8          0          0         10          54514 1451    3
 0.000000+0 0.000000+0          0          0          1          24514 1451    4
 45-Rh- 99MJAEA       EVAL-Oct21 N.Iwamoto                        4514 1451    5
                      DIST-DEC21                       20211020   4514 1451    6
----JENDL-5           MATERIAL 4514                               4514 1451    7
-----INCIDENT NEUTRON DATA                                        4514 1451    8
------ENDF-6 FORMAT                                               4514 1451    9
History                                                           4514 1451   10
                                1        451         12          04514 1451   11
                                2        151          4          04514 1451   12
                                                                  4514 1  099999
                                                                  4514 0  0    0
 4.509900+4 9.805846+1          0          0          1          04514 2151    1
 4.509900+4 1.000000+0          0          0          1          04514 2151    2
 1.000000-5 1.000000+5          0          0          0          04514 2151    3
 4.500000+0 6.450000-1          0          0          0          04514 2151    4
                                                                  4514 2  0    5
                                                                  4514 0  0    0
                                                                     0 0  0    0
                                                                    -1 0  0    0
