 n-Rh100.res.jendl5.0: Merger of MF1 and MF2                        99 0  0    0
 4.510000+4 9.904986+1          1          0          6          14516 1451    1
 0.000000+0 1.000000+0          0          0          0          64516 1451    2
 1.000000+0 2.000000+8          0          0         10          54516 1451    3
 0.000000+0 0.000000+0          0          0          1          24516 1451    4
 45-Rh-100 JAEA       EVAL-Oct21 N.Iwamoto                        4516 1451    5
                      DIST-DEC21                       20211020   4516 1451    6
----JENDL-5           MATERIAL 4516                               4516 1451    7
-----INCIDENT NEUTRON DATA                                        4516 1451    8
------ENDF-6 FORMAT                                               4516 1451    9
History                                                           4516 1451   10
                                1        451         12          04516 1451   11
                                2        151          4          04516 1451   12
                                                                  4516 1  099999
                                                                  4516 0  0    0
 4.510000+4 9.904986+1          0          0          1          04516 2151    1
 4.510000+4 1.000000+0          0          0          1          04516 2151    2
 1.000000-5 1.000000+5          0          0          0          04516 2151    3
 1.000000+0 6.450000-1          0          0          0          04516 2151    4
                                                                  4516 2  0    5
                                                                  4516 0  0    0
                                                                     0 0  0    0
                                                                    -1 0  0    0
