 n-Rh101m.res.jendl5.0: Merger of MF1 and MF2                       99 0  0    0
 4.510100+4 1.000393+2          1          0          6          14520 1451    1
 1.573200+5 1.000000+0          1          1          0          64520 1451    2
 1.000000+0 2.000000+8          0          0         10          54520 1451    3
 0.000000+0 0.000000+0          0          0          1          24520 1451    4
 45-Rh-101MJAEA       EVAL-Oct21 N.Iwamoto                        4520 1451    5
                      DIST-DEC21                       20211020   4520 1451    6
----JENDL-5           MATERIAL 4520                               4520 1451    7
-----INCIDENT NEUTRON DATA                                        4520 1451    8
------ENDF-6 FORMAT                                               4520 1451    9
History                                                           4520 1451   10
                                1        451         12          04520 1451   11
                                2        151          4          04520 1451   12
                                                                  4520 1  099999
                                                                  4520 0  0    0
 4.510100+4 1.000393+2          0          0          1          04520 2151    1
 4.510100+4 1.000000+0          0          0          1          04520 2151    2
 1.000000-5 1.000000+5          0          0          0          04520 2151    3
 4.500000+0 6.450000-1          0          0          0          04520 2151    4
                                                                  4520 2  0    5
                                                                  4520 0  0    0
                                                                     0 0  0    0
                                                                    -1 0  0    0
