 n-Rh105.res.jendl5.0: Merger of MF1 and MF2                        99 0  0    0
 4.510500+4 1.040045+2          1          0          6          14531 1451    1
 0.000000+0 1.000000+0          0          0          0          64531 1451    2
 1.000000+0 2.000000+8          0          0         10          54531 1451    3
 0.000000+0 0.000000+0          0          0          1          24531 1451    4
 45-Rh-105 JAEA       EVAL-Oct21 N.Iwamoto                        4531 1451    5
                      DIST-DEC21                       20211020   4531 1451    6
----JENDL-5           MATERIAL 4531                               4531 1451    7
-----INCIDENT NEUTRON DATA                                        4531 1451    8
------ENDF-6 FORMAT                                               4531 1451    9
History                                                           4531 1451   10
                                1        451         12          04531 1451   11
                                2        151          7          04531 1451   12
                                                                  4531 1  099999
                                                                  4531 0  0    0
 4.510500+4 1.040045+2          0          0          1          04531 2151    1
 4.510500+4 1.000000+0          0          0          1          04531 2151    2
 1.000000-5 8.500000+0          1          2          0          04531 2151    3
 3.500000+0 6.200000-1          0          0          1          04531 2151    4
 1.040050+2 0.000000+0          0          0         12          24531 2151    5
-2.300000+0 4.000000+0 4.900000-1 3.300000-1 1.600000-1 0.000000+04531 2151    6
 4.500000+0 4.000000+0 6.000000-1 4.400000-1 1.600000-1 0.000000+04531 2151    7
                                                                  4531 2  0    8
                                                                  4531 0  0    0
                                                                     0 0  0    0
                                                                    -1 0  0    0
