 n-Rh104.res.jendl5.0: Merger of MF1 and MF2                        99 0  0    0
 4.510400+4 1.030140+2          1          0          6          14528 1451    1
 0.000000+0 1.000000+0          0          0          0          64528 1451    2
 1.000000+0 2.000000+8          0          0         10          54528 1451    3
 0.000000+0 0.000000+0          0          0          1          24528 1451    4
 45-Rh-104 JAEA       EVAL-Oct21 N.Iwamoto                        4528 1451    5
                      DIST-DEC21                       20211020   4528 1451    6
----JENDL-5           MATERIAL 4528                               4528 1451    7
-----INCIDENT NEUTRON DATA                                        4528 1451    8
------ENDF-6 FORMAT                                               4528 1451    9
History                                                           4528 1451   10
                                1        451         12          04528 1451   11
                                2        151          4          04528 1451   12
                                                                  4528 1  099999
                                                                  4528 0  0    0
 4.510400+4 1.030140+2          0          0          1          04528 2151    1
 4.510400+4 1.000000+0          0          0          1          04528 2151    2
 1.000000-5 1.000000+5          0          0          0          04528 2151    3
 1.000000+0 6.450000-1          0          0          0          04528 2151    4
                                                                  4528 2  0    5
                                                                  4528 0  0    0
                                                                     0 0  0    0
                                                                    -1 0  0    0
