 n-Rn211.res.jendl5.0: Merger of MF1 and MF2                        99 0  0    0
 8.621100+4 2.091781+2          1          1          6          18625 1451    1
 0.000000+0 1.000000+0          0          0          0          68625 1451    2
 1.000000+0 2.000000+8          0          0         10          58625 1451    3
 0.000000+0 0.000000+0          0          0          1          28625 1451    4
 86-Rn-211 JAEA       EVAL-Sep21 N.Iwamoto                        8625 1451    5
                      DIST-DEC21                       20210920   8625 1451    6
----JENDL-5           MATERIAL 8625                               8625 1451    7
-----INCIDENT NEUTRON DATA                                        8625 1451    8
------ENDF-6 FORMAT                                               8625 1451    9
                                                                  8625 1451   10
                                1        451         12          08625 1451   11
                                2        151          4          08625 1451   12
                                                                  8625 1  099999
                                                                  8625 0  0    0
 8.621100+4 2.091781+2          0          0          1          08625 2151    1
 8.621100+4 1.000000+0          0          0          1          08625 2151    2
 1.000000-5 1.000000+5          0          0          0          08625 2151    3
 5.000000-1 8.122610-1          0          0          0          08625 2151    4
                                                                  8625 2  0    5
                                                                  8625 0  0    0
                                                                     0 0  0    0
                                                                    -1 0  0    0
