 n-Ru097.res.jendl5.0: Merger of MF1 and MF2                        99 0  0    0
 4.409700+4 9.607506+1          1          0          6          14428 1451    1
 0.000000+0 1.000000+0          0          0          0          64428 1451    2
 1.000000+0 2.000000+8          0          0         10          54428 1451    3
 0.000000+0 0.000000+0          0          0          1          24428 1451    4
 44-Ru- 97 JAEA       EVAL-Sep21 N.Iwamoto                        4428 1451    5
                      DIST-DEC21                       20210920   4428 1451    6
----JENDL-5           MATERIAL 4428                               4428 1451    7
-----INCIDENT NEUTRON DATA                                        4428 1451    8
------ENDF-6 FORMAT                                               4428 1451    9
History                                                           4428 1451   10
                                1        451         12          04428 1451   11
                                2        151          4          04428 1451   12
                                                                  4428 1  099999
                                                                  4428 0  0    0
 4.409700+4 9.607506+1          0          0          1          04428 2151    1
 4.409700+4 1.000000+0          0          0          1          04428 2151    2
 1.000000-5 1.000000+5          0          0          0          04428 2151    3
 2.500000+0 6.451482-1          0          0          0          04428 2151    4
                                                                  4428 2  0    5
                                                                  4428 0  0    0
                                                                     0 0  0    0
                                                                    -1 0  0    0
