 n-Sb122.res.jendl5.0: Merger of MF1 and MF2                        99 0  0    0
 5.112200+4 1.208579+2          1          0          6          15128 1451    1
 0.000000+0 1.000000+0          0          0          0          65128 1451    2
 1.000000+0 2.000000+8          0          0         10          55128 1451    3
 0.000000+0 0.000000+0          0          0          1          25128 1451    4
 51-Sb-122 JAEA       EVAL-Sep21 N.Iwamoto                        5128 1451    5
                      DIST-DEC21                       20210920   5128 1451    6
----JENDL-5           MATERIAL 5128                               5128 1451    7
-----INCIDENT NEUTRON DATA                                        5128 1451    8
------ENDF-6 FORMAT                                               5128 1451    9
History                                                           5128 1451   10
                                1        451         12          05128 1451   11
                                2        151          4          05128 1451   12
                                                                  5128 1  099999
                                                                  5128 0  0    0
 5.112200+4 1.208579+2          0          0          1          05128 2151    1
 5.112200+4 1.000000+0          0          0          1          05128 2151    2
 1.000000-5 1.000000+5          0          0          0          05128 2151    3
 2.000000+0 6.900401-1          0          0          0          05128 2151    4
                                                                  5128 2  0    5
                                                                  5128 0  0    0
                                                                     0 0  0    0
                                                                    -1 0  0    0
