 n-Sc047.res.jendl5.0: Merger of MF1 and MF2                        99 0  0    0
 2.104700+4 4.654906+1          1          0          6          12131 1451    1
 0.000000+0 1.000000+0          0          0          0          62131 1451    2
 1.000000+0 2.000000+8          0          0         10          52131 1451    3
 0.000000+0 0.000000+0          0          0          1          22131 1451    4
 21-Sc- 47 JAEA       EVAL-Sep21 N.Iwamoto                        2131 1451    5
                      DIST-DEC21                       20210920   2131 1451    6
----JENDL-5           MATERIAL 2131                               2131 1451    7
-----INCIDENT NEUTRON DATA                                        2131 1451    8
------ENDF-6 FORMAT                                               2131 1451    9
History                                                           2131 1451   10
                                1        451         12          02131 1451   11
                                2        151          4          02131 1451   12
                                                                  2131 1  099999
                                                                  2131 0  0    0
 2.104700+4 4.654906+1          0          0          1          02131 2151    1
 2.104700+4 1.000000+0          0          0          1          02131 2151    2
 1.000000-5 1.000000+5          0          0          0          02131 2151    3
 3.500000+0 5.238856-1          0          0          0          02131 2151    4
                                                                  2131 2  0    5
                                                                  2131 0  0    0
                                                                     0 0  0    0
                                                                    -1 0  0    0
