 n-Se072.res.jendl5.0: Merger of MF1 and MF2                        99 0  0    0
 3.407200+4 7.130925+1          1          0          6          13419 1451    1
 0.000000+0 1.000000+0          0          0          0          63419 1451    2
 1.000000+0 2.000000+8          0          0         10          53419 1451    3
 0.000000+0 0.000000+0          0          0          1          23419 1451    4
 34-Se- 72 JAEA       EVAL-Sep21 N.Iwamoto                        3419 1451    5
                      DIST-DEC21                       20210920   3419 1451    6
----JENDL-5           MATERIAL 3419                               3419 1451    7
-----INCIDENT NEUTRON DATA                                        3419 1451    8
------ENDF-6 FORMAT                                               3419 1451    9
History                                                           3419 1451   10
                                1        451         12          03419 1451   11
                                2        151          4          03419 1451   12
                                                                  3419 1  099999
                                                                  3419 0  0    0
 3.407200+4 7.130925+1          0          0          1          03419 2151    1
 3.407200+4 1.000000+0          0          0          1          03419 2151    2
 1.000000-5 1.000000+5          0          0          0          03419 2151    3
 0.000000+0 5.917006-1          0          0          0          03419 2151    4
                                                                  3419 2  0    5
                                                                  3419 0  0    0
                                                                     0 0  0    0
                                                                    -1 0  0    0
