 n-Sm146.res.jendl5.0: Merger of MF1 and MF2                        99 0  0    0
 6.214600+4 1.446596+2          1          0          6          16231 1451    1
 0.000000+0 1.000000+0          0          0          0          66231 1451    2
 1.000000+0 2.000000+8          0          0         10          56231 1451    3
 0.000000+0 0.000000+0          0          0          1          26231 1451    4
 62-Sm-146 JAEA       EVAL-Sep21 N.Iwamoto                        6231 1451    5
                      DIST-DEC21                       20210920   6231 1451    6
----JENDL-5           MATERIAL 6231                               6231 1451    7
-----INCIDENT NEUTRON DATA                                        6231 1451    8
------ENDF-6 FORMAT                                               6231 1451    9
History                                                           6231 1451   10
                                1        451         12          06231 1451   11
                                2        151          4          06231 1451   12
                                                                  6231 1  099999
                                                                  6231 0  0    0
 6.214600+4 1.446596+2          0          0          1          06231 2151    1
 6.214600+4 1.000000+0          0          0          1          06231 2151    2
 1.000000-5 1.000000+5          0          0          0          06231 2151    3
 0.000000+0 7.276734-1          0          0          0          06231 2151    4
                                                                  6231 2  0    5
                                                                  6231 0  0    0
                                                                     0 0  0    0
                                                                    -1 0  0    0
