 n-Sn125.res.jendl5.0: Merger of MF1 and MF2                        99 0  0    0
 5.012500+4 1.238348+2          1          0          6          15064 1451    1
 0.000000+0 1.000000+0          0          0          0          65064 1451    2
 1.000000+0 2.000000+8          0          0         10          55064 1451    3
 0.000000+0 0.000000+0          0          0          1          25064 1451    4
 50-Sn-125 JAEA       EVAL-Sep21 N.Iwamoto                        5064 1451    5
                      DIST-DEC21                       20210920   5064 1451    6
----JENDL-5           MATERIAL 5064                               5064 1451    7
-----INCIDENT NEUTRON DATA                                        5064 1451    8
------ENDF-6 FORMAT                                               5064 1451    9
History                                                           5064 1451   10
                                1        451         12          05064 1451   11
                                2        151          4          05064 1451   12
                                                                  5064 1  099999
                                                                  5064 0  0    0
 5.012500+4 1.238348+2          0          0          1          05064 2151    1
 5.012500+4 1.000000+0          0          0          1          05064 2151    2
 1.000000-5 1.000000+5          0          0          0          05064 2151    3
 5.500000+0 6.950000-1          0          0          0          05064 2151    4
                                                                  5064 2  0    5
                                                                  5064 0  0    0
                                                                     0 0  0    0
                                                                    -1 0  0    0
