 n-Sr082.res.jendl5.0: Merger of MF1 and MF2                        99 0  0    0
 3.808200+4 8.121468+1          1          0          6          13819 1451    1
 0.000000+0 1.000000+0          0          0          0          63819 1451    2
 1.000000+0 2.000000+8          0          0         10          53819 1451    3
 0.000000+0 0.000000+0          0          0          1          23819 1451    4
 38-Sr- 82 JAEA       EVAL-Sep21 N.Iwamoto                        3819 1451    5
                      DIST-DEC21                       20210920   3819 1451    6
----JENDL-5           MATERIAL 3819                               3819 1451    7
-----INCIDENT NEUTRON DATA                                        3819 1451    8
------ENDF-6 FORMAT                                               3819 1451    9
History                                                           3819 1451   10
                                1        451         12          03819 1451   11
                                2        151          4          03819 1451   12
                                                                  3819 1  099999
                                                                  3819 0  0    0
 3.808200+4 8.121468+1          0          0          1          03819 2151    1
 3.808200+4 1.000000+0          0          0          1          03819 2151    2
 1.000000-5 1.000000+5          0          0          0          03819 2151    3
 0.000000+0 6.143712-1          0          0          0          03819 2151    4
                                                                  3819 2  0    5
                                                                  3819 0  0    0
                                                                     0 0  0    0
                                                                    -1 0  0    0
