 n-Ta177.res.jendl5.0: Merger of MF1 and MF2                        99 0  0    0
 7.317700+4 1.754244+2          1          0          6          17316 1451    1
 0.000000+0 1.000000+0          0          0          0          67316 1451    2
 1.000000+0 2.000000+8          0          0         10          57316 1451    3
 0.000000+0 0.000000+0          0          0          1          27316 1451    4
 73-Ta-177 JAEA       EVAL-Sep21 N.Iwamoto                        7316 1451    5
                      DIST-DEC21                       20210920   7316 1451    6
----JENDL-5           MATERIAL 7316                               7316 1451    7
-----INCIDENT NEUTRON DATA                                        7316 1451    8
------ENDF-6 FORMAT                                               7316 1451    9
History                                                           7316 1451   10
                                1        451         12          07316 1451   11
                                2        151          4          07316 1451   12
                                                                  7316 1  099999
                                                                  7316 0  0    0
 7.317700+4 1.754244+2          0          0          1          07316 2151    1
 7.317700+4 1.000000+0          0          0          1          07316 2151    2
 1.000000-5 1.000000+5          0          0          0          07316 2151    3
 3.500000+0 7.706047-1          0          0          0          07316 2151    4
                                                                  7316 2  0    5
                                                                  7316 0  0    0
                                                                     0 0  0    0
                                                                    -1 0  0    0
