 n-Ta183.res.jendl5.0: Merger of MF1 and MF2                        99 0  0    0
 7.318300+4 1.813797+2          1          0          6          17334 1451    1
 0.000000+0 1.000000+0          0          0          0          67334 1451    2
 1.000000+0 2.000000+8          0          0         10          57334 1451    3
 0.000000+0 0.000000+0          0          0          1          27334 1451    4
 73-Ta-183 JAEA       EVAL-Sep21 N.Iwamoto                        7334 1451    5
                      DIST-DEC21                       20210920   7334 1451    6
----JENDL-5           MATERIAL 7334                               7334 1451    7
-----INCIDENT NEUTRON DATA                                        7334 1451    8
------ENDF-6 FORMAT                                               7334 1451    9
History                                                           7334 1451   10
                                1        451         12          07334 1451   11
                                2        151          4          07334 1451   12
                                                                  7334 1  099999
                                                                  7334 0  0    0
 7.318300+4 1.813797+2          0          0          1          07334 2151    1
 7.318300+4 1.000000+0          0          0          1          07334 2151    2
 1.000000-5 1.000000+5          0          0          0          07334 2151    3
 3.500000+0 7.783216-1          0          0          0          07334 2151    4
                                                                  7334 2  0    5
                                                                  7334 0  0    0
                                                                     0 0  0    0
                                                                    -1 0  0    0
