 n-Tb157.res.jendl5.0: Merger of MF1 and MF2                        99 0  0    0
 6.515700+4 1.555760+2          1          0          6          16519 1451    1
 0.000000+0 1.000000+0          0          0          0          66519 1451    2
 1.000000+0 2.000000+8          0          0         10          56519 1451    3
 0.000000+0 0.000000+0          0          0          1          26519 1451    4
 65-Tb-157 JAEA       EVAL-Sep21 N.Iwamoto                        6519 1451    5
                      DIST-DEC21                       20210920   6519 1451    6
----JENDL-5           MATERIAL 6519                               6519 1451    7
-----INCIDENT NEUTRON DATA                                        6519 1451    8
------ENDF-6 FORMAT                                               6519 1451    9
History                                                           6519 1451   10
                                1        451         12          06519 1451   11
                                2        151          4          06519 1451   12
                                                                  6519 1  099999
                                                                  6519 0  0    0
 6.515700+4 1.555760+2          0          0          1          06519 2151    1
 6.515700+4 1.000000+0          0          0          1          06519 2151    2
 1.000000-5 1.000000+5          0          0          0          06519 2151    3
 1.500000+0 7.435470-1          0          0          0          06519 2151    4
                                                                  6519 2  0    5
                                                                  6519 0  0    0
                                                                     0 0  0    0
                                                                    -1 0  0    0
