 n-Tb154.res.jendl5.0: Merger of MF1 and MF2                        99 0  0    0
 6.515400+4 1.526024+2          1          0          6          16510 1451    1
 0.000000+0 1.000000+0          0          0          0          66510 1451    2
 1.000000+0 2.000000+8          0          0         10          56510 1451    3
 0.000000+0 0.000000+0          0          0          1          26510 1451    4
 65-Tb-154 JAEA       EVAL-Sep21 N.Iwamoto                        6510 1451    5
                      DIST-DEC21                       20210920   6510 1451    6
----JENDL-5           MATERIAL 6510                               6510 1451    7
-----INCIDENT NEUTRON DATA                                        6510 1451    8
------ENDF-6 FORMAT                                               6510 1451    9
History                                                           6510 1451   10
                                1        451         12          06510 1451   11
                                2        151          4          06510 1451   12
                                                                  6510 1  099999
                                                                  6510 0  0    0
 6.515400+4 1.526024+2          0          0          1          06510 2151    1
 6.515400+4 1.000000+0          0          0          1          06510 2151    2
 1.000000-5 1.000000+5          0          0          0          06510 2151    3
 0.000000+0 7.392933-1          0          0          0          06510 2151    4
                                                                  6510 2  0    5
                                                                  6510 0  0    0
                                                                     0 0  0    0
                                                                    -1 0  0    0
