 n-Tb156m.res.jendl5.0: Merger of MF1 and MF2                       99 0  0    0
 6.515600+4 1.545853+2          1          0          6          16517 1451    1
 5.400000+4 1.000000+0          2          1          0          66517 1451    2
 1.000000+0 2.000000+8          0          0         10          56517 1451    3
 0.000000+0 0.000000+0          0          0          1          26517 1451    4
 65-Tb-156MJAEA       EVAL-Sep21 N.Iwamoto                        6517 1451    5
                      DIST-DEC21                       20210920   6517 1451    6
----JENDL-5           MATERIAL 6517                               6517 1451    7
-----INCIDENT NEUTRON DATA                                        6517 1451    8
------ENDF-6 FORMAT                                               6517 1451    9
History                                                           6517 1451   10
                                1        451         12          06517 1451   11
                                2        151          4          06517 1451   12
                                                                  6517 1  099999
                                                                  6517 0  0    0
 6.515600+4 1.545853+2          0          0          1          06517 2151    1
 6.515600+4 1.000000+0          0          0          1          06517 2151    2
 1.000000-5 1.000000+5          0          0          0          06517 2151    3
 7.000000+0 7.421352-1          0          0          0          06517 2151    4
                                                                  6517 2  0    5
                                                                  6517 0  0    0
                                                                     0 0  0    0
                                                                    -1 0  0    0
