 n-Tc096.res.jendl5.0: Merger of MF1 and MF2                        99 0  0    0
 4.309600+4 9.508397+1          1          0          6          14322 1451    1
 0.000000+0 1.000000+0          0          0          0          64322 1451    2
 1.000000+0 2.000000+8          0          0         10          54322 1451    3
 0.000000+0 0.000000+0          0          0          1          24322 1451    4
 43-Tc- 96 JAEA       EVAL-Sep21 N.Iwamoto                        4322 1451    5
                      DIST-DEC21                       20210920   4322 1451    6
----JENDL-5           MATERIAL 4322                               4322 1451    7
-----INCIDENT NEUTRON DATA                                        4322 1451    8
------ENDF-6 FORMAT                                               4322 1451    9
History                                                           4322 1451   10
                                1        451         12          04322 1451   11
                                2        151          4          04322 1451   12
                                                                  4322 1  099999
                                                                  4322 0  0    0
 4.309600+4 9.508397+1          0          0          1          04322 2151    1
 4.309600+4 1.000000+0          0          0          1          04322 2151    2
 1.000000-5 1.000000+5          0          0          0          04322 2151    3
 7.000000+0 6.431994-1          0          0          0          04322 2151    4
                                                                  4322 2  0    5
                                                                  4322 0  0    0
                                                                     0 0  0    0
                                                                    -1 0  0    0
