 n-Tc097.res.jendl5.0: Merger of MF1 and MF2                        99 0  0    0
 4.309700+4 9.607389+1          1          0          6          14325 1451    1
 0.000000+0 1.000000+0          0          0          0          64325 1451    2
 1.000000+0 2.000000+8          0          0         10          54325 1451    3
 0.000000+0 0.000000+0          0          0          1          24325 1451    4
 43-Tc- 97 JAEA       EVAL-Sep21 N.Iwamoto                        4325 1451    5
                      DIST-DEC21                       20210920   4325 1451    6
----JENDL-5           MATERIAL 4325                               4325 1451    7
-----INCIDENT NEUTRON DATA                                        4325 1451    8
------ENDF-6 FORMAT                                               4325 1451    9
History                                                           4325 1451   10
                                1        451         12          04325 1451   11
                                2        151          4          04325 1451   12
                                                                  4325 1  099999
                                                                  4325 0  0    0
 4.309700+4 9.607389+1          0          0          1          04325 2151    1
 4.309700+4 1.000000+0          0          0          1          04325 2151    2
 1.000000-5 1.000000+5          0          0          0          04325 2151    3
 4.500000+0 6.451482-1          0          0          0          04325 2151    4
                                                                  4325 2  0    5
                                                                  4325 0  0    0
                                                                     0 0  0    0
                                                                    -1 0  0    0
