 n-Tc098.res.jendl5.0: Merger of MF1 and MF2                        99 0  0    0
 4.309800+4 9.706614+1          1          0          6          14328 1451    1
 0.000000+0 1.000000+0          0          0          0          64328 1451    2
 1.000000+0 2.000000+8          0          0         10          54328 1451    3
 0.000000+0 0.000000+0          0          0          1          24328 1451    4
 43-Tc- 98 JAEA       EVAL-Sep21 N.Iwamoto                        4328 1451    5
                      DIST-DEC21                       20210920   4328 1451    6
----JENDL-5           MATERIAL 4328                               4328 1451    7
-----INCIDENT NEUTRON DATA                                        4328 1451    8
------ENDF-6 FORMAT                                               4328 1451    9
                                                                  4328 1451   10
                                1        451         12          04328 1451   11
                                2        151          4          04328 1451   12
                                                                  4328 1  099999
                                                                  4328 0  0    0
 4.309800+4 9.706614+1          0          0          1          04328 2151    1
 4.309800+4 1.000000+0          0          0          1          04328 2151    2
 1.000000-5 1.000000+5          0          0          0          04328 2151    3
 6.000000+0 6.470837-1          0          0          0          04328 2151    4
                                                                  4328 2  0    5
                                                                  4328 0  0    0
                                                                     0 0  0    0
                                                                    -1 0  0    0
