 n-Te119.res.jendl5.0: Merger of MF1 and MF2                        99 0  0    0
 5.211900+4 1.178849+2          1          0          6          15222 1451    1
 0.000000+0 1.000000+0          0          0          0          65222 1451    2
 1.000000+0 2.000000+8          0          0         10          55222 1451    3
 0.000000+0 0.000000+0          0          0          1          25222 1451    4
 52-Te-119 JAEA       EVAL-Sep21 N.Iwamoto                        5222 1451    5
                      DIST-DEC21                       20210920   5222 1451    6
----JENDL-5           MATERIAL 5222                               5222 1451    7
-----INCIDENT NEUTRON DATA                                        5222 1451    8
------ENDF-6 FORMAT                                               5222 1451    9
History                                                           5222 1451   10
                                1        451         12          05222 1451   11
                                2        151          4          05222 1451   12
                                                                  5222 1  099999
                                                                  5222 0  0    0
 5.211900+4 1.178849+2          0          0          1          05222 2151    1
 5.211900+4 1.000000+0          0          0          1          05222 2151    2
 1.000000-5 1.000000+5          0          0          0          05222 2151    3
 5.000000-1 6.849982-1          0          0          0          05222 2151    4
                                                                  5222 2  0    5
                                                                  5222 0  0    0
                                                                     0 0  0    0
                                                                    -1 0  0    0
