 n-Te121.res.jendl5.0: Merger of MF1 and MF2                        99 0  0    0
 5.212100+4 1.198663+2          1          0          6          15228 1451    1
 0.000000+0 1.000000+0          0          0          0          65228 1451    2
 1.000000+0 2.000000+8          0          0         10          55228 1451    3
 0.000000+0 0.000000+0          0          0          1          25228 1451    4
 52-Te-121 JAEA       EVAL-Sep21 N.Iwamoto                        5228 1451    5
                      DIST-DEC21                       20210920   5228 1451    6
----JENDL-5           MATERIAL 5228                               5228 1451    7
-----INCIDENT NEUTRON DATA                                        5228 1451    8
------ENDF-6 FORMAT                                               5228 1451    9
History                                                           5228 1451   10
                                1        451         12          05228 1451   11
                                2        151          4          05228 1451   12
                                                                  5228 1  099999
                                                                  5228 0  0    0
 5.212100+4 1.198663+2          0          0          1          05228 2151    1
 5.212100+4 1.000000+0          0          0          1          05228 2151    2
 1.000000-5 1.000000+5          0          0          0          05228 2151    3
 5.000000-1 6.883688-1          0          0          0          05228 2151    4
                                                                  5228 2  0    5
                                                                  5228 0  0    0
                                                                     0 0  0    0
                                                                    -1 0  0    0
