 n-Th227.res.jendl5.0: Merger of MF1 and MF2                        99 0  0    0
 9.022700+4 2.250770+2          1          1          6          19025 1451    1
 0.000000+0 1.000000+0          0          0          0          69025 1451    2
 1.000000+0 2.000000+7          0          0         10          59025 1451    3
 0.000000+0 0.000000+0          0          0          1          29025 1451    4
 90-Th-227 JAEA+      EVAL-JAN10 O.Iwamoto, T.Nakagawa, et al.    9025 1451    5
                      DIST-DEC21                       20100303   9025 1451    6
----JENDL-5           MATERIAL 9025                               9025 1451    7
-----INCIDENT NEUTRON DATA                                        9025 1451    8
------ENDF-6 FORMAT                                               9025 1451    9
                                                                  9025 1451   10
                                1        451         12          09025 1451   11
                                2        151          4          09025 1451   12
                                                                  9025 1  099999
                                                                  9025 0  0    0
 9.022700+4 2.250770+2          0          0          1          09025 2151    1
 9.022700+4 1.000000+0          0          0          1          09025 2151    2
 1.000000-5 6.500000-1          0          0          0          09025 2151    3
 5.000000-1 9.960000-1          0          0          0          09025 2151    4
                                                                  9025 2  0    5
                                                                  9025 0  0    0
                                                                     0 0  0    0
                                                                    -1 0  0    0
