 n-Th233.res.jendl5.0: Merger of MF1 and MF2                        99 0  0    0
 9.023300+4 2.310400+2          1          1          6          19043 1451    1
 0.000000+0 1.000000+0          0          0          0          69043 1451    2
 1.000000+0 2.000000+7          0          0         10          59043 1451    3
 0.000000+0 0.000000+0          0          0          1          29043 1451    4
 90-Th-233 JAEA+      EVAL-FEB10 O.Iwamoto, T.Nakagawa, et al.    9043 1451    5
                      DIST-DEC21                       20100303   9043 1451    6
----JENDL-5           MATERIAL 9043                               9043 1451    7
-----INCIDENT NEUTRON DATA                                        9043 1451    8
------ENDF-6 FORMAT                                               9043 1451    9
                                                                  9043 1451   10
                                1        451         12          09043 1451   11
                                2        151          4          09043 1451   12
                                                                  9043 1  099999
                                                                  9043 0  0    0
 9.023300+4 2.310400+2          0          0          1          09043 2151    1
 9.023300+4 1.000000+0          0          0          1          09043 2151    2
 1.000000-5 1.900000+0          0          0          0          09043 2151    3
 5.000000-1 9.765000-1          0          0          0          09043 2151    4
                                                                  9043 2  0    5
                                                                  9043 0  0    0
                                                                     0 0  0    0
                                                                    -1 0  0    0
