 n-Ti044.res.jendl5.0: Merger of MF1 and MF2                        99 0  0    0
 2.204400+4 4.358206+1          1          0          6          12219 1451    1
 0.000000+0 1.000000+0          0          0          0          62219 1451    2
 1.000000+0 2.000000+8          0          0         10          52219 1451    3
 0.000000+0 0.000000+0          0          0          1          22219 1451    4
 22-Ti- 44 JAEA       EVAL-Aug21 N.Iwamoto                        2219 1451    5
                      DIST-DEC21                       20210820   2219 1451    6
----JENDL-5           MATERIAL 2219                               2219 1451    7
-----INCIDENT NEUTRON DATA                                        2219 1451    8
------ENDF-6 FORMAT                                               2219 1451    9
                                                                  2219 1451   10
                                1        451         12          02219 1451   11
                                2        151          4          02219 1451   12
                                                                  2219 1  099999
                                                                  2219 0  0    0
 2.204400+4 4.358206+1          0          0          1          02219 2151    1
 2.204400+4 1.000000+0          0          0          1          02219 2151    2
 1.000000-5 1.000000+5          0          0          0          02219 2151    3
 0.000000+0 3.700000-1          0          0          0          02219 2151    4
                                                                  2219 2  0    5
                                                                  2219 0  0    0
                                                                     0 0  0    0
                                                                    -1 0  0    0
