 n-Tl202.res.jendl5.0: Merger of MF1 and MF2                        99 0  0    0
 8.120200+4 2.002371+2          1          0          6          18122 1451    1
 0.000000+0 1.000000+0          0          0          0          68122 1451    2
 1.000000+0 2.000000+8          0          0         10          58122 1451    3
 0.000000+0 0.000000+0          0          0          1          28122 1451    4
 81-Tl-202 JAEA       EVAL-Sep21 N.Iwamoto                        8122 1451    5
                      DIST-DEC21                       20210920   8122 1451    6
----JENDL-5           MATERIAL 8122                               8122 1451    7
-----INCIDENT NEUTRON DATA                                        8122 1451    8
------ENDF-6 FORMAT                                               8122 1451    9
History                                                           8122 1451   10
                                1        451         12          08122 1451   11
                                2        151          4          08122 1451   12
                                                                  8122 1  099999
                                                                  8122 0  0    0
 8.120200+4 2.002371+2          0          0          1          08122 2151    1
 8.120200+4 1.000000+0          0          0          1          08122 2151    2
 1.000000-5 1.000000+5          0          0          0          08122 2151    3
 2.000000+0 8.016981-1          0          0          0          08122 2151    4
                                                                  8122 2  0    5
                                                                  8122 0  0    0
                                                                     0 0  0    0
                                                                    -1 0  0    0
