 n-Tl200.res.jendl5.0: Merger of MF1 and MF2                        99 0  0    0
 8.120000+4 1.982531+2          1          0          6          18116 1451    1
 0.000000+0 1.000000+0          0          0          0          68116 1451    2
 1.000000+0 2.000000+8          0          0         10          58116 1451    3
 0.000000+0 0.000000+0          0          0          1          28116 1451    4
 81-Tl-200 JAEA       EVAL-Sep21 N.Iwamoto                        8116 1451    5
                      DIST-DEC21                       20210920   8116 1451    6
----JENDL-5           MATERIAL 8116                               8116 1451    7
-----INCIDENT NEUTRON DATA                                        8116 1451    8
------ENDF-6 FORMAT                                               8116 1451    9
History                                                           8116 1451   10
                                1        451         12          08116 1451   11
                                2        151          4          08116 1451   12
                                                                  8116 1  099999
                                                                  8116 0  0    0
 8.120000+4 1.982531+2          0          0          1          08116 2151    1
 8.120000+4 1.000000+0          0          0          1          08116 2151    2
 1.000000-5 1.000000+5          0          0          0          08116 2151    3
 2.000000+0 7.993084-1          0          0          0          08116 2151    4
                                                                  8116 2  0    5
                                                                  8116 0  0    0
                                                                     0 0  0    0
                                                                    -1 0  0    0
