 n-Tm166.res.jendl5.0: Merger of MF1 and MF2                        99 0  0    0
 6.916600+4 1.645081+2          1          0          6          16916 1451    1
 0.000000+0 1.000000+0          0          0          0          66916 1451    2
 1.000000+0 2.000000+8          0          0         10          56916 1451    3
 0.000000+0 0.000000+0          0          0          1          26916 1451    4
 69-Tm-166 JAEA       EVAL-Sep21 N.Iwamoto                        6916 1451    5
                      DIST-DEC21                       20210920   6916 1451    6
----JENDL-5           MATERIAL 6916                               6916 1451    7
-----INCIDENT NEUTRON DATA                                        6916 1451    8
------ENDF-6 FORMAT                                               6916 1451    9
History                                                           6916 1451   10
                                1        451         12          06916 1451   11
                                2        151          4          06916 1451   12
                                                                  6916 1  099999
                                                                  6916 0  0    0
 6.916600+4 1.645081+2          0          0          1          06916 2151    1
 6.916600+4 1.000000+0          0          0          1          06916 2151    2
 1.000000-5 1.000000+5          0          0          0          06916 2151    3
 2.000000+0 7.559914-1          0          0          0          06916 2151    4
                                                                  6916 2  0    5
                                                                  6916 0  0    0
                                                                     0 0  0    0
                                                                    -1 0  0    0
