 n-Tm167.res.jendl5.0: Merger of MF1 and MF2                        99 0  0    0
 6.916700+4 1.654988+2          1          0          6          16919 1451    1
 0.000000+0 1.000000+0          0          0          0          66919 1451    2
 1.000000+0 2.000000+8          0          0         10          56919 1451    3
 0.000000+0 0.000000+0          0          0          1          26919 1451    4
 69-Tm-167 JAEA       EVAL-Sep21 N.Iwamoto                        6919 1451    5
                      DIST-DEC21                       20210920   6919 1451    6
----JENDL-5           MATERIAL 6919                               6919 1451    7
-----INCIDENT NEUTRON DATA                                        6919 1451    8
------ENDF-6 FORMAT                                               6919 1451    9
History                                                           6919 1451   10
                                1        451         12          06919 1451   11
                                2        151          4          06919 1451   12
                                                                  6919 1  099999
                                                                  6919 0  0    0
 6.916700+4 1.654988+2          0          0          1          06919 2151    1
 6.916700+4 1.000000+0          0          0          1          06919 2151    2
 1.000000-5 1.000000+5          0          0          0          06919 2151    3
 5.000000-1 7.573460-1          0          0          0          06919 2151    4
                                                                  6919 2  0    5
                                                                  6919 0  0    0
                                                                     0 0  0    0
                                                                    -1 0  0    0
