 n-Tm165.res.jendl5.0: Merger of MF1 and MF2                        99 0  0    0
 6.916500+4 1.635156+2          1          0          6          16913 1451    1
 0.000000+0 1.000000+0          0          0          0          66913 1451    2
 1.000000+0 2.000000+8          0          0         10          56913 1451    3
 0.000000+0 0.000000+0          0          0          1          26913 1451    4
 69-Tm-165 JAEA       EVAL-Sep21 N.Iwamoto                        6913 1451    5
                      DIST-DEC21                       20210920   6913 1451    6
----JENDL-5           MATERIAL 6913                               6913 1451    7
-----INCIDENT NEUTRON DATA                                        6913 1451    8
------ENDF-6 FORMAT                                               6913 1451    9
History                                                           6913 1451   10
                                1        451         12          06913 1451   11
                                2        151          4          06913 1451   12
                                                                  6913 1  099999
                                                                  6913 0  0    0
 6.916500+4 1.635156+2          0          0          1          06913 2151    1
 6.916500+4 1.000000+0          0          0          1          06913 2151    2
 1.000000-5 1.000000+5          0          0          0          06913 2151    3
 5.000000-1 7.546312-1          0          0          0          06913 2151    4
                                                                  6913 2  0    5
                                                                  6913 0  0    0
                                                                     0 0  0    0
                                                                    -1 0  0    0
