 n-U240.res.jendl5.0: Merger of MF1 and MF2                         99 0  0    0
 9.224000+4 2.379944+2          1          1          6          19243 1451    1
 0.000000+0 1.000000+0          0          0          0          69243 1451    2
 1.000000+0 2.000000+8          0          0         10          59243 1451    3
 0.000000+0 0.000000+0          0          0          1          29243 1451    4
 92-U -240 JAEA       EVAL-Sep21 N.Iwamoto                        9243 1451    5
                      DIST-DEC21                       20210920   9243 1451    6
----JENDL-5           MATERIAL 9243                               9243 1451    7
-----INCIDENT NEUTRON DATA                                        9243 1451    8
------ENDF-6 FORMAT                                               9243 1451    9
                                                                  9243 1451   10
                                1        451         12          09243 1451   11
                                2        151          4          09243 1451   12
                                                                  9243 1  099999
                                                                  9243 0  0    0
 9.224000+4 2.379944+2          0          0          1          09243 2151    1
 9.224000+4 1.000000+0          0          0          1          09243 2151    2
 1.000000-5 1.000000+5          0          0          0          09243 2151    3
 0.000000+0 8.443792-1          0          0          0          09243 2151    4
                                                                  9243 2  0    5
                                                                  9243 0  0    0
                                                                     0 0  0    0
                                                                    -1 0  0    0
