 n-V048.res.jendl5.0: Merger of MF1 and MF2                         99 0  0    0
 2.304800+4 4.754032+1          1          0          6          12319 1451    1
 0.000000+0 1.000000+0          0          0          0          62319 1451    2
 1.000000+0 2.000000+8          0          0         10          52319 1451    3
 0.000000+0 0.000000+0          0          0          1          22319 1451    4
 23-V - 48 JAEA       EVAL-Sep21 N.Iwamoto                        2319 1451    5
                      DIST-DEC21                       20210920   2319 1451    6
----JENDL-5           MATERIAL 2319                               2319 1451    7
-----INCIDENT NEUTRON DATA                                        2319 1451    8
------ENDF-6 FORMAT                                               2319 1451    9
History                                                           2319 1451   10
                                1        451         12          02319 1451   11
                                2        151          4          02319 1451   12
                                                                  2319 1  099999
                                                                  2319 0  0    0
 2.304800+4 4.754032+1          0          0          1          02319 2151    1
 2.304800+4 1.000000+0          0          0          1          02319 2151    2
 1.000000-5 1.000000+5          0          0          0          02319 2151    3
 4.000000+0 5.270117-1          0          0          0          02319 2151    4
                                                                  2319 2  0    5
                                                                  2319 0  0    0
                                                                     0 0  0    0
                                                                    -1 0  0    0
