 n-V049.res.jendl5.0: Merger of MF1 and MF2                         99 0  0    0
 2.304900+4 4.852802+1          1          0          6          12322 1451    1
 0.000000+0 1.000000+0          0          0          0          62322 1451    2
 1.000000+0 2.000000+8          0          0         10          52322 1451    3
 0.000000+0 0.000000+0          0          0          1          22322 1451    4
 23-V - 49 JAEA       EVAL-Sep21 N.Iwamoto                        2322 1451    5
                      DIST-DEC21                       20210920   2322 1451    6
----JENDL-5           MATERIAL 2322                               2322 1451    7
-----INCIDENT NEUTRON DATA                                        2322 1451    8
------ENDF-6 FORMAT                                               2322 1451    9
History                                                           2322 1451   10
                                1        451         12          02322 1451   11
                                2        151          4          02322 1451   12
                                                                  2322 1  099999
                                                                  2322 0  0    0
 2.304900+4 4.852802+1          0          0          1          02322 2151    1
 2.304900+4 1.000000+0          0          0          1          02322 2151    2
 1.000000-5 1.000000+5          0          0          0          02322 2151    3
 3.500000+0 5.300946-1          0          0          0          02322 2151    4
                                                                  2322 2  0    5
                                                                  2322 0  0    0
                                                                     0 0  0    0
                                                                    -1 0  0    0
