 n-W181.res.jendl5.0: Merger of MF1 and MF2                         99 0  0    0
 7.418100+4 1.793938+2          1          0          6          17428 1451    1
 0.000000+0 1.000000+0          0          0          0          67428 1451    2
 1.000000+0 2.000000+8          0          0         10          57428 1451    3
 0.000000+0 0.000000+0          0          0          1          27428 1451    4
 74-W -181 JAEA       EVAL-Aug21 N.Iwamoto                        7428 1451    5
                      DIST-DEC21                       20210830   7428 1451    6
----JENDL-5           MATERIAL 7428                               7428 1451    7
-----INCIDENT NEUTRON DATA                                        7428 1451    8
------ENDF-6 FORMAT                                               7428 1451    9
                                                                  7428 1451   10
                                1        451         12          07428 1451   11
                                2        151          6          07428 1451   12
                                                                  7428 1  099999
                                                                  7428 0  0    0
 7.418100+4 1.793938+2          0          0          1          07428 2151    1
 7.418100+4 1.000000+0          0          0          1          07428 2151    2
 1.000000-5 6.000000+0          1          2          0          07428 2151    3
 4.500000+0 8.200000-1          0          0          1          07428 2151    4
 1.793940+2 0.000000+0          0          0          6          17428 2151    5
 3.180000+0 4.000000+0 8.958640-2 5.864000-4 8.900000-2 0.000000+07428 2151    6
                                                                  7428 2  0    7
                                                                  7428 0  0    0
                                                                     0 0  0    0
                                                                    -1 0  0    0
