 n-Xe131m.res.jendl5.0: Merger of MF1 and MF2                       99 0  0    0
 5.413100+4 1.297805+2          1          0          6          15447 1451    1
 1.639300+5 1.000000+0          2          1          0          65447 1451    2
 1.000000+0 2.000000+8          0          0         10          55447 1451    3
 0.000000+0 0.000000+0          0          0          1          25447 1451    4
 54-Xe-131MJAEA       EVAL-Sep21 N.Iwamoto                        5447 1451    5
                      DIST-DEC21                       20210920   5447 1451    6
----JENDL-5           MATERIAL 5447                               5447 1451    7
-----INCIDENT NEUTRON DATA                                        5447 1451    8
------ENDF-6 FORMAT                                               5447 1451    9
History                                                           5447 1451   10
                                1        451         12          05447 1451   11
                                2        151          4          05447 1451   12
                                                                  5447 1  099999
                                                                  5447 0  0    0
 5.413100+4 1.297805+2          0          0          1          05447 2151    1
 5.413100+4 1.000000+0          0          0          1          05447 2151    2
 1.000000-5 1.000000+5          0          0          0          05447 2151    3
 5.500000+0 7.046866-1          0          0          0          05447 2151    4
                                                                  5447 2  0    5
                                                                  5447 0  0    0
                                                                     0 0  0    0
                                                                    -1 0  0    0
