 n-Y087m.res.jendl5.0: Merger of MF1 and MF2                        99 0  0    0
 3.908700+4 8.616427+1          1          0          6          13920 1451    1
 3.808200+5 1.000000+0          1          1          0          63920 1451    2
 1.000000+0 2.000000+8          0          0         10          53920 1451    3
 0.000000+0 0.000000+0          0          0          1          23920 1451    4
 39-Y - 87MJAEA       EVAL-Sep21 N.Iwamoto                        3920 1451    5
                      DIST-DEC21                       20210920   3920 1451    6
----JENDL-5           MATERIAL 3920                               3920 1451    7
-----INCIDENT NEUTRON DATA                                        3920 1451    8
------ENDF-6 FORMAT                                               3920 1451    9
History                                                           3920 1451   10
                                1        451         12          03920 1451   11
                                2        151          4          03920 1451   12
                                                                  3920 1  099999
                                                                  3920 0  0    0
 3.908700+4 8.616427+1          0          0          1          03920 2151    1
 3.908700+4 1.000000+0          0          0          1          03920 2151    2
 1.000000-5 1.000000+5          0          0          0          03920 2151    3
 4.500000+0 6.250189-1          0          0          0          03920 2151    4
                                                                  3920 2  0    5
                                                                  3920 0  0    0
                                                                     0 0  0    0
                                                                    -1 0  0    0
