 n-Yb175.res.jendl5.0: Merger of MF1 and MF2                        99 0  0    0
 7.017500+4 1.734385+2          1          0          6          17046 1451    1
 0.000000+0 1.000000+0          0          0          0          67046 1451    2
 1.000000+0 2.000000+8          0          0         10          57046 1451    3
 0.000000+0 0.000000+0          0          0          1          27046 1451    4
 70-Yb-175 JAEA       EVAL-Sep21 N.Iwamoto                        7046 1451    5
                      DIST-DEC21                       20210920   7046 1451    6
----JENDL-5           MATERIAL 7046                               7046 1451    7
-----INCIDENT NEUTRON DATA                                        7046 1451    8
------ENDF-6 FORMAT                                               7046 1451    9
History                                                           7046 1451   10
                                1        451         12          07046 1451   11
                                2        151          4          07046 1451   12
                                                                  7046 1  099999
                                                                  7046 0  0    0
 7.017500+4 1.734385+2          0          0          1          07046 2151    1
 7.017500+4 1.000000+0          0          0          1          07046 2151    2
 1.000000-5 1.000000+5          0          0          0          07046 2151    3
 3.500000+0 7.679937-1          0          0          0          07046 2151    4
                                                                  7046 2  0    5
                                                                  7046 0  0    0
                                                                     0 0  0    0
                                                                    -1 0  0    0
