 n-Zn065.res.jendl5.0: Merger of MF1 and MF2                        99 0  0    0
 3.006500+4 6.437147+1          1          0          6          13028 1451    1
 0.000000+0 1.000000+0          0          0          0          63028 1451    2
 1.000000+0 2.000000+8          0          0         10          53028 1451    3
 0.000000+0 0.000000+0          0          0          1          23028 1451    4
 30-Zn- 65 JAEA       EVAL-Feb21 N.Iwamoto                        3028 1451    5
                      DIST-DEC21                       20210228   3028 1451    6
----JENDL-5           MATERIAL 3028                               3028 1451    7
-----INCIDENT NEUTRON DATA                                        3028 1451    8
------ENDF-6 FORMAT                                               3028 1451    9
                                                                  3028 1451   10
                                1        451         12          03028 1451   11
                                2        151          4          03028 1451   12
                                                                  3028 1  099999
                                                                  3028 0  0    0
 3.006500+4 6.437147+1          0          0          1          03028 2151    1
 3.006500+4 1.000000+0          0          0          1          03028 2151    2
 1.000000-5 1.000000+5          0          0          0          03028 2151    3
 2.500000+0 6.700000-1          0          0          0          03028 2151    4
                                                                  3028 2  0    5
                                                                  3028 0  0    0
                                                                     0 0  0    0
                                                                    -1 0  0    0
