 n-Zn072.res.jendl5.0: Merger of MF1 and MF2                        99 0  0    0
 3.007200+4 7.130896+1          1          0          6          13049 1451    1
 0.000000+0 1.000000+0          0          0          0          63049 1451    2
 1.000000+0 2.000000+8          0          0         10          53049 1451    3
 0.000000+0 0.000000+0          0          0          1          23049 1451    4
 30-Zn- 72 JAEA       EVAL-Mar21 N.Iwamoto                        3049 1451    5
                      DIST-DEC21                       20210331   3049 1451    6
----JENDL-5           MATERIAL 3049                               3049 1451    7
-----INCIDENT NEUTRON DATA                                        3049 1451    8
------ENDF-6 FORMAT                                               3049 1451    9
                                                                  3049 1451   10
                                1        451         12          03049 1451   11
                                2        151          4          03049 1451   12
                                                                  3049 1  099999
                                                                  3049 0  0    0
 3.007200+4 7.130896+1          0          0          1          03049 2151    1
 3.007200+4 1.000000+0          0          0          1          03049 2151    2
 1.000000-5 1.000000+5          0          0          0          03049 2151    3
 0.000000+0 6.700000-1          0          0          0          03049 2151    4
                                                                  3049 2  0    5
                                                                  3049 0  0    0
                                                                     0 0  0    0
                                                                    -1 0  0    0
