 n-Zn062.res.jendl5.0: Merger of MF1 and MF2                        99 0  0    0
 3.006200+4 6.140229+1          1          0          6          13019 1451    1
 0.000000+0 1.000000+0          0          0          0          63019 1451    2
 1.000000+0 2.000000+8          0          0         10          53019 1451    3
 0.000000+0 0.000000+0          0          0          1          23019 1451    4
 30-Zn- 62 JAEA       EVAL-Feb21 N.Iwamoto                        3019 1451    5
                      DIST-DEC21                       20210228   3019 1451    6
----JENDL-5           MATERIAL 3019                               3019 1451    7
-----INCIDENT NEUTRON DATA                                        3019 1451    8
------ENDF-6 FORMAT                                               3019 1451    9
                                                                  3019 1451   10
                                1        451         12          03019 1451   11
                                2        151          4          03019 1451   12
                                                                  3019 1  099999
                                                                  3019 0  0    0
 3.006200+4 6.140229+1          0          0          1          03019 2151    1
 3.006200+4 1.000000+0          0          0          1          03019 2151    2
 1.000000-5 1.000000+5          0          0          0          03019 2151    3
 0.000000+0 6.700000-1          0          0          0          03019 2151    4
                                                                  3019 2  0    5
                                                                  3019 0  0    0
                                                                     0 0  0    0
                                                                    -1 0  0    0
