 n-Zr089.res.jendl5.0: Merger of MF1 and MF2                        99 0  0    0
 4.008900+4 8.814511+1          1          0          6          14022 1451    1
 0.000000+0 1.000000+0          0          0          0          64022 1451    2
 1.000000+0 2.000000+8          0          0         10          54022 1451    3
 0.000000+0 0.000000+0          0          0          1          24022 1451    4
 40-Zr- 89 JAEA       EVAL-Sep21 N.Iwamoto                        4022 1451    5
                      DIST-DEC21                       20210920   4022 1451    6
----JENDL-5           MATERIAL 4022                               4022 1451    7
-----INCIDENT NEUTRON DATA                                        4022 1451    8
------ENDF-6 FORMAT                                               4022 1451    9
History                                                           4022 1451   10
                                1        451         12          04022 1451   11
                                2        151          4          04022 1451   12
                                                                  4022 1  099999
                                                                  4022 0  0    0
 4.008900+4 8.814511+1          0          0          1          04022 2151    1
 4.008900+4 1.000000+0          0          0          1          04022 2151    2
 1.000000-5 1.000000+5          0          0          0          04022 2151    3
 4.500000+0 6.291636-1          0          0          0          04022 2151    4
                                                                  4022 2  0    5
                                                                  4022 0  0    0
                                                                     0 0  0    0
                                                                    -1 0  0    0
