 n-Zr088.res.jendl5.0: Merger of MF1 and MF2                        99 0  0    0
 4.008800+4 8.715503+1          1          0          6          14019 1451    1
 0.000000+0 1.000000+0          0          0          0          64019 1451    2
 1.000000+0 2.000000+8          0          0         10          54019 1451    3
 0.000000+0 0.000000+0          0          0          1          24019 1451    4
 40-Zr- 88 JAEA       EVAL-Nov21 N.Iwamoto                        4019 1451    5
                      DIST-DEC21                       20211112   4019 1451    6
----JENDL-5           MATERIAL 4019                               4019 1451    7
-----INCIDENT NEUTRON DATA                                        4019 1451    8
------ENDF-6 FORMAT                                               4019 1451    9
History                                                           4019 1451   10
                                1        451         12          04019 1451   11
                                2        151          4          04019 1451   12
                                                                  4019 1  099999
                                                                  4019 0  0    0
 4.008800+4 8.715503+1          0          0          1          04019 2151    1
 4.008800+4 1.000000+0          0          0          1          04019 2151    2
 1.000000-5 1.000000+5          0          0          0          04019 2151    3
 0.000000+0 6.270991-1          0          0          0          04019 2151    4
                                                                  4019 2  0    5
                                                                  4019 0  0    0
                                                                     0 0  0    0
                                                                    -1 0  0    0
