 n-Zr097.res.jendl5.0: Merger of MF1 and MF2                        99 0  0    0
 4.009700+4 9.607845+1          1          0          6          14046 1451    1
 0.000000+0 1.000000+0          0          0          0          64046 1451    2
 1.000000+0 2.000000+8          0          0         10          54046 1451    3
 0.000000+0 0.000000+0          0          0          1          24046 1451    4
 40-Zr- 97 JAEA       EVAL-Sep21 N.Iwamoto                        4046 1451    5
                      DIST-DEC21                       20210920   4046 1451    6
----JENDL-5           MATERIAL 4046                               4046 1451    7
-----INCIDENT NEUTRON DATA                                        4046 1451    8
------ENDF-6 FORMAT                                               4046 1451    9
History                                                           4046 1451   10
                                1        451         12          04046 1451   11
                                2        151          4          04046 1451   12
                                                                  4046 1  099999
                                                                  4046 0  0    0
 4.009700+4 9.607845+1          0          0          1          04046 2151    1
 4.009700+4 1.000000+0          0          0          1          04046 2151    2
 1.000000-5 1.000000+5          0          0          0          04046 2151    3
 5.000000-1 6.451482-1          0          0          0          04046 2151    4
                                                                  4046 2  0    5
                                                                  4046 0  0    0
                                                                     0 0  0    0
                                                                    -1 0  0    0
