  47 100   6  20    -0.01933    -0.19088                                   Ag100
  47 101   7  36    -0.13605    -0.54395                                   Ag101
  47 102   6  21     0.00604    -0.15402                                   Ag102
  47 103   4  37    -0.28613    -1.19932                                   Ag103
  47 104   7  36    -0.65670    -2.07847                                   Ag104
  47 105   6  21    -0.38195    -1.30445                                   Ag105
  47 106   5  26    -0.19647    -1.12010                                   Ag106
  47 107   6  15    -0.23275    -0.82748                                   Ag107
  47 108   7  36    -0.56925    -1.81179                                   Ag108
  47 109   7  22    -0.31314    -1.48918                                   Ag109
  47 110   7  36    -0.30181    -1.34801                                   Ag110
  47 111   5  26    -0.25890    -1.21542                                   Ag111
  47 115   2  20    -0.50749    -1.41964                                   Ag115
