  33  68   6  20     0.18682     0.49332                                   As068
  33  69   6  15    -0.03419    -0.48437                                   As069
  33  70   7  22    -0.41813    -1.91303                                   As070
  33  71   7  22    -0.21480    -1.35681                                   As071
  33  72   7  36    -0.36079    -1.53246                                   As072
  33  73   6  20    -0.27271    -1.43623                                   As073
  33  74   7  22    -0.42112    -1.50053                                   As074
  33  75   7  36    -0.22562    -1.05190                                   As075
  33  76   6  21    -0.47749    -1.96736                                   As076
  33  77   7  36    -0.23251    -1.05213                                   As077
  33  78   7  22    -0.39470    -1.24119                                   As078
  33  79   6  15    -0.07088    -0.42446                                   As079
  33  80   6  15    -0.29072    -1.12587                                   As080
  33  81   4  22    -0.30913    -1.00401                                   As081
  33  82   7  22     0.20143     0.36026                                   As082
  33  83   6  23     0.76799     1.81172                                   As083
