  79 185   4  22     0.02684    -0.14318                                   Au185
  79 186   6  22     0.05602     0.21369                                   Au186
  79 187   6  22    -0.50853    -0.44063                                   Au187
  79 188   6  20     0.14705     0.81532                                   Au188
  79 189   7  33    -0.10588    -0.11776                                   Au189
  79 191   2  20    -0.03622     0.15317                                   Au191
  79 193   6  23     0.32553     0.20806                                   Au193
  79 195   6  20     0.35920     0.38853                                   Au195
  79 196   7  22    -0.16361    -0.75859                                   Au196
  79 197   6  15     0.18376     0.15615                                   Au197
  79 198   6  22    -0.67028    -0.72844                                   Au198
  79 199   6  22     0.27912     0.42384                                   Au199
  79 201   6  20     0.66609     1.27238                                   Au201
  79 203   7  17     0.52901     0.67526                                   Au203
