  56 121   2  20    -0.20275    -0.10682                                   Ba121
  56 122   4  22     0.46967     1.54863                                   Ba122
  56 123   2  26    -0.23660    -0.44546                                   Ba123
  56 124   6  15     0.26195     0.80785                                   Ba124
  56 126   6  36     0.07510     0.94811                                   Ba126
  56 127   7  22     0.70970     0.20804                                   Ba127
  56 128   6  36     0.09097     0.88072                                   Ba128
  56 129   7  29    -0.52966    -0.97615                                   Ba129
  56 130   6  23    -0.02035     0.34335                                   Ba130
  56 131   4  22    -0.38029    -0.46458                                   Ba131
  56 132   6  23     0.01292     0.38398                                   Ba132
  56 133   6  15    -0.26375    -0.75387                                   Ba133
  56 134   6  23    -0.28536    -0.30360                                   Ba134
  56 135   4  22    -0.25047    -0.24244                                   Ba135
  56 136   6  23     0.02525    -0.41585                                   Ba136
  56 137   7  29     0.22969     0.43118                                   Ba137
  56 138   6  22    -0.30963     0.99614                                   Ba138
  56 139   7  29    -0.81490    -1.28580                                   Ba139
  56 140   6  22     0.36025     0.44991                                   Ba140
  56 141   6  36    -0.31576    -0.52605                                   Ba141
  56 142   2  20     0.34392     0.44167                                   Ba142
  56 143   7  29    -0.65419    -1.04471                                   Ba143
  56 144   6  22     0.42415     0.54872                                   Ba144
  56 145   7  29    -0.99852    -1.67057                                   Ba145
  56 146   2  20     0.15676     0.07329                                   Ba146
