  83 193   7  33     0.27706     0.60911                                   Bi193
  83 197   6  15     0.59113     1.65953                                   Bi197
  83 199   6  22     0.33185     0.67886                                   Bi199
  83 201   6  15     0.37287     0.52300                                   Bi201
  83 203   6  22     0.17382     0.33830                                   Bi203
  83 204   6  22     0.33575     0.64373                                   Bi204
  83 205   6  22     0.33564     0.78004                                   Bi205
  83 206   6  23     0.35547     0.67174                                   Bi206
  83 207   6  22     0.25812     0.40082                                   Bi207
  83 208   6  23     0.68072     1.21130                                   Bi208
  83 209   7  29     0.76898     1.44523                                   Bi209
  83 210   6  22     0.03194     0.75471                                   Bi210
  83 211   6  22    -0.11461     0.02900                                   Bi211
  83 213   6  20     0.38351     0.87488                                   Bi213
