  83 193   7  33     0.14181     0.57765                                   Bi193
  83 197   6  15     0.48088     1.63499                                   Bi197
  83 199   6  22     0.20787     0.64501                                   Bi199
  83 201   6  22     0.31334     0.51186                                   Bi201
  83 203   6  22     0.09980     0.31056                                   Bi203
  83 205   6  22     0.28003     0.76178                                   Bi205
  83 207   6  23     0.13893     0.35116                                   Bi207
  83 208   7  33     0.59167     1.23473                                   Bi208
  83 209   7  29     0.60479     1.36963                                   Bi209
  83 210   6  22    -0.10511     0.74559                                   Bi210
  83 211   6  22     0.05828     0.11793                                   Bi211
  83 213   7  20     0.56973     0.92511                                   Bi213
