  35  71   6  20    -0.30354    -1.16789                                   Br071
  35  72   2  26    -0.30678    -1.63985                                   Br072
  35  73   2  20    -0.25020    -1.04075                                   Br073
  35  74   7  22    -0.38290    -2.01654                                   Br074
  35  75   7  33    -0.29160    -1.00836                                   Br075
  35  76   7  22    -0.14718    -1.07948                                   Br076
  35  77   6  21    -0.27906    -1.09667                                   Br077
  35  78   6  21    -0.56543    -2.16353                                   Br078
  35  79   6  21    -0.22333    -0.81632                                   Br079
  35  80   6  21    -0.52046    -2.15499                                   Br080
  35  81   7  36    -0.27874    -1.08779                                   Br081
  35  82   5  43    -0.07891    -1.24376                                   Br082
  35  83   6  15    -0.13455    -0.70969                                   Br083
  35  85   6  23     0.63710     1.68427                                   Br085
