  35  71   2  25    -0.19749    -0.96142                                   Br071
  35  72   2  26    -0.37260    -1.72527                                   Br072
  35  73   2  20    -0.19213    -1.01562                                   Br073
  35  74   7  22    -0.23859    -1.88836                                   Br074
  35  75   4  37    -0.17605    -0.94158                                   Br075
  35  76   7  22    -0.14874    -1.08090                                   Br076
  35  77   7  36    -0.21014    -0.99377                                   Br077
  35  78   6  21    -0.58489    -2.18632                                   Br078
  35  79   4  37    -0.19990    -0.88609                                   Br079
  35  80   6  21    -0.55429    -2.18899                                   Br080
  35  81   7  36    -0.25715    -1.06592                                   Br081
  35  82   6  15    -0.19904    -1.26125                                   Br082
  35  83   6  15    -0.29113    -1.00420                                   Br083
  35  85   6  23     0.51525     1.58212                                   Br085
  35  86   6  15     0.74617     1.35786                                   Br086
