  48 101   6  22     0.68229     2.23040                                   Cd101
  48 102   6  23    -0.04734    -0.19706                                   Cd102
  48 103   6  15    -0.37707    -1.31120                                   Cd103
  48 104   2  20     0.04561     0.10479                                   Cd104
  48 105   6  21    -0.25172    -0.75193                                   Cd105
  48 106   6  21    -0.22868    -0.79154                                   Cd106
  48 107   6  15    -0.20641    -0.81379                                   Cd107
  48 108   6  23     0.08965     0.29067                                   Cd108
  48 109   6  15     0.11985    -0.58247                                   Cd109
  48 110   6  23    -0.02658    -0.09199                                   Cd110
  48 111   6  15    -0.29370    -1.19306                                   Cd111
  48 112   7  29    -0.06515     0.14470                                   Cd112
  48 113   6  21    -0.01899    -0.92857                                   Cd113
  48 114   6  23     0.03220     0.09280                                   Cd114
  48 115   6  36     0.54912    -0.17180                                   Cd115
  48 116   6  22     0.29331     0.79425                                   Cd116
  48 117   6  22    -0.26125    -0.30053                                   Cd117
  48 118   6  23     0.24915     0.61643                                   Cd118
  48 119   2  20    -0.46283    -0.76162                                   Cd119
  48 120   6  22     0.87599     1.71955                                   Cd120
  48 121   7  29    -0.14895    -0.24037                                   Cd121
  48 122   6  15     0.49924     1.07104                                   Cd122
