  48 101   6  22     0.73870     2.24988                                   Cd101
  48 102   6  36     0.07595    -0.07552                                   Cd102
  48 103   6  15    -0.32186    -1.22812                                   Cd103
  48 104   6  23     0.07410    -0.10572                                   Cd104
  48 105   6  15    -0.27799    -0.88802                                   Cd105
  48 106   4  37     0.11115    -0.02192                                   Cd106
  48 107   6  15    -0.21995    -0.82236                                   Cd107
  48 108   6  23     0.19864     0.38262                                   Cd108
  48 109   6  15     0.02331    -0.65982                                   Cd109
  48 110   6  23     0.05830    -0.04711                                   Cd110
  48 111   6  21    -0.36103    -1.11666                                   Cd111
  48 112   7  29    -0.18903     0.03062                                   Cd112
  48 113   6  21    -0.16266    -1.02473                                   Cd113
  48 114   6  23    -0.07674     0.03445                                   Cd114
  48 115   6  21     0.18675    -0.61664                                   Cd115
  48 116   6  22     0.17536     0.72347                                   Cd116
  48 117   6  22    -0.37913    -0.36804                                   Cd117
  48 118   6  22     0.13903     0.54022                                   Cd118
  48 119   2  20    -0.53549    -0.79532                                   Cd119
  48 120   6  22     0.81693     1.70166                                   Cd120
  48 121   6  22    -0.10893    -0.28244                                   Cd121
  48 122   7  21     0.82284     1.44676                                   Cd122
