  58 125   6  22    -0.07252     0.37894                                   Ce125
  58 126   6  15     0.49283     1.56967                                   Ce126
  58 127   2  26    -0.24076    -0.46588                                   Ce127
  58 128   5  38     0.18443     1.38205                                   Ce128
  58 129   6  22    -0.09184     0.28090                                   Ce129
  58 130   6  22     0.43963     1.41240                                   Ce130
  58 131   2  26     0.18791    -0.54673                                   Ce131
  58 132   6  22     0.24395     0.53429                                   Ce132
  58 133   6  22    -0.23333    -0.14993                                   Ce133
  58 134   6  23     0.03269     0.50438                                   Ce134
  58 135   6  22     0.31779     0.87495                                   Ce135
  58 136   6  22     0.25106     0.88416                                   Ce136
  58 137   6  23     0.28086     0.27035                                   Ce137
  58 138   7  36     0.31953     0.58067                                   Ce138
  58 139   6  15    -0.02712    -0.21768                                   Ce139
  58 140   6  22     0.39520     0.99455                                   Ce140
  58 141   6  15     0.19154     0.15979                                   Ce141
  58 142   4  37     0.89532     0.69180                                   Ce142
  58 143   7  36     0.73112     0.32724                                   Ce143
  58 144   6  22     0.23119     0.26837                                   Ce144
  58 145   6  22    -0.51684    -0.66970                                   Ce145
  58 146   2  20     0.26618     0.28516                                   Ce146
  58 147   2  26    -0.82652    -1.15821                                   Ce147
  58 148   6  22     0.31924     0.37341                                   Ce148
  58 149   6  15    -0.75195    -1.02283                                   Ce149
  58 150   6  22     0.88080     1.28701                                   Ce150
