  27  55   7  36    -0.21897    -1.20562                                   Co055
  27  56   7  36     0.07637     0.02750                                   Co056
  27  57   2  25    -0.26149    -1.60019                                   Co057
  27  58   7  22    -0.44408    -2.04745                                   Co058
  27  59   6  15    -0.00666    -0.30077                                   Co059
  27  60   6  15    -0.32115    -1.13094                                   Co060
  27  61   4  37    -0.30473    -1.28739                                   Co061
  27  62   6  15    -0.13474    -0.64422                                   Co062
  27  63   6  23     0.12284     0.19618                                   Co063
  27  65   6  19     0.34220     0.77640                                   Co065
