  27  55   6  23    -0.20579    -1.28320                                   Co055
  27  56   7  36    -0.04812    -0.17859                                   Co056
  27  57   2  25    -0.42397    -2.08143                                   Co057
  27  58   7  36    -0.66029    -2.69873                                   Co058
  27  59   6  15    -0.09705    -0.37615                                   Co059
  27  60   6  21    -0.48643    -1.42413                                   Co060
  27  61   4  37    -0.41065    -1.49242                                   Co061
  27  62   6  15    -0.26231    -0.74915                                   Co062
  27  63   6  23     0.01852     0.08771                                   Co063
  27  65   6  19     0.30936     0.75364                                   Co065
