  55 122   6  23     0.14282    -0.41254                                   Cs122
  55 123   2  26     0.20695    -0.25747                                   Cs123
  55 124   4  34    -0.14346    -0.45605                                   Cs124
  55 126   4  34    -0.05458    -0.15285                                   Cs126
  55 127   2  20    -0.03948    -0.11652                                   Cs127
  55 129   4  22    -0.14186    -0.46655                                   Cs129
  55 130   6  21    -0.03650    -0.06515                                   Cs130
  55 131   6  21    -0.18123    -0.54428                                   Cs131
  55 132   7  22    -0.34258    -0.75941                                   Cs132
  55 133   6  15    -0.15826    -0.48205                                   Cs133
  55 134   7  36    -0.22369    -0.94029                                   Cs134
  55 137   6  15     0.52541     0.95613                                   Cs137
  55 138   6  22    -0.12572    -0.19741                                   Cs138
  55 139   7  29    -0.48764    -0.92639                                   Cs139
  55 140   6  22    -0.26997    -0.34955                                   Cs140
  55 141   4  22    -0.46597    -0.83387                                   Cs141
  55 142   6  22    -0.16201    -0.17858                                   Cs142
  55 143   6  22     0.51426     0.81736                                   Cs143
