  55 122   6  23     0.11349    -0.42302                                   Cs122
  55 123   2  26     0.11518    -0.28992                                   Cs123
  55 124   4  34    -0.29542    -0.56642                                   Cs124
  55 126   6  22    -0.22101    -0.18851                                   Cs126
  55 127   2  20    -0.14300    -0.15454                                   Cs127
  55 129   4  22    -0.23694    -0.53971                                   Cs129
  55 130   6  22    -0.15004    -0.10029                                   Cs130
  55 131   6  21    -0.24144    -0.58459                                   Cs131
  55 132   7  22    -0.19183    -0.62404                                   Cs132
  55 133   6  15    -0.08003    -0.43907                                   Cs133
  55 134   7  36    -0.08526    -0.83423                                   Cs134
  55 137   6  22     0.67341     1.56905                                   Cs137
  55 138   6  22     0.01924    -0.10561                                   Cs138
  55 139   7  29    -0.28737    -0.71954                                   Cs139
  55 140   6  22    -0.05607    -0.20883                                   Cs140
  55 141   4  22    -0.38496    -0.77039                                   Cs141
  55 142   6  22     0.04557    -0.07310                                   Cs142
  55 143   6  22     0.22076     0.73978                                   Cs143
