  29  58   6  23     0.20179     0.79645                                   Cu058
  29  59   4  37    -0.16095    -0.93558                                   Cu059
  29  60   7  36    -0.29901    -1.59706                                   Cu060
  29  61   7  36    -0.19733    -1.23117                                   Cu061
  29  62   2  25    -0.36769    -1.69964                                   Cu062
  29  63   6  23    -0.23667    -1.16596                                   Cu063
  29  64   7  33    -0.43455    -1.24803                                   Cu064
  29  65   6  23    -0.16858    -0.73376                                   Cu065
  29  66   4  22    -0.46504    -1.11138                                   Cu066
  29  67   6  23     0.27359     0.82893                                   Cu067
  29  68   6  19     0.67758     1.06963                                   Cu068
  29  69   6  15     0.37230     1.02690                                   Cu069
  29  71   6  23     0.12575     0.24595                                   Cu071
  29  72   6  15     0.53946     1.02962                                   Cu072
