  66 146   2  20     0.33523     1.21826                                   Dy146
  66 147   6  20     0.78132     1.81060                                   Dy147
  66 149   7  29     0.28293     0.54117                                   Dy149
  66 150   6  23     0.06641     0.17511                                   Dy150
  66 151   2  20    -0.18371    -0.34852                                   Dy151
  66 152   6  15     0.62247     1.13275                                   Dy152
  66 153   6  22     0.09669     0.19206                                   Dy153
  66 154   6  15     0.23365     0.63296                                   Dy154
  66 155   2  26    -0.45922    -0.93654                                   Dy155
  66 156   6  22     0.10504     0.27007                                   Dy156
  66 157   7  22     0.37137    -0.47596                                   Dy157
  66 158   6  22     0.14015     0.33802                                   Dy158
  66 159   4  22    -0.30749    -0.50748                                   Dy159
  66 160   6  22     0.14538     0.31594                                   Dy160
  66 161   7  29     0.00985    -0.01860                                   Dy161
  66 162   6  22     0.10826     0.58279                                   Dy162
  66 163   6  22     0.01132    -0.19537                                   Dy163
  66 164   6  22     0.14956     0.49085                                   Dy164
  66 165   7  33     0.00977     0.14237                                   Dy165
  66 166   2  20     0.27831     0.52634                                   Dy166
