  68 151   6  22     0.45295     0.97064                                   Er151
  68 153   6  22     1.49023     2.31478                                   Er153
  68 156   2  20     0.12383     0.37395                                   Er156
  68 157   4  18    -0.00109     0.01624                                   Er157
  68 158   6  22     0.07431     0.23416                                   Er158
  68 159   6  22    -0.01776    -0.03948                                   Er159
  68 160   2  20     0.17050     0.45631                                   Er160
  68 161   6  22    -0.18286    -0.37387                                   Er161
  68 162   6  23     0.26040     0.65298                                   Er162
  68 163   6  22    -0.05211     0.01971                                   Er163
  68 164   6  15     0.37471     0.90372                                   Er164
  68 165   7  29    -0.26539    -0.25041                                   Er165
  68 166   6  23     0.35325     0.75779                                   Er166
  68 167   6  22    -0.04322     0.21487                                   Er167
  68 168   6  22    -0.18026     0.58570                                   Er168
  68 169   6  22    -0.35554    -0.13042                                   Er169
  68 170   2  20     0.31036     0.59151                                   Er170
  68 171   6  22    -0.20592    -0.30295                                   Er171
  68 172   6  22     0.33958     0.58448                                   Er172
