  63 139   4  22    -0.10872    -0.44809                                   Eu139
  63 140   4  21     0.06993     0.26190                                   Eu140
  63 141   2  20     0.14628    -0.09369                                   Eu141
  63 142   4  22    -0.06535    -0.19088                                   Eu142
  63 143   2  20    -0.01601    -0.06926                                   Eu143
  63 144   2  20    -0.00785    -0.02905                                   Eu144
  63 145   6  15    -0.10440    -0.38803                                   Eu145
  63 146   6  22    -0.23849    -0.50367                                   Eu146
  63 147   6  15    -0.06027    -0.16100                                   Eu147
  63 149   7  29    -0.32684    -0.76674                                   Eu149
  63 150   7  29    -0.45548    -0.88118                                   Eu150
  63 151   4  37    -0.36843    -0.89389                                   Eu151
  63 152   4  37    -0.13479    -1.02621                                   Eu152
  63 153   6  22    -0.35812    -0.14505                                   Eu153
  63 154   7  29    -0.31389    -0.87024                                   Eu154
  63 155   6  22    -0.12456     0.27127                                   Eu155
  63 156   4  22    -0.45612    -0.25846                                   Eu156
  63 159   6  22     0.56209     0.69232                                   Eu159
