  63 139   4  22    -0.00450    -0.39821                                   Eu139
  63 140   4  21     0.17726     0.27486                                   Eu140
  63 141   2  20     0.06995    -0.13321                                   Eu141
  63 142   4  22     0.01009    -0.16158                                   Eu142
  63 143   2  20     0.05104    -0.03929                                   Eu143
  63 144   2  20     0.11293     0.01463                                   Eu144
  63 145   6  15    -0.20302    -0.43542                                   Eu145
  63 146   4  22    -0.30803    -0.80125                                   Eu146
  63 147   2  20     0.00663    -0.18292                                   Eu147
  63 149   7  22    -0.19711    -0.69209                                   Eu149
  63 150   7  29    -0.30577    -0.81977                                   Eu150
  63 151   4  37    -0.25006    -0.83261                                   Eu151
  63 152   4  37    -0.03532    -0.99274                                   Eu152
  63 153   6  22    -0.26958    -0.11210                                   Eu153
  63 154   7  36    -0.20946    -0.80432                                   Eu154
  63 155   6  22    -0.06394     0.28305                                   Eu155
  63 156   4  22    -0.36120    -0.23127                                   Eu156
  63 157   7  33     0.11262     0.59246                                   Eu157
  63 159   6  22     0.46756     0.66549                                   Eu159
