  31  64   6  20    -0.28679    -1.31036                                   Ga064
  31  65   7  36    -0.14667    -0.73652                                   Ga065
  31  66   6  21    -0.31923    -1.31202                                   Ga066
  31  67   6  23    -0.05667    -0.28579                                   Ga067
  31  68   6  21    -0.43537    -1.56207                                   Ga068
  31  69   6  15    -0.12839    -0.49395                                   Ga069
  31  70   4  37    -0.70426    -1.74432                                   Ga070
  31  71   6  23    -0.08073    -0.26369                                   Ga071
  31  72   7  36    -0.55963    -1.87967                                   Ga072
  31  73   6  15    -0.11244    -0.35355                                   Ga073
  31  75   6  15    -0.19142    -0.59549                                   Ga075
  31  76   6  15     0.21462     0.49120                                   Ga076
  31  77   6  15    -0.10597    -0.27193                                   Ga077
  31  78   7  20     0.89821     1.81645                                   Ga078
  31  79   7  19     0.40914     1.05531                                   Ga079
  31  80   2  20    -0.24535    -0.62834                                   Ga080
