  31  64   2  26    -0.15834    -0.86347                                   Ga064
  31  65   6  15    -0.36981    -1.75761                                   Ga065
  31  66   7  36    -0.24627    -1.16916                                   Ga066
  31  67   4  22    -0.12190    -0.37667                                   Ga067
  31  68   6  21    -0.37365    -1.46059                                   Ga068
  31  69   6  15    -0.12342    -0.48897                                   Ga069
  31  70   4  37    -0.65898    -1.69394                                   Ga070
  31  71   6  23    -0.08247    -0.26470                                   Ga071
  31  72   7  36    -0.52049    -1.83874                                   Ga072
  31  73   6  15     0.00297    -0.25508                                   Ga073
  31  75   6  23    -0.05365    -0.39877                                   Ga075
  31  76   6  15     0.29539     0.51953                                   Ga076
  31  77   4  22    -0.04514    -0.30932                                   Ga077
  31  78   7  20     1.09328     1.87745                                   Ga078
  31  79   7  19     0.52864     1.14680                                   Ga079
