  32  66   6  23     0.51819     2.08894                                   Ge066
  32  67   6  15    -0.32463    -1.22242                                   Ge067
  32  68   6  23     0.10254     0.46108                                   Ge068
  32  69   6  15    -0.32443    -1.12181                                   Ge069
  32  70   2  20    -0.00587    -0.00465                                   Ge070
  32  71   7  36    -0.13994    -1.12961                                   Ge071
  32  72   2  50     0.04960     0.19414                                   Ge072
  32  73   5  43    -0.33950    -1.87508                                   Ge073
  32  74   4  22    -0.04356    -0.18566                                   Ge074
  32  75   6  15    -0.20286    -1.37579                                   Ge075
  32  76   7  36    -0.09031    -0.30209                                   Ge076
  32  77   6  15    -0.07675    -0.88021                                   Ge077
  32  78   6  23     0.15477     0.44469                                   Ge078
  32  79   7  29     0.28401     0.74799                                   Ge079
  32  80   2  20     0.50025     1.31740                                   Ge080
  32  81   2  20     0.27004    -0.20272                                   Ge081
  32  82   2  20    -0.35208    -1.23528                                   Ge082
