  72 163   6  23     0.46462     1.34605                                   Hf163
  72 168   6  15     0.31439     0.84549                                   Hf168
  72 169   6  22    -0.07559     0.10105                                   Hf169
  72 170   6  22     0.36285     0.83100                                   Hf170
  72 171   6  22    -0.13145    -0.01664                                   Hf171
  72 172   6  22     0.32878     0.58167                                   Hf172
  72 173   6  22    -0.09909     0.04996                                   Hf173
  72 174   6  23     0.32921     0.76171                                   Hf174
  72 175   6  22    -0.30996    -0.27235                                   Hf175
  72 176   6  23     0.09975     0.07459                                   Hf176
  72 177   6  22    -0.28610    -0.15208                                   Hf177
  72 178   6  23     0.01073     0.02094                                   Hf178
  72 179   6  22    -0.39897    -0.44033                                   Hf179
  72 180   7  29    -0.10187    -0.24446                                   Hf180
  72 181   6  22     0.03465     0.29221                                   Hf181
  72 182   6  15     0.62247     1.13275                                   Hf182
