  67 147   6  15     0.53811     1.75364                                   Ho147
  67 149   2  20     0.14618     0.72422                                   Ho149
  67 151   2  20     0.00160     0.02645                                   Ho151
  67 153   6  22     0.38117     0.90528                                   Ho153
  67 155   4  22    -0.02866    -0.07458                                   Ho155
  67 157   6  20    -0.27177    -0.89853                                   Ho157
  67 158   6  22    -0.14349    -0.32625                                   Ho158
  67 159   5  38    -0.51915    -0.09453                                   Ho159
  67 161   4  22    -0.51575    -0.15555                                   Ho161
  67 163   6  22     0.03120     0.08034                                   Ho163
  67 164   6  22    -0.60291     0.00723                                   Ho164
  67 165   6  22     0.10472     0.21974                                   Ho165
  67 166   6  22    -0.37754     0.17388                                   Ho166
  67 167   6  23     0.35442     0.70249                                   Ho167
  67 169   6  23     0.47621     0.84259                                   Ho169
