  53 116   2  20    -0.06405    -0.17793                                   I116
  53 117   2  20    -0.17462    -0.76139                                   I117
  53 118   6  15     0.48135     1.18326                                   I118
  53 119   2  20    -0.07806    -0.28136                                   I119
  53 120   6  21    -0.31119    -1.03705                                   I120
  53 121   7  33    -0.17512    -0.62927                                   I121
  53 122   2  26    -0.36557    -0.94212                                   I122
  53 123   6  20    -0.06223    -0.21300                                   I123
  53 124   4  37    -0.54450    -1.43096                                   I124
  53 125   6  15    -0.15064    -0.44739                                   I125
  53 126   2  25    -0.72758    -1.86180                                   I126
  53 127   6  15    -0.25282    -0.74770                                   I127
  53 128   7  36    -0.41993    -1.67982                                   I128
  53 129   4  22    -0.20242    -0.57109                                   I129
  53 130   6  21    -0.33832    -1.36989                                   I130
  53 131   2  20    -0.05858    -0.16747                                   I131
  53 133   6  15    -0.01491    -0.04744                                   I133
