  49 102   2  20     0.10478     0.47896                                   In102
  49 103   2  20     0.14275     0.54928                                   In103
  49 104   2  20    -0.15009    -0.53093                                   In104
  49 105   6  15    -0.25010    -1.02278                                   In105
  49 106   6  21    -0.00116     0.00469                                   In106
  49 107   4  22    -0.20481    -0.75035                                   In107
  49 108   7  36    -0.41174    -1.21524                                   In108
  49 109   7  36    -0.09286    -0.59651                                   In109
  49 110   6  21    -0.15282    -0.38307                                   In110
  49 111   6  36     0.04831    -0.01660                                   In111
  49 112   6  21    -0.40682    -1.08408                                   In112
  49 113   6  36     0.10039    -0.33621                                   In113
  49 114   7  36    -0.14525    -0.66561                                   In114
  49 115   6  23     0.23813     0.05218                                   In115
  49 116   7  36     0.01499    -0.51605                                   In116
  49 117   6  23     0.08810    -0.25096                                   In117
  49 118   7  18     0.20329     0.36580                                   In118
  49 119   6  23     0.15075    -0.07008                                   In119
  49 121   6  23    -0.06029    -0.11819                                   In121
  49 123   6  22     0.36922     0.83581                                   In123
  49 125   7  36     0.41325     0.97567                                   In125
  49 127   6  15     0.80763     1.54833                                   In127
