  77 181   4  22     0.12691     0.15051                                   Ir181
  77 182   4  22    -0.06096    -0.09973                                   Ir182
  77 184   6  22     0.04996     0.13252                                   Ir184
  77 185   4  22     0.14025     0.12566                                   Ir185
  77 187   6  20     0.16345     0.11414                                   Ir187
  77 188   6  22     0.20697     0.52206                                   Ir188
  77 189   4  22    -0.15664    -0.00981                                   Ir189
  77 190   7  22    -0.32693    -0.53723                                   Ir190
  77 191   6  22     0.06196    -0.12968                                   Ir191
  77 192   7  29    -0.41487    -0.90977                                   Ir192
  77 193   4  37    -0.07339    -0.25869                                   Ir193
  77 194   4  22    -0.34742    -0.45256                                   Ir194
  77 195   6  22    -0.15125    -0.13544                                   Ir195
  77 197   6  22     0.38454     0.57435                                   Ir197
