  36  74   6  23     0.32692     1.61255                                   Kr074
  36  75   6  21    -0.33992    -0.88685                                   Kr075
  36  76   6  23     0.14556     0.44251                                   Kr076
  36  77   6  21    -0.49553    -1.50237                                   Kr077
  36  78   6  23     0.12602     0.28655                                   Kr078
  36  79   6  21    -0.53620    -1.81576                                   Kr079
  36  80   6  23     0.25575     1.25832                                   Kr080
  36  81   6  15    -0.27316    -1.13464                                   Kr081
  36  82   4  37     0.14835     0.21982                                   Kr082
  36  83   6  15    -0.67603    -2.11464                                   Kr083
  36  84   6  23    -0.22558    -0.28438                                   Kr084
  36  85   7  36    -0.17317    -0.68840                                   Kr085
  36  86   7  36     0.68182     1.82744                                   Kr086
  36  87   6  23    -0.63943    -1.11973                                   Kr087
  36  88   6  23     0.09382     0.00450                                   Kr088
  36  89   6  23     0.21222     0.38347                                   Kr089
  36  90   6  23     0.29285     0.42046                                   Kr090
  36  92   2  20     0.29095     0.36723                                   Kr092
