  36  74   6  23     0.31978     1.61252                                   Kr074
  36  75   6  21    -0.20011    -0.75331                                   Kr075
  36  76   6  23     0.07948     0.39519                                   Kr076
  36  77   6  21    -0.35221    -1.39081                                   Kr077
  36  78   6  23     0.04797     0.20773                                   Kr078
  36  79   6  21    -0.41466    -1.70857                                   Kr079
  36  80   6  23     0.34443     1.32354                                   Kr080
  36  81   6  15    -0.07381    -0.74139                                   Kr081
  36  82   4  37     0.01960     0.07037                                   Kr082
  36  83   6  15    -0.73955    -2.19250                                   Kr083
  36  84   5  17    -0.31690    -0.32726                                   Kr084
  36  85   7  36    -0.24514    -0.78392                                   Kr085
  36  86   6  23     0.33326     1.11153                                   Kr086
  36  87   6  23    -0.71131    -1.22277                                   Kr087
  36  88   6  23    -0.15012    -0.39223                                   Kr088
  36  89   6  23     0.23349     0.39816                                   Kr089
  36  90   2  20     0.08885     0.19767                                   Kr090
  36  92   2  20     0.11827     0.23647                                   Kr092
