  57 127   4  22     0.05135    -0.13616                                   La127
  57 129   4  22     0.08875    -0.01113                                   La129
  57 130   2  26    -0.07185    -0.01633                                   La130
  57 131   2  20    -0.05608    -0.37156                                   La131
  57 132   6  22    -0.08551    -0.16515                                   La132
  57 133   7  33     0.03190     0.04383                                   La133
  57 134   7  22    -0.26285    -0.83295                                   La134
  57 135   6  21    -0.10441    -0.23585                                   La135
  57 136   7  22    -0.47291    -1.46774                                   La136
  57 137   6  36     0.15229     0.19319                                   La137
  57 138   4  22    -0.29306    -0.84737                                   La138
  57 139   6  22    -0.33623    -0.12897                                   La139
  57 140   7  36     0.41416    -0.43436                                   La140
  57 141   6  22     0.19618     0.19734                                   La141
  57 142   6  22     0.24389     0.14087                                   La142
  57 143   6  22    -0.01212    -0.14965                                   La143
  57 144   6  22     0.23944     0.20301                                   La144
  57 145   6  22     0.05940     0.00436                                   La145
  57 146   4  22     0.12338     0.00647                                   La146
  57 147   7  29    -0.79615    -1.52489                                   La147
  57 148   7  21    -0.04348    -0.18246                                   La148
