  42  88   6  23     0.28934     1.46675                                   Mo088
  42  90   6  23     0.08612     0.42455                                   Mo090
  42  91   6  23     0.07785     0.28910                                   Mo091
  42  92   7  36     0.19312     0.81176                                   Mo092
  42  93   7  36    -0.23344    -0.47841                                   Mo093
  42  94   7  36    -0.17760    -0.58709                                   Mo094
  42  95   7  29    -0.62606    -1.11693                                   Mo095
  42  96   4  22    -0.35240    -0.32295                                   Mo096
  42  97   4  22    -0.69507    -1.67442                                   Mo097
  42  98   6  23    -0.26226    -0.24697                                   Mo098
  42  99   6  15    -0.41531    -0.98229                                   Mo099
  42 100   6  23     0.05814     0.15327                                   Mo100
  42 101   6  21    -0.24372    -1.37995                                   Mo101
  42 102   6  23     0.22469     0.53879                                   Mo102
  42 103   2  20    -0.42907    -0.80511                                   Mo103
  42 104   2  20     0.04332     0.09973                                   Mo104
  42 105   6  22    -0.19705    -0.38462                                   Mo105
  42 106   6  22     0.30159     0.59466                                   Mo106
  42 107   6  22     0.14700     0.35695                                   Mo107
  42 108   6  22     0.77743     1.41639                                   Mo108
