  41  84   2  20    -0.02448    -0.11595                                   Nb084
  41  87   6  23     0.19521     1.02876                                   Nb087
  41  88   6  22     1.00031     2.59925                                   Nb088
  41  89   6  23     0.22878     0.71772                                   Nb089
  41  90   6  15    -0.03470    -0.13907                                   Nb090
  41  91   6  23     0.03982    -0.00503                                   Nb091
  41  92   6  15     0.24521     0.64310                                   Nb092
  41  93   4  37    -0.31944    -1.42265                                   Nb093
  41  94   6  21     0.04400    -0.31663                                   Nb094
  41  95   6  21    -0.18497    -0.64406                                   Nb095
  41  96   6  23     0.15312     0.32299                                   Nb096
  41  97   6  22     0.36440     0.71855                                   Nb097
  41  98   6  16     0.23869     1.12204                                   Nb098
  41  99   6  22     0.11791     0.25312                                   Nb099
  41 100   7  22    -0.11782     0.27166                                   Nb100
  41 101   6  23    -0.22649    -0.57256                                   Nb101
  41 103   4  22    -0.20369    -0.45011                                   Nb103
  41 105   6  22     0.83088     1.36097                                   Nb105
