  28  56   2  25     0.37659     2.04203                                   Ni056
  28  57   6  23     0.02790     0.17583                                   Ni057
  28  58   6  23    -0.40864    -2.06718                                   Ni058
  28  59   6  23    -0.39504    -1.55288                                   Ni059
  28  60   7  36    -0.59507    -2.40521                                   Ni060
  28  61   7  36    -0.37904    -1.22966                                   Ni061
  28  62   6  23    -0.64279    -2.11094                                   Ni062
  28  63   7  36    -0.02993    -0.08798                                   Ni063
  28  64   2  20    -0.01402    -0.04588                                   Ni064
  28  65   6  23    -0.19879    -0.18119                                   Ni065
  28  66   2  20     0.34498     1.06015                                   Ni066
