  28  56   6  23     0.51134     2.50481                                   Ni056
  28  57   6  23     0.13205     0.39835                                   Ni057
  28  58   6  23    -0.32832    -1.87675                                   Ni058
  28  59   6  23    -0.48135    -1.82327                                   Ni059
  28  60   7  36    -0.50370    -2.15621                                   Ni060
  28  61   7  36    -0.44833    -1.35707                                   Ni061
  28  62   6  23    -0.55325    -1.86656                                   Ni062
  28  63   7  36    -0.09086    -0.17887                                   Ni063
  28  64   7  36    -0.07259    -0.12243                                   Ni064
  28  65   6  23    -0.20572    -0.18987                                   Ni065
  28  66   2  20     0.46571     1.17044                                   Ni066
