  76 171   6  22     0.42309     0.93984                                   Os171
  76 172   2  20     0.17074     0.62438                                   Os172
  76 174   6  22     0.34193     1.00992                                   Os174
  76 175   6  23     0.05460     0.15775                                   Os175
  76 177   6  22     0.09443     0.24393                                   Os177
  76 178   6  22     0.44656     1.21440                                   Os178
  76 179   2  26    -0.06050    -0.10946                                   Os179
  76 180   6  15     0.37368     0.97246                                   Os180
  76 181   2  26    -0.00884     0.01008                                   Os181
  76 182   6  23     0.43503     0.92416                                   Os182
  76 183   6  36     1.08859     0.29728                                   Os183
  76 184   7  33     0.50517     0.98927                                   Os184
  76 185   4  34    -0.00151    -0.00353                                   Os185
  76 186   6  23     0.41924     0.84379                                   Os186
  76 187   6  36     0.13063    -0.13994                                   Os187
  76 188   6  22     0.15130     0.66748                                   Os188
  76 189   4  37     0.21295    -0.03023                                   Os189
  76 190   6  22     0.04696     0.41547                                   Os190
  76 191   7  29     0.14213    -0.33015                                   Os191
  76 192   6  22     0.25019     0.44860                                   Os192
  76 193   6  23     0.04435     0.12929                                   Os193
  76 194   6  22     0.51567     0.95620                                   Os194
