  46  95   2  20    -0.06125     0.21769                                   Pd095
  46  97   6  21    -0.27309    -0.61286                                   Pd097
  46  98   4  37     0.05805    -0.14586                                   Pd098
  46  99   7  36     0.00506    -0.11451                                   Pd099
  46 100   6  23     0.17779     0.26216                                   Pd100
  46 101   6  21    -0.48496    -1.61451                                   Pd101
  46 102   2  20     0.07291     0.00172                                   Pd102
  46 103   7  29    -0.38640    -0.80960                                   Pd103
  46 104   6  23    -0.00733    -0.25700                                   Pd104
  46 105   7  29    -0.62611    -1.31108                                   Pd105
  46 106   7  29    -0.06648     0.00224                                   Pd106
  46 107   7  29    -0.24535    -0.62703                                   Pd107
  46 108   6  23    -0.09568     0.24685                                   Pd108
  46 109   6  21    -0.21403    -1.22467                                   Pd109
  46 110   6  23     0.06819     0.01885                                   Pd110
  46 111   6  21    -0.02766    -0.59494                                   Pd111
  46 112   6  23     0.28342     0.52756                                   Pd112
  46 113   6  22    -0.54649    -0.74176                                   Pd113
  46 114   6  22     0.46206     0.86343                                   Pd114
  46 116   6  22     0.22502     0.77726                                   Pd116
  46 118   7  19     0.99874     1.68419                                   Pd118
