  59 129   4  22    -0.03881    -0.33798                                   Pr129
  59 131   4  22    -0.02572    -0.10020                                   Pr131
  59 133   7  33    -0.17710    -0.67307                                   Pr133
  59 135   7  33     0.06084     0.22964                                   Pr135
  59 136   2  20    -0.04470    -0.07485                                   Pr136
  59 137   6  15    -0.07636    -0.24135                                   Pr137
  59 139   4  22    -0.13023    -0.41904                                   Pr139
  59 140   6  21    -0.38403    -0.95189                                   Pr140
  59 141   2  20     0.16608     0.51168                                   Pr141
  59 142   7  36     0.08439    -0.19481                                   Pr142
  59 143   4  16    -0.12550    -0.27077                                   Pr143
  59 145   4  22    -0.19654    -0.43935                                   Pr145
  59 147   6  23    -0.32944    -0.70872                                   Pr147
  59 148   6  16     0.20517     0.12599                                   Pr148
