  59 129   4  22     0.03541    -0.30144                                   Pr129
  59 131   4  22     0.08046    -0.06234                                   Pr131
  59 132   4  18     0.04353     0.32379                                   Pr132
  59 133   7  33    -0.19066    -0.67956                                   Pr133
  59 135   7  33     0.07197     0.23397                                   Pr135
  59 136   2  20    -0.04133    -0.07422                                   Pr136
  59 137   6  15    -0.03194    -0.20214                                   Pr137
  59 139   6  15    -0.04673    -0.42344                                   Pr139
  59 140   6  21    -0.26780    -0.86054                                   Pr140
  59 141   2  50     0.06825     0.50453                                   Pr141
  59 142   7  36     0.20383    -0.13940                                   Pr142
  59 143   4  16     0.03153    -0.16516                                   Pr143
  59 145   4  22    -0.29410    -0.51249                                   Pr145
  59 147   2  26    -0.23772    -0.62599                                   Pr147
  59 148   6  15     0.22863     0.08742                                   Pr148
