  78 179   6  22     0.02993     0.39184                                   Pt179
  78 180   2  20    -0.03298     0.69429                                   Pt180
  78 181   4  22    -0.23442     0.02950                                   Pt181
  78 182   7  33     0.11244     1.01908                                   Pt182
  78 183   4  22    -0.26101     0.01382                                   Pt183
  78 184   6  15     0.11678     0.84718                                   Pt184
  78 185   7  22     0.70083     0.09185                                   Pt185
  78 186   6  22     0.51831     0.98114                                   Pt186
  78 187   4  34    -0.27838    -0.04931                                   Pt187
  78 188   6  15     0.22231     0.79147                                   Pt188
  78 189   6  22    -0.18888     0.09333                                   Pt189
  78 190   6  15     0.23902     0.77727                                   Pt190
  78 191   6  22    -0.52521    -0.57741                                   Pt191
  78 192   6  36     0.18116     0.46422                                   Pt192
  78 193   6  22    -0.80312    -0.62463                                   Pt193
  78 194   6  15    -0.00999     0.29738                                   Pt194
  78 195   6  22    -0.83440    -0.84071                                   Pt195
  78 196   5  38    -0.66774    -0.01416                                   Pt196
  78 197   6  22    -1.31160    -0.84100                                   Pt197
  78 198   6  22     0.19662     0.37177                                   Pt198
  78 199   6  22    -0.64667    -0.05147                                   Pt199
  78 200   6  23     0.74537     1.22748                                   Pt200
