  75 171   2  26    -0.04135     0.06167                                   Re171
  75 175   6  22     0.03002     0.43695                                   Re175
  75 177   7  33     0.22388     0.56594                                   Re177
  75 179   6  22    -0.40676     0.36837                                   Re179
  75 181   7  21    -0.01235     0.43888                                   Re181
  75 183   6  22     0.32892     0.43829                                   Re183
  75 184   6  22     0.12869     0.19433                                   Re184
  75 185   6  20     0.27585     0.47524                                   Re185
  75 186   6  22    -0.16495     0.09178                                   Re186
  75 187   6  22    -0.15726     0.02938                                   Re187
  75 188   5  38    -0.13452    -0.03071                                   Re188
  75 189   2  20    -0.12768     0.12273                                   Re189
  75 191   6  22     0.02005     0.06911                                   Re191
