  45  96   4  22    -0.59763    -0.94044                                   Rh096
  45  97   6  15    -0.05256    -0.67982                                   Rh097
  45  98   6  21     0.08391    -0.09955                                   Rh098
  45  99   6  15    -0.19993    -1.23491                                   Rh099
  45 100   4  16    -0.55798    -2.70841                                   Rh100
  45 101   4  37    -0.22754    -0.76341                                   Rh101
  45 102   7  22    -0.06955    -0.87458                                   Rh102
  45 103   4  37    -0.10634    -0.45877                                   Rh103
  45 104   6  21    -0.25929    -1.25781                                   Rh104
  45 105   6  20    -0.48459    -1.34000                                   Rh105
  45 107   6  21    -0.40104    -0.95627                                   Rh107
  45 109   6  21    -0.39974    -0.83445                                   Rh109
  45 111   2  26    -0.48865    -0.96158                                   Rh111
  45 113   4  22    -0.45678    -0.82376                                   Rh113
  45 115   6  22    -0.05354     0.07400                                   Rh115
