  45  96   6  21    -0.72068    -1.16186                                   Rh096
  45  97   7  36    -0.09715    -0.67263                                   Rh097
  45  98   6  21    -0.09287    -0.40409                                   Rh098
  45  99   6  15    -0.34337    -1.37497                                   Rh099
  45 100   4  16    -0.66708    -2.87997                                   Rh100
  45 101   4  37    -0.21547    -0.75244                                   Rh101
  45 102   7  22     0.06156    -0.79194                                   Rh102
  45 103   4  37    -0.14392    -0.48583                                   Rh103
  45 104   6  21    -0.07388    -1.10391                                   Rh104
  45 105   6  21    -0.39458    -1.27838                                   Rh105
  45 107   6  21    -0.28138    -0.87682                                   Rh107
  45 109   6  21    -0.27744    -0.75865                                   Rh109
  45 111   2  26    -0.33876    -0.85369                                   Rh111
  45 113   4  22    -0.33533    -0.74985                                   Rh113
  45 115   6  22     0.05513     0.11946                                   Rh115
