  44  91   6  15     0.68303     1.24296                                   Ru091
  44  94   6  22     0.60218     2.55458                                   Ru094
  44  95   6  23     0.03019     0.10471                                   Ru095
  44  96   7  36    -0.28585    -1.09814                                   Ru096
  44  97   7  36    -0.04517    -0.10223                                   Ru097
  44  98   7  36     0.01069     0.01133                                   Ru098
  44  99   7  36    -0.18200    -0.46978                                   Ru099
  44 100   6  23    -0.34928    -0.52631                                   Ru100
  44 101   4  37    -0.24637    -0.85425                                   Ru101
  44 102   7  29    -0.09294     0.38833                                   Ru102
  44 103   7  22    -0.16547    -1.34326                                   Ru103
  44 104   6  36     0.04974     0.13339                                   Ru104
  44 105   7  36    -0.07921    -0.65041                                   Ru105
  44 106   6  22     0.31999     0.79336                                   Ru106
  44 107   4  22    -0.47471    -0.98283                                   Ru107
  44 108   6  22     0.26690     0.63306                                   Ru108
  44 109   6  22    -0.28693    -0.53628                                   Ru109
  44 110   6  22     0.30582     0.67101                                   Ru110
  44 111   4  22    -0.50789    -0.97324                                   Ru111
  44 112   6  22     0.36144     0.68055                                   Ru112
