  51 107   2  20     0.23476     0.97364                                   Sb107
  51 108   6  22     0.40605     1.29364                                   Sb108
  51 109   2  20     0.01264     0.07520                                   Sb109
  51 111   2  20     0.15734     0.66553                                   Sb111
  51 112   2  26    -0.19034    -0.59084                                   Sb112
  51 113   6  22     0.20376     0.71426                                   Sb113
  51 114   4  22    -0.28947    -0.81452                                   Sb114
  51 115   6  22     0.29510     0.96369                                   Sb115
  51 116   4  22    -0.28080    -0.72770                                   Sb116
  51 117   6  15    -0.18137    -0.64736                                   Sb117
  51 118   4  37    -0.15735    -0.49165                                   Sb118
  51 119   6  15    -0.09578    -0.33617                                   Sb119
  51 120   7  29    -0.28687    -0.73734                                   Sb120
  51 121   6  15     0.07481     0.23037                                   Sb121
  51 122   7  29    -0.16214    -0.85069                                   Sb122
  51 123   6  23     0.06593     0.19008                                   Sb123
  51 124   6  21    -0.36793    -1.43720                                   Sb124
  51 125   6  22     0.15354     0.40161                                   Sb125
  51 127   6  22     0.21424     0.54956                                   Sb127
  51 129   6  22     0.40577     0.99924                                   Sb129
  51 130   6  23     0.13189     0.29649                                   Sb130
  51 131   2  20     0.47924     1.07144                                   Sb131
  51 135   7  33    -0.60595    -1.00735                                   Sb135
