  34  69   6  23     0.21051     0.84012                                   Se069
  34  70   6  22     0.40232     1.74219                                   Se070
  34  72   6  23     0.13373     0.60905                                   Se072
  34  73   7  22     0.20340    -0.97623                                   Se073
  34  74   6  23     0.09935     0.40464                                   Se074
  34  75   7  36    -0.25242    -1.41437                                   Se075
  34  76   6  36     0.10568     0.42277                                   Se076
  34  77   6  21    -0.39802    -1.32038                                   Se077
  34  78   6  22    -0.22533    -0.07749                                   Se078
  34  79   7  36    -0.55748    -1.75928                                   Se079
  34  80   6  23     0.16966     0.53099                                   Se080
  34  81   6  15     0.22651    -0.67451                                   Se081
  34  82   6  23     0.50014     1.37956                                   Se082
  34  83   6  15     0.17289    -0.90017                                   Se083
  34  84   6  23     0.15275     0.43571                                   Se084
