  62 136   6  22     0.61100     2.09501                                   Sm136
  62 137   6  22     0.41769     1.44790                                   Sm137
  62 138   6  22     0.61182     1.57934                                   Sm138
  62 139   2  20    -0.26783    -0.33869                                   Sm139
  62 140   6  22     0.46224     1.61358                                   Sm140
  62 141   6  22    -0.13457    -0.09402                                   Sm141
  62 142   6  23     0.20943     0.93475                                   Sm142
  62 143   2  20     0.15324     0.21533                                   Sm143
  62 144   6  36     0.26537     1.00986                                   Sm144
  62 145   6  23    -0.57947    -0.63500                                   Sm145
  62 146   2  20     0.22854     0.29549                                   Sm146
  62 147   6  15    -0.55243    -1.07787                                   Sm147
  62 148   7  29    -0.08574     0.17822                                   Sm148
  62 149   4  22    -0.28228    -0.73034                                   Sm149
  62 150   5  54    -0.05967     0.33495                                   Sm150
  62 151   4  22    -0.44427    -0.96485                                   Sm151
  62 152   2  20     0.25948     0.27770                                   Sm152
  62 153   7  29    -0.65383    -1.14563                                   Sm153
  62 154   6  22     0.24731     0.44085                                   Sm154
  62 155   6  22    -0.29193    -0.06756                                   Sm155
  62 156   6  15     0.29581     0.56734                                   Sm156
  62 157   6  15     0.49893     0.91294                                   Sm157
  62 158   6  22     0.89843     1.42424                                   Sm158
