  50 107   2  20     0.11166     0.48920                                   Sn107
  50 108   6  23     0.63732     1.88692                                   Sn108
  50 109   6  15    -0.10516    -0.15964                                   Sn109
  50 110   2  20     0.24249     0.58754                                   Sn110
  50 111   7  29    -0.07831    -0.00632                                   Sn111
  50 112   6  23     0.21450     0.46585                                   Sn112
  50 113   6  23     0.11235    -0.13231                                   Sn113
  50 114   6  36     0.10251     0.52778                                   Sn114
  50 115   7  29     0.18880     0.15959                                   Sn115
  50 116   7  29     0.14012     0.50708                                   Sn116
  50 117   6  22     0.02443     0.18803                                   Sn117
  50 118   5  38    -0.16634     0.52747                                   Sn118
  50 119   6  23    -0.08508    -0.12394                                   Sn119
  50 120   6  22    -0.26134     0.37290                                   Sn120
  50 121   6  23    -0.30369    -0.52967                                   Sn121
  50 122   6  23     0.25954     0.48365                                   Sn122
  50 123   6  22    -0.27485    -0.16440                                   Sn123
  50 124   6  23     0.36157     0.75282                                   Sn124
  50 125   6  22    -0.44280     0.56698                                   Sn125
  50 126   6  22     0.56878     1.31134                                   Sn126
  50 127   6  15     0.08536     0.72378                                   Sn127
  50 129   2  20    -0.08507     0.73623                                   Sn129
  50 132   6  21    -1.23538    -2.82243                                   Sn132
