  38  78   6  22     0.49500     2.22623                                   Sr078
  38  79   2  20    -0.13170    -0.49270                                   Sr079
  38  80   6  23     0.21824     1.06451                                   Sr080
  38  81   4  22    -0.50089    -1.92610                                   Sr081
  38  82   6  23     0.07972     0.37351                                   Sr082
  38  83   6  21    -0.53169    -1.94700                                   Sr083
  38  84   6  23     0.13249     0.49856                                   Sr084
  38  85   7  36    -0.31943    -1.24424                                   Sr085
  38  86   6  15    -0.08411    -0.33361                                   Sr086
  38  87   6  23    -0.09868    -0.27598                                   Sr087
  38  88   6  23     0.16785     0.64547                                   Sr088
  38  89   7  29     0.05750     0.19872                                   Sr089
  38  90   7  36     0.09542     0.25217                                   Sr090
  38  91   7  29     1.05036     2.22308                                   Sr091
  38  93   6  22     0.35377     0.72002                                   Sr093
  38  94   6  15     0.36605     0.71241                                   Sr094
  38  95   2  20     0.26900     0.48029                                   Sr095
  38  96   2  20     0.24935     0.44021                                   Sr096
