  38  78   6  22     0.53510     2.23135                                   Sr078
  38  79   2  20    -0.27639    -0.57434                                   Sr079
  38  80   6  23     0.20541     1.05660                                   Sr080
  38  81   6  21    -0.62684    -2.00684                                   Sr081
  38  82   6  23    -0.03024     0.25911                                   Sr082
  38  83   6  21    -0.68168    -2.14539                                   Sr083
  38  84   6  23     0.24641     0.63585                                   Sr084
  38  85   7  36    -0.29584    -1.21364                                   Sr085
  38  86   6  23     0.00926    -0.20191                                   Sr086
  38  87   6  23    -0.26168    -0.49452                                   Sr087
  38  88   6  23     0.32536     0.87551                                   Sr088
  38  89   7  29     0.19612     0.36976                                   Sr089
  38  90   7  36     0.26065     0.45656                                   Sr090
  38  91   6  22     0.79905     1.75358                                   Sr091
  38  93   6  22     0.29782     0.68656                                   Sr093
  38  94   6  15     0.54228     0.84355                                   Sr094
  38  95   2  20     0.24449     0.46940                                   Sr095
  38  96   2  20     0.18705     0.40203                                   Sr096
