  73 167   6  20     0.02026     0.05066                                   Ta167
  73 169   4  22    -0.06440    -0.23258                                   Ta169
  73 171   2  26    -0.05782    -0.16732                                   Ta171
  73 172   6  20     0.06893     0.19119                                   Ta172
  73 175   6  22     0.01704     0.07361                                   Ta175
  73 177   6  22    -0.06224    -0.15779                                   Ta177
  73 179   6  22     0.03251     0.06629                                   Ta179
  73 180   6  22     0.13618     0.13293                                   Ta180
  73 181   6  22     0.35207     0.49676                                   Ta181
  73 182   5  54    -0.23191    -0.11741                                   Ta182
  73 183   6  22    -0.21098     0.20924                                   Ta183
  73 185   6  22     0.43392     0.74356                                   Ta185
