  65 146   6  22     0.17053     0.35269                                   Tb146
  65 147   6  36     0.05388     0.64662                                   Tb147
  65 148   6  23     0.13621     0.15895                                   Tb148
  65 149   4  34     0.06964    -0.11035                                   Tb149
  65 151   2  20     0.01765    -0.01998                                   Tb151
  65 153   7  33    -0.23713    -0.61417                                   Tb153
  65 155   6  22    -0.37283    -0.56941                                   Tb155
  65 156   6  22     0.01930    -0.00128                                   Tb156
  65 157   7  33     0.08645     0.09947                                   Tb157
  65 158   4  37     0.15174    -0.15053                                   Tb158
  65 159   6  36     0.04006    -0.06902                                   Tb159
  65 160   4  22    -0.28937    -0.30390                                   Tb160
  65 161   2  20     0.07480     0.10470                                   Tb161
  65 162   6  22     0.11595     0.38715                                   Tb162
  65 163   6  22     0.08794     0.42897                                   Tb163
