  43  91   2  20     0.08826     0.11561                                   Tc091
  43  92   2  20     0.02459    -0.26258                                   Tc092
  43  93   6  23     0.31758     0.98654                                   Tc093
  43  94   6  20     0.02763    -0.14792                                   Tc094
  43  95   6  15    -0.20710    -1.01924                                   Tc095
  43  96   7  36    -0.80471    -2.15121                                   Tc096
  43  97   7  22    -0.38194    -1.77748                                   Tc097
  43  98   7  36    -0.39017    -1.30023                                   Tc098
  43  99   7  36    -0.29430    -1.26086                                   Tc099
  43 100   6  21    -0.11281    -1.09085                                   Tc100
  43 101   6  20    -0.63299    -1.89330                                   Tc101
  43 102   4  22    -0.97868    -1.54669                                   Tc102
  43 103   6  21    -0.53144    -1.34639                                   Tc103
  43 104   6  19     0.26629     0.32600                                   Tc104
  43 105   6  23    -0.27855    -0.93184                                   Tc105
  43 106   6  16    -0.01162    -0.02453                                   Tc106
  43 107   6  22    -0.23996    -0.16971                                   Tc107
