  81 187   2  20     0.17666     0.34722                                   Tl187
  81 189   2  20     0.11671     0.05841                                   Tl189
  81 194   6  22     0.11343     0.39948                                   Tl194
  81 195   2  20     0.17430     0.29097                                   Tl195
  81 196   7  16     1.19896     1.66639                                   Tl196
  81 197   6  15     0.40971     0.81031                                   Tl197
  81 198   2  20     0.21172     0.16774                                   Tl198
  81 199   6  23     0.48639     0.94474                                   Tl199
  81 201   6  23     0.16128     0.10273                                   Tl201
  81 202   6  22     0.31671     0.54424                                   Tl202
  81 203   6  23     0.21598     0.19485                                   Tl203
  81 204   6  22    -0.56773     0.17640                                   Tl204
  81 205   6  36    -0.07349    -0.38003                                   Tl205
  81 206   6  22    -0.18107     1.00673                                   Tl206
