  81 187   2  20     0.09645     0.32938                                   Tl187
  81 189   7  33     0.10185     0.21945                                   Tl189
  81 194   6  22     0.16573     0.41638                                   Tl194
  81 195   2  20     0.08398     0.25755                                   Tl195
  81 196   7  16     1.26532     1.68256                                   Tl196
  81 197   6  15     0.27770     0.78286                                   Tl197
  81 198   6  22     0.25926     0.38419                                   Tl198
  81 199   6  15     0.34270     0.89591                                   Tl199
  81 200   6  15     0.14687     0.33586                                   Tl200
  81 201   6  22     0.00211    -0.00305                                   Tl201
  81 202   6  22     0.22933     0.53124                                   Tl202
  81 203   6  22     0.04935     0.11717                                   Tl203
  81 204   6  22    -0.30956     0.23387                                   Tl204
  81 205   4  22    -0.27650    -0.67567                                   Tl205
  81 206   6  22    -0.07261     1.01870                                   Tl206
  81 208   6  15     0.52541     0.95613                                   Tl208
