  69 153   2  20     0.08426     0.11229                                   Tm153
  69 157   4  18    -0.10063    -0.29539                                   Tm157
  69 159   2  26    -0.09226    -0.16003                                   Tm159
  69 161   2  26    -0.16155    -0.41097                                   Tm161
  69 162   6  20     0.36484     0.54333                                   Tm162
  69 163   6  22    -0.20029    -0.39076                                   Tm163
  69 164   4  22     0.34073     0.20185                                   Tm164
  69 165   6  22    -0.10368    -0.05726                                   Tm165
  69 167   4  37    -0.19165    -0.63159                                   Tm167
  69 168   2  26    -0.34102    -0.44840                                   Tm168
  69 169   6  21    -0.12293    -0.47713                                   Tm169
  69 170   6  22    -0.31210    -0.23104                                   Tm170
  69 171   7  29    -0.05011    -0.00350                                   Tm171
  69 172   4  22    -0.04036     0.12037                                   Tm172
  69 173   6  22     0.31632     0.51831                                   Tm173
  69 175   6  22     0.15912     0.64992                                   Tm175
