  69 153   2  20     0.01841     0.09171                                   Tm153
  69 157   4  18    -0.07568    -0.28435                                   Tm157
  69 159   2  26    -0.04688    -0.14635                                   Tm159
  69 161   2  26    -0.11297    -0.39189                                   Tm161
  69 162   6  20     0.25358     0.53898                                   Tm162
  69 163   2  26    -0.04387    -0.15232                                   Tm163
  69 164   6  23     0.48457     0.25610                                   Tm164
  69 165   6  22    -0.01233    -0.03607                                   Tm165
  69 167   4  37    -0.23680    -0.65575                                   Tm167
  69 168   2  26    -0.18541    -0.38410                                   Tm168
  69 169   6  22    -0.21085    -0.50441                                   Tm169
  69 170   6  22    -0.17663    -0.18100                                   Tm170
  69 171   7  29    -0.00635     0.01404                                   Tm171
  69 172   6  22     0.05185     0.09808                                   Tm172
  69 173   6  22     0.25783     0.50498                                   Tm173
  69 175   6  22     0.01058     0.61939                                   Tm175
