  74 164   6  22     0.79251     2.36881                                   W164
  74 168   2  20    -0.12432     1.04828                                   W168
  74 170   6  22     0.15410     0.91851                                   W170
  74 172   6  22     0.91358     2.16008                                   W172
  74 175   6  22     0.09438     0.21800                                   W175
  74 176   6  22     0.17703     0.42884                                   W176
  74 177   6  22    -0.17229    -0.35203                                   W177
  74 178   6  15     0.26098     0.63874                                   W178
  74 179   6  22     0.07375     0.14796                                   W179
  74 180   6  23     0.37027     0.79299                                   W180
  74 181   6  22    -0.08765     0.10026                                   W181
  74 182   6  15     0.45626     0.87366                                   W182
  74 183   6  22    -0.04000     0.13522                                   W183
  74 184   5  38     0.04392     0.28864                                   W184
  74 185   7  29     0.13188     0.04134                                   W185
  74 186   6  36     0.06254     0.12003                                   W186
  74 187   6  23     0.08299     0.14487                                   W187
  74 188   6  22     0.50190     0.81591                                   W188
