  74 168   6  22     0.00047     1.36923                                   W168
  74 170   6  22     0.17451     0.92530                                   W170
  74 172   6  22     0.97883     2.16026                                   W172
  74 174   6  15     0.74617     1.35786                                   W174
  74 175   6  22    -0.03174     0.19665                                   W175
  74 176   6  22     0.15118     0.41243                                   W176
  74 177   6  22    -0.29627    -0.40907                                   W177
  74 178   7  33     0.14453     0.72561                                   W178
  74 179   4  22    -0.15210     0.02954                                   W179
  74 180   6  23     0.45527     0.81511                                   W180
  74 181   6  22    -0.35486     0.02243                                   W181
  74 182   6  36     0.61105     0.96013                                   W182
  74 183   6  22    -0.23779     0.08577                                   W183
  74 184   5  38    -0.19409     0.15241                                   W184
  74 185   7  29    -0.00270    -0.00489                                   W185
  74 186   6  36     0.10736     0.14677                                   W186
  74 187   6  23    -0.03541     0.11366                                   W187
  74 188   6  22     0.40647     0.79363                                   W188
