  39  80   2  20     0.12207     0.14185                                   Y080
  39  81   6  20     0.09228     0.07383                                   Y081
  39  82   2  20    -0.03194    -0.46811                                   Y082
  39  83   7  22    -0.09606    -0.97309                                   Y083
  39  84   4  16    -0.20826    -0.84150                                   Y084
  39  85   7  22    -0.24204    -1.69751                                   Y085
  39  86   7  22     0.03457    -0.56406                                   Y086
  39  87   6  36     0.02834    -0.22846                                   Y087
  39  88   6  15    -0.18120    -0.52790                                   Y088
  39  89   6  23     0.25715     0.59918                                   Y089
  39  90   7  29    -0.08373    -0.01425                                   Y090
  39  91   6  23     0.18640     0.22438                                   Y091
  39  93   6  21     0.13518     0.13658                                   Y093
  39  95   6  22     0.87308     1.48919                                   Y095
  39  97   6  22     0.61223     1.16124                                   Y097
  39  99   6  22    -0.05832     0.15805                                   Y099
