  39  80   2  20     0.07865     0.13390                                   Y080
  39  81   6  20     0.00644     0.01603                                   Y081
  39  82   2  20    -0.20448    -0.80550                                   Y082
  39  83   7  22    -0.03477    -0.91457                                   Y083
  39  84   6  22    -0.06977     0.08539                                   Y084
  39  85   7  22    -0.32737    -1.80530                                   Y085
  39  86   7  22    -0.00523    -0.59087                                   Y086
  39  87   7  36    -0.07325    -0.35658                                   Y087
  39  88   6  15    -0.13671    -0.50213                                   Y088
  39  89   6  23     0.09198     0.31078                                   Y089
  39  90   7  29    -0.13092    -0.06681                                   Y090
  39  91   6  23     0.04230     0.10696                                   Y091
  39  93   6  23     0.05181     0.12502                                   Y093
  39  95   6  15     0.74617     1.35786                                   Y095
  39  97   6  22     0.65715     1.17536                                   Y097
  39  99   6  22     0.13279     0.26381                                   Y099
