  70 160   2  20    -0.02613     0.50620                                   Yb160
  70 162   6  15     0.24130     0.76673                                   Yb162
  70 163   6  22    -0.14625    -0.32815                                   Yb163
  70 164   6  22     0.27306     0.77563                                   Yb164
  70 165   6  22     0.03774     0.09123                                   Yb165
  70 166   6  15     0.32464     0.83501                                   Yb166
  70 167   2  26    -0.13690    -0.27693                                   Yb167
  70 168   6  23     0.04636     0.10968                                   Yb168
  70 169   6  36     0.35863    -0.00983                                   Yb169
  70 170   6  22    -0.16532    -0.07916                                   Yb170
  70 171   7  29     0.12319     0.07606                                   Yb171
  70 172   6  23     0.22915     0.14578                                   Yb172
  70 173   6  22     0.08677    -0.08368                                   Yb173
  70 174   6  23     0.58327     0.78597                                   Yb174
  70 175   6  22     0.04787     0.11107                                   Yb175
  70 176   6  22     0.39372     0.70302                                   Yb176
  70 177   6  22     0.13614     0.16983                                   Yb177
  70 178   6  15     0.61409     1.07013                                   Yb178
