  70 160   6  22    -0.01789     0.49101                                   Yb160
  70 162   2  20     0.11828     0.59590                                   Yb162
  70 163   6  22    -0.25177    -0.37698                                   Yb163
  70 164   6  15     0.23928     0.76681                                   Yb164
  70 165   6  22    -0.07605     0.07071                                   Yb165
  70 166   6  15     0.35987     0.84019                                   Yb166
  70 167   2  26    -0.35014    -0.37895                                   Yb167
  70 168   6  23     0.09149     0.13419                                   Yb168
  70 169   6  36     0.21916    -0.05516                                   Yb169
  70 170   6  22    -0.05474    -0.02746                                   Yb170
  70 171   7  29    -0.02153     0.03383                                   Yb171
  70 172   6  23     0.19095     0.11360                                   Yb172
  70 173   6  22    -0.07531    -0.16646                                   Yb173
  70 174   6  22     0.64752     0.83159                                   Yb174
  70 175   5  38    -0.08063     0.10730                                   Yb175
  70 176   6  22     0.48637     0.72752                                   Yb176
  70 177   6  22    -0.07904     0.12372                                   Yb177
  70 178   6  22     0.91762     1.37317                                   Yb178
