  30  60   6  23     0.34678     1.59920                                   Zn060
  30  61   6  23    -0.34518    -1.56401                                   Zn061
  30  62   6  23    -0.07703    -0.51060                                   Zn062
  30  63   7  36    -0.44505    -1.48371                                   Zn063
  30  64   6  15    -0.08734    -0.44115                                   Zn064
  30  65   6  15    -0.43083    -1.50828                                   Zn065
  30  66   7  36     0.00727    -0.20392                                   Zn066
  30  67   2  25    -0.10637    -1.07529                                   Zn067
  30  68   4  37    -0.27653    -0.67228                                   Zn068
  30  69   6  23     0.01146    -0.37408                                   Zn069
  30  70   6  23     0.15299     0.63537                                   Zn070
  30  71   6  23     0.80447     0.89221                                   Zn071
  30  72   6  23    -0.16474    -0.34244                                   Zn072
  30  75   7  36     0.18228     0.29932                                   Zn075
  30  77   2  20    -0.36942    -1.28386                                   Zn077
