  30  60   6  23     0.31225     1.57029                                   Zn060
  30  61   6  23    -0.31078    -1.51033                                   Zn061
  30  62   6  23    -0.12780    -0.63998                                   Zn062
  30  63   7  36    -0.34397    -1.27982                                   Zn063
  30  64   6  15    -0.14946    -0.60253                                   Zn064
  30  65   6  15    -0.37823    -1.41831                                   Zn065
  30  66   7  36    -0.11697    -0.44279                                   Zn066
  30  67   2  25     0.00316    -0.95976                                   Zn067
  30  68   6  22    -0.32165    -0.55622                                   Zn068
  30  69   6  23     0.08677    -0.31793                                   Zn069
  30  70   6  23     0.22073     0.69401                                   Zn070
  30  71   6  23     0.78818     0.88500                                   Zn071
  30  72   6  23    -0.07058    -0.20995                                   Zn072
  30  75   2  20    -0.65300    -1.70139                                   Zn075
  30  77   2  20    -0.61445    -1.78403                                   Zn077
