  40  82   6  22     0.41721     2.18346                                   Zr082
  40  83   6  20    -0.35413    -0.91695                                   Zr083
  40  84   6  22     0.23465     1.59020                                   Zr084
  40  85   6  22     0.27754     1.19411                                   Zr085
  40  86   2  20     0.32947     1.15920                                   Zr086
  40  87   6  15    -0.28149    -1.05015                                   Zr087
  40  88   6  23     0.27339     0.79493                                   Zr088
  40  89   6  23     0.43673     0.22806                                   Zr089
  40  90   6  23     0.61180     1.81505                                   Zr090
  40  91   7  36     0.00024    -0.11519                                   Zr091
  40  92   6  23     0.35166     0.48379                                   Zr092
  40  93   6  23    -0.26048    -0.25526                                   Zr093
  40  94   6  22     0.14474     0.45943                                   Zr094
  40  95   6  22    -0.23355     0.19673                                   Zr095
  40  96   7  29     0.80293     1.47709                                   Zr096
  40  97   6  22    -0.31492     1.25134                                   Zr097
  40  98   6  15     0.62247     1.13275                                   Zr098
  40  99   7  29    -0.81978    -1.34331                                   Zr099
  40 100   6  22     0.16618     0.60892                                   Zr100
  40 101   6  15    -0.30411    -0.28122                                   Zr101
  40 102   6  22     0.50075     0.93071                                   Zr102
