 n-Be009.res.jeff4.0: Merger of MF1 and MF2                         99 0  0    0
 4.009000+3 8.934780+0          1          0          2          6 425 1451    1
 0.000000+0 0.000000+0          0          0          0          6 425 1451    2
 1.000000+0 2.000000+7          3          0         10          3 425 1451    3
 0.000000+0 0.000000+0          0          0          1          2 425 1451    4
  4-Be-  9 IRK-VIENNA EVAL-JAN97 VIENNA, OBNINSK                   425 1451    5
 EFF-DOC              DIST-DEC17 REV3-DEC17          2020171231    425 1451    6
---JEFF-3.3           MATERIAL  425                                425 1451    7
-----INCIDENT NEUTRON DATA                                         425 1451    8
------ENDF-6 FORMAT                                                425 1451    9
*****************************  JEFF-4T5  ************************* 425 1451   10
                                1        451         12          0 425 1451   11
                                2        151          4          0 425 1451   12
                                                                   425 1  099999
                                                                   425 0  0    0
 4.009000+3 8.934780+0          0          0          1          0 425 2151    1
 4.009000+3 1.000000+0          0          0          1          0 425 2151    2
 1.000000-5 2.000000+7          0          0          0          0 425 2151    3
 0.000000+0 2.808111-1          0          0          0          0 425 2151    4
 0.000000+0 0.000000+0          0          0          0          0 425 2  0    5
 0.000000+0 0.000000+0          0          0          0          0 425 0  0    0
                                                                     0 0  0    0
                                                                    -1 0  0    0
