 n-O018.res.jeff4.0: Merger of MF1 and MF2                          99 0  0    0
 8.018000+3 1.784450+1          1          0          0          0 831 1451    1
 0.000000+0 0.000000+0          0          0          0          6 831 1451    2
 1.000000+0 2.000000+7          0          0         10          8 831 1451    3
 0.000000+0 0.000000+0          1          0          1          2 831 1451    4
  8-O - 18  IPPE,JSI  EVAL-OCT20 M.N.NIKOLAEV,A.TRKOV              831 1451    5
 NDS 148, 1 (2018)    DIST-OCT20 REV2                              831 1451    6
----INDEN-1.0         MATERIAL  831                                831 1451    7
-----INCIDENT NEUTRON DATA                                         831 1451    8
------ENDF-6 FORMAT                                                831 1451    9
                                                                   831 1451   10
                                1        451         12          0 831 1451   11
                                2        151          4          0 831 1451   12
                                                                   831 1  099999
                                                                   831 0  0    0
 8.018000+3 1.784450+1          0          0          1          0 831 2151    1
 8.018000+3 1.000000+0          0          0          1          0 831 2151    2
 1.000000-5 3.150000+6          0          0          0          0 831 2151    3
 0.000000+0 4.100000-1          0          0          0          0 831 2151    4
 0.000000+0 0.000000+0          0          0          0          0 831 2  0    5
 0.000000+0 0.000000+0          0          0          0          0 831 0  0    0
                                                                     0 0  0    0
                                                                    -1 0  0    0
