 n-Pu238.res.jeff4.0: Merger of MF1 and MF2                         99 0  0    0
 94238.0000 236.005000          1          1          2          19434 1451    1
 0.0        1.00000000          0          0          0          69434 1451    2
 1.00000000 20000000.0          1          0         10          49434 1451    3
 0.0        0.0                 0          0          1          29434 1451    4
 94-Pu-238            EVAL-FEV22 JEFF RRR evaluation group        9434 1451    5
                      DIST-      REV1-                            9434 1451    6
----JEF-4             MATERIAL 9434                               9434 1451    7
-----INCIDENT NEUTRON DATA                                        9434 1451    8
------ENDF-6 FORMAT                                               9434 1451    9
                                                                  9434 1451   10
                                1        451         12          09434 1451   11
                                2        151        119          09434 1451   12
                                                                  9434 1  099999
                                                                  9434 0  0    0
 94238.0000 236.005000          0          0          1          09434 2151    1
 94238.0000 1.00000000          0          0          2          09434 2151    2
 1.00000E-5 500.000000          1          2          0          09434 2151    3
 0.0        0.96000000          0          0          1          09434 2151    4
 236.005000 0.0                 0          0        318         539434 2151    5
-9.990319+0 5.000000-1 4.622722-2 1.054826-2 3.467976-2 9.992086-49434 2151    6
-4.084146-1 5.000000-1 3.666516-2 4.385427-4 3.519832-2 1.028293-39434 2151    7
 2.872058+0 5.000000-1 3.737182-2 6.874393-5 3.670000-2 6.030750-49434 2151    8
 9.927976+0 5.000000-1 3.403017-2 2.003301-4 3.010000-2 3.729837-39434 2151    9
 1.846962+1 5.000000-1 4.422069-2 3.346334-3 4.000000-2 8.743609-49434 2151   10
 32.2000000 .500000000 .038874200 7.42000E-5 .034000000 .0048000009434 2151   11
 36.6000000 .500000000 .039924000 2.40000E-5 .034000000 .0059000009434 2151   12
 59.8000000 .500000000 .035980000 .001310000 .034000000 6.70000E-49434 2151   13
 70.1000000 .500000000 .043910000 .002510000 .034000000 .0074000009434 2151   14
 77.7000000 .500000000 .043426400 2.64000E-5 .034000000 .0094000009434 2151   15
 83.1000000 .500000000 .058100000 .020600000 .034000000 .0035000009434 2151   16
 96.2000000 .500000000 .038858800 5.88000E-5 .034000000 .0048000009434 2151   17
 99.6000000 .500000000 .039359000 2.59000E-4 .034000000 .0051000009434 2151   18
 110.100000 .500000000 .043770000 .005670000 .034000000 .0041000009434 2151   19
 111.200000 .500000000 .037227000 1.27000E-4 .034000000 .0031000009434 2151   20
 113.600000 .500000000 .050000000 .010600000 .034000000 .0054000009434 2151   21
 118.600000 .500000000 .066400000 .030800000 .034000000 .0016000009434 2151   22
 122.400000 .500000000 .072500000 .030000000 .034000000 .0085000009434 2151   23
 129.000000 .500000000 .035216000 2.16000E-4 .034000000 .0010000009434 2151   24
 132.400000 .500000000 .040151000 8.51000E-4 .034000000 .0053000009434 2151   25
 139.700000 .500000000 .043140000 .002840000 .034000000 .0063000009434 2151   26
 151.100000 .500000000 .065200000 .022000000 .034000000 .0092000009434 2151   27
 165.000000 .500000000 .044918000 2.18000E-4 .034000000 .0107000009434 2151   28
 171.000000 .500000000 .084420000 .049700000 .034000000 7.20000E-49434 2151   29
 176.800000 .500000000 .080660000 .002660000 .034000000 .0440000009434 2151   30
 182.900000 .500000000 .069600000 .028500000 .034000000 .0071000009434 2151   31
 192.500000 .500000000 .183300000 .019300000 .034000000 .1300000009434 2151   32
 203.000000 .500000000 .041190000 .004990000 .034000000 .0022000009434 2151   33
 216.000000 .500000000 .074600000 .017600000 .034000000 .0230000009434 2151   34
 221.000000 .500000000 .094200000 .059000000 .034000000 .0012000009434 2151   35
 232.000000 .500000000 .035556000 7.16000E-4 .034000000 8.40000E-49434 2151   36
 245.000000 .500000000 .065730000 .006730000 .034000000 .0250000009434 2151   37
 252.000000 .500000000 .106600000 .015600000 .034000000 .0570000009434 2151   38
 261.000000 .500000000 .041258000 2.58000E-4 .034000000 .0070000009434 2151   39
 285.000000 .500000000 3.56000000 .026000000 .034000000 3.500000009434 2151   40
 289.000000 .500000000 .095600000 .037600000 .034000000 .0240000009434 2151   41
 300.000000 .500000000 .191400000 .055400000 .034000000 .1020000009434 2151   42
 305.000000 .500000000 .110030000 .008030000 .034000000 .0680000009434 2151   43
 320.000000 .500000000 .218500000 .179000000 .034000000 .0055000009434 2151   44
 327.000000 .500000000 .076700000 .027700000 .034000000 .0150000009434 2151   45
 337.000000 .500000000 .057800000 .015400000 .034000000 .0084000009434 2151   46
 361.000000 .500000000 .041798000 7.98000E-4 .034000000 .0070000009434 2151   47
 368.000000 .500000000 .055700000 .017300000 .034000000 .0044000009434 2151   48
 382.000000 .500000000 .051390000 3.90000E-4 .034000000 .0170000009434 2151   49
 391.000000 .500000000 .049900000 .013100000 .034000000 .0028000009434 2151   50
 408.000000 .500000000 .055100000 .018600000 .034000000 .0025000009434 2151   51
 419.000000 .500000000 .116200000 .053200000 .034000000 .0290000009434 2151   52
 426.000000 .500000000 .093000000 .047700000 .034000000 .0113000009434 2151   53
 448.000000 .500000000 .111560000 .006560000 .034000000 .0710000009434 2151   54
 461.000000 .500000000 .090300000 .049600000 .034000000 .0067000009434 2151   55
 465.000000 .500000000 .126300000 .085600000 .034000000 .0067000009434 2151   56
 473.000000 .500000000 .059400000 .023100000 .034000000 .0023000009434 2151   57
 496.000000 .500000000 .050150000 .009350000 .034000000 .0068000009434 2151   58
 500.000000 60000.0000          2          2          0          09434 2151   59
 0.0        .923870000          1          0          2          09434 2151   60
 236.005000 0.0                 0          0          1          09434 2151   61
 .500000000 0.0                 5          0        108         179434 2151   62
 0.0        0.0        0.0        1.00000000 0.0        2.000000009434 2151   63
 500.000000 8.99080000 0.0        .001033600 .034000000 .0122380009434 2151   64
 700.000000 8.98710000 0.0        .001040200 .034000000 .0129650009434 2151   65
 1000.00000 8.98160000 0.0        .001041200 .034000000 .0127980009434 2151   66
 1500.00000 8.97250000 0.0        .001042400 .034000000 .0126600009434 2151   67
 2000.00000 8.96330000 0.0        .001037200 .034000000 .0138380009434 2151   68
 2500.00000 8.95420000 0.0        .001042900 .034000000 .0154070009434 2151   69
 3000.00000 8.94500000 0.0        .001044400 .034000000 .0170480009434 2151   70
 5000.00000 8.90860000 0.0        .001036600 .034000000 .0226820009434 2151   71
 7000.00000 8.87230000 0.0        .001014600 .034000000 .0264450009434 2151   72
 10000.0000 8.81810000 0.0        9.72790E-4 .034000000 .0299870009434 2151   73
 15000.0000 8.72860000 0.0        9.37350E-4 .034000000 .0338720009434 2151   74
 20000.0000 8.64010000 0.0        8.88870E-4 .034000000 .0378790009434 2151   75
 25000.0000 8.55240000 0.0        8.87190E-4 .034000000 .0408390009434 2151   76
 30000.0000 8.46570000 0.0        8.82990E-4 .034000000 .0431180009434 2151   77
 44300.0000 8.22280000 0.0        8.47760E-4 .034000000 .0453240009434 2151   78
 50000.0000 8.12800000 0.0        8.77130E-4 .034000000 .0464710009434 2151   79
 60000.0000 7.96440000 0.0        9.52030E-4 .034000000 .0469730009434 2151   80
 236.005000 0.0                 1          0          2          09434 2151   81
 .500000000 0.0                 5          0        108         179434 2151   82
 0.0        0.0        1.00000000 1.00000000 0.0        2.000000009434 2151   83
 500.000000 8.99080000 0.0        .002194600 .034000000 .0122380009434 2151   84
 700.000000 8.98710000 0.0        .002193700 .034000000 .0129650009434 2151   85
 1000.00000 8.98160000 0.0        .002192400 .034000000 .0127980009434 2151   86
 1500.00000 8.97250000 0.0        .002190100 .034000000 .0126600009434 2151   87
 2000.00000 8.96330000 0.0        .002187900 .034000000 .0138380009434 2151   88
 2500.00000 8.95420000 0.0        .002185600 .034000000 .0154070009434 2151   89
 3000.00000 8.94500000 0.0        .002183400 .034000000 .0170480009434 2151   90
 5000.00000 8.90860000 0.0        .002174500 .034000000 .0226820009434 2151   91
 7000.00000 8.87230000 0.0        .002165700 .034000000 .0264450009434 2151   92
 10000.0000 8.81810000 0.0        .002152400 .034000000 .0299870009434 2151   93
 15000.0000 8.72860000 0.0        .002130600 .034000000 .0338720009434 2151   94
 20000.0000 8.64010000 0.0        .002109000 .034000000 .0378790009434 2151   95
 25000.0000 8.55240000 0.0        .002087600 .034000000 .0408390009434 2151   96
 30000.0000 8.46570000 0.0        .002066400 .034000000 .0431180009434 2151   97
 44300.0000 8.22280000 0.0        .002007100 .034000000 .0453240009434 2151   98
 50000.0000 8.12800000 .002719100 .001984000 .034000000 .0464710009434 2151   99
 60000.0000 7.96440000 .012095000 .001944100 .034000000 .0469730009434 2151  100
 1.50000000 0.0                 5          0        108         179434 2151  101
 0.0        0.0        2.00000000 1.00000000 0.0        2.000000009434 2151  102
 500.000000 4.49540000 0.0        .001097300 .034000000 .0122380009434 2151  103
 700.000000 4.49360000 0.0        .001096800 .034000000 .0129650009434 2151  104
 1000.00000 4.49080000 0.0        .001096200 .034000000 .0127980009434 2151  105
 1500.00000 4.48620000 0.0        .001095100 .034000000 .0126600009434 2151  106
 2000.00000 4.48170000 0.0        .001093900 .034000000 .0138380009434 2151  107
 2500.00000 4.47710000 0.0        .001092800 .034000000 .0154070009434 2151  108
 3000.00000 4.47250000 0.0        .001091700 .034000000 .0170480009434 2151  109
 5000.00000 4.45430000 0.0        .001087300 .034000000 .0226820009434 2151  110
 7000.00000 4.43610000 0.0        .001082800 .034000000 .0264450009434 2151  111
 10000.0000 4.40910000 0.0        .001076200 .034000000 .0299870009434 2151  112
 15000.0000 4.36430000 0.0        .001065300 .034000000 .0338720009434 2151  113
 20000.0000 4.32000000 0.0        .001054500 .034000000 .0378790009434 2151  114
 25000.0000 4.27620000 0.0        .001043800 .034000000 .0408390009434 2151  115
 30000.0000 4.23290000 0.0        .001033200 .034000000 .0431180009434 2151  116
 44300.0000 4.11140000 0.0        .001003600 .034000000 .0453240009434 2151  117
 50000.0000 4.06400000 .002719100 9.91990E-4 .034000000 .0464710009434 2151  118
 60000.0000 3.98220000 .012095000 9.72030E-4 .034000000 .0469730009434 2151  119
                                                                  9434 2  0  120
                                                                  9434 0  0    0
                                                                     0 0  0    0
                                                                    -1 0  0    0
