  33  68   7  21     8.46751     0.50021   7  22     4.93481    -0.79732   As068
  33  69   6  22     7.97253     1.43819   6  22     4.61699     0.21821   As069
  33  70   7  22     7.88090     1.71798   7  22     4.57768     0.44193   As070
  33  71   6  23     7.81648     2.03885   6  23     4.50861     0.86114   As071
  33  72   7  22     7.93062     1.90379   7  22     4.56489     0.70485   As072
  33  73   6  22     7.74577     2.52130   6  22     4.43828     1.38334   As073
  33  74   7  22     8.12355     1.89452   7  22     4.63956     0.74927   As074
  33  75   4  16     8.26011     1.93274   7  29     4.66246     0.93065   As075
  33  76   7  29     8.41575     1.75706   7  29     4.94256     0.64515   As076
  33  77   7  26     8.41098     1.96390   6  22     4.72506     0.96245   As077
  33  78   6  22     9.10291     1.21609   6  22     5.09308     0.14021   As078
  33  79   7  22     9.15687     1.28104   7  22     5.08836     0.27195   As079
  33  80   0   0     0.00000     0.00000   7  22     5.90704    -0.89156   As080
  33  81   7  22     9.61779     1.06180   7  22     5.37156    -0.06501   As081
