  33  69   7  22     8.88381     1.30223   7  22     5.24483     0.24035   As069
  33  70   7  22     8.87936     1.58095   7  22     5.25825     0.46055   As070
  33  71   6  23     8.60530     1.95092   6  23     5.06802     0.89841   As071
  33  72   7  22     8.97753     1.75427   7  22     5.25894     0.71185   As072
  33  73   6  22     8.66045     2.41174   6  22     5.06026     1.42031   As073
  33  74   7  22     9.28566     1.73951   7  22     5.37943     0.75914   As074
  33  75   5  38     9.24075     1.89176   6  22     5.34476     0.94585   As075
  33  76   6  22     9.65710     1.64702   6  22     5.72514     0.71465   As076
  33  77   7  22     9.48412     1.87580   7  22     5.44320     0.96487   As077
  33  78   0   0     0.00000     0.00000   5  17     5.89501     0.30314   As078
  33  79   7  22    10.51360     1.17794   7  22     5.88452     0.35240   As079
