  79 177   4  16    19.68435     0.55633   0   0     0.00000     0.00000   Au177
  79 183   7  22    23.07854     1.17317   6  22    11.19079     0.63006   Au183
  79 184   0   0     0.00000     0.00000   7  22    12.53819     0.05277   Au184
  79 185   2  20    21.77444     1.59195   6  22    11.00815     0.83688   Au185
  79 186   0   0     0.00000     0.00000   2  20    12.29402    -0.07554   Au186
  79 187   7  22    23.22503     1.29735   7  22    11.39895     0.63693   Au187
  79 189   7  22    24.35516     1.05908   7  22    11.83503     0.39856   Au189
  79 191   0   0     0.00000     0.00000   7  22    12.51670    -0.03181   Au191
  79 192   0   0     0.00000     0.00000   6  15    12.60522     0.01723   Au192
  79 195   0   0     0.00000     0.00000   6  15    12.79748     0.02911   Au195
  79 196   0   0     0.00000     0.00000   6  23    13.06274    -0.02656   Au196
  79 198   6  36    24.74335     1.00622   0   0     0.00000     0.00000   Au198
