  79 177   7  22    20.04386    -0.31594   0   0     0.00000     0.00000   Au177
  79 183   7  22    21.02144     1.22128   7  21    10.18606     0.53751   Au183
  79 184   4  22    23.80424     0.64561   7  22    11.28650    -0.00376   Au184
  79 185   6  22    20.12046     1.59498   6  22    10.00648     0.79364   Au185
  79 186   2  18    23.70179     0.51736   6  22    11.09681    -0.18087   Au186
  79 187   7  22    21.11767     1.35219   7  27    10.28251     0.59736   Au187
  79 188   0   0     0.00000     0.00000   7  20    12.14402    -0.77393   Au188
  79 189   7  22    21.96809     1.11903   6  22    10.66586     0.32402   Au189
  79 191   7  22    23.82430     0.61425   5  17    10.99086     0.08185   Au191
  79 192   4  16    23.13944     0.89435   4  16    11.10953     0.02457   Au192
  79 193   0   0     0.00000     0.00000   6  15    12.61088     0.12216   Au193
  79 194   0   0     0.00000     0.00000   7  22    12.95242    -0.99145   Au194
  79 195   0   0     0.00000     0.00000   6  15    11.35392    -0.02618   Au195
  79 196   6  23    24.83876     0.97403   6  36    11.33303     0.00367   Au196
  79 197   6  23    25.02901     0.71846   6  23    12.29780    -0.28585   Au197
  79 198   6  23    22.09562     1.01259   6  23    13.29573    -0.25368   Au198
  79 199   6  23    25.10825     0.59874   6  23    12.39505    -0.53756   Au199
