  56 121   7  22    13.82984     1.34411   5  17     7.09908     0.63772   Ba121
  56 122   7  22    14.57413     0.91036   6  22     7.71374    -0.20023   Ba122
  56 123   7  21    13.59463     1.62063   7  21     7.12688     0.66926   Ba123
  56 124   7  21    14.36601     1.21418   6  22     7.53198     0.18305   Ba124
  56 126   6  22    14.32106     1.39640   7  21     7.56051     0.33172   Ba126
  56 127   7  22    13.96579     1.58848   7  21     7.24549     0.67822   Ba127
  56 128   6  22    14.65636     1.31000   6  22     7.70903     0.23759   Ba128
  56 129   7  22    13.77728     1.77637   6  22     7.17497     0.82956   Ba129
  56 130   7  22    14.98336     1.24186   7  22     7.88295     0.12443   Ba130
  56 131   7  22    14.22026     1.56813   4  16     7.24992     0.54484   Ba131
  56 132   6  22    15.32341     1.17634   6  23     8.07995     0.00846   Ba132
  56 133   7  22    14.92095     1.36298   6  22     7.65041     0.34617   Ba133
  56 134   7  22    15.07631     1.30858   6  22     7.67702    -0.05958   Ba134
  56 135   7  22    15.16992     0.99329   5  17     7.65767     0.06702   Ba135
  56 136   6  15    14.49564     1.46631   7  22     7.60735    -0.13515   Ba136
  56 137   7  22    17.35926     0.09899   7  22     9.04029    -1.08016   Ba137
  56 138   6  36    14.99606     0.63967   7  22     7.90609    -1.08313   Ba138
  56 139   7  33    14.71135     0.91169   6  36     8.10678    -0.60356   Ba139
  56 140   2  20    17.25443     0.89403   7  22     9.35340    -0.52874   Ba140
  56 141   7  33    17.53886     0.92318   2  20     8.34980     0.03537   Ba141
  56 142   7  22    17.47737     0.96869   7  22     8.79203    -0.20100   Ba142
  56 143   2  20    14.80420     1.58794   6  23     7.71519     0.37798   Ba143
  56 144   7  22    17.34870     1.07427   5  17     8.03576     0.26347   Ba144
