  56 121   5  17    14.90615     1.53505   7  22     8.17805     0.46960   Ba121
  56 122   7  22    16.13334     0.85219   7  22     8.61094    -0.12741   Ba122
  56 123   5  17    14.98614     1.71751   7  22     8.09301     0.70965   Ba123
  56 124   7  22    15.94311     1.13236   7  22     8.48724     0.19996   Ba124
  56 126   7  22    16.04015     1.28874   7  22     8.48838     0.42262   Ba126
  56 127   7  22    15.88837     1.49917   7  22     8.27014     0.73025   Ba127
  56 128   7  22    16.50724     1.19914   7  22     8.69100     0.31396   Ba128
  56 129   7  22    15.72658     1.67875   7  22     8.24284     0.85602   Ba129
  56 130   7  22    16.86986     1.16770   7  22     8.90447     0.22100   Ba130
  56 131   7  22    16.38281     1.46064   6  22     8.38928     0.56963   Ba131
  56 132   7  33    17.47830     1.05174   6  36     9.23969     0.00703   Ba132
  56 133   5  17    17.11512     1.33791   6  15     8.91590     0.34511   Ba133
  56 134   6  15    17.36173     1.12572   6  15     8.88520    -0.05762   Ba134
  56 135   2  20    17.43312     1.00515   6  15     8.86757     0.20095   Ba135
  56 136   6  23    16.54433     1.33610   6  15     8.79039    -0.06390   Ba136
  56 138   2  20    16.65103     0.80331   6  15     9.18504    -0.89517   Ba138
  56 142   5  17    19.00673     1.21915   5  17     9.87658     0.19484   Ba142
  56 143   2  20    18.30331     1.44196   5  17     9.35872     0.50364   Ba143
  56 144   0   0     0.00000     0.00000   5  17     9.58448     0.34935   Ba144
  56 145   6  23    16.15710     1.86487   7  27     8.12507     0.95280   Ba145
  56 146   2  20    16.40351     1.81483   2  20     8.24919     0.96855   Ba146
