  83 191   7  22    23.46176     0.62395   6  22    11.09487     0.02834   Bi191
  83 193   7  22    24.37778     0.62977   6  22    11.24804    -0.00777   Bi193
  83 194   6  21    25.27735    -0.45698   7  21    10.77138    -1.09884   Bi194
  83 199   7  21    21.56531     0.30660   7  22    10.04536    -0.79169   Bi199
  83 201   7  22    26.27357     0.29852   7  22    11.59329    -0.76578   Bi201
  83 203   6  23    24.69392     0.77478   6  23    12.53440    -0.53096   Bi203
  83 205   2  20    24.40585     0.93456   2  20    12.90491    -0.65922   Bi205
  83 206   6  23    26.57970     0.42770   0   0     0.00000     0.00000   Bi206
  83 207   6  23    20.81313     2.10129   6  23    12.10468    -0.20865   Bi207
  83 208   6  36    22.11975     1.66859   6  23    13.87754    -0.92132   Bi208
  83 209   6  36    23.00303     1.42577   0   0     0.00000     0.00000   Bi209
  83 211   6  23    22.56724     1.55439   6  23    12.39749    -0.17024   Bi211
  83 213   0   0     0.00000     0.00000   6  20    13.71749    -0.60733   Bi213
