  35  71   7  22     8.08589     1.67985   7  22     4.68668     0.39425   Br071
  35  72   6  22     8.02002     1.93966   6  22     4.65760     0.61129   Br072
  35  73   6  22     8.28182     1.70807   5  15     4.54727     1.10084   Br073
  35  74   6  23     8.73067     2.01875   6  23     5.08824     0.88881   Br074
  35  75   7  29     8.10354     2.40547   7  29     4.61930     1.30097   Br075
  35  76   6  22     8.84957     1.67922   6  23     5.04477     0.66991   Br076
  35  77   7  22     8.63526     2.37505   6  22     4.94469     1.36759   Br077
  35  78   7  22     8.43688     2.07213   7  22     4.78958     0.92787   Br078
  35  79   4  16     9.12464     1.96687   6  22     5.17607     0.98568   Br079
  35  80   7  22     8.52220     2.17555   7  22     4.97821     0.97139   Br080
  35  81   7  22     8.86382     1.97722   7  22     4.99003     0.86926   Br081
  35  82   7  36     9.64036     1.02486   5  38     5.59363    -0.05662   Br082
  35  83   7  22     9.65261     1.24289   6  22     5.36379     0.16361   Br083
