  48 102   6  23    11.91499     2.27637   6  36     7.46961     0.03192   Cd102
  48 103   2  20    12.89791     1.64684   2  20     7.55098     0.16566   Cd103
  48 104   6  23    13.34400     1.28010   0   0     0.00000     0.00000   Cd104
  48 105   6  23    13.69516     1.31031   6  23     7.68847     0.14365   Cd105
  48 106   6  23    13.22147     1.55218   6  23     7.63006     0.11600   Cd106
  48 108   7  22    14.20287     1.10282   7  33     7.92233    -0.08126   Cd108
  48 110   5  38    14.21134     1.26100   6  36     7.82279     0.16435   Cd110
  48 111   5  17    14.81048     1.68967   7  22     7.54311     0.83009   Cd111
  48 112   7  22    14.99491     1.14472   7  29     7.18886     0.09271   Cd112
  48 113   0   0     0.00000     0.00000   7  22     7.47338     0.89278   Cd113
  48 114   0   0     0.00000     0.00000   7  29     7.30818     0.22855   Cd114
  48 115   0   0     0.00000     0.00000   7  22     8.04596     0.70779   Cd115
  48 116   7  33    15.31674     1.28033   6  22     8.08578     0.30633   Cd116
  48 117   6  22    15.37721     1.41710   6  22     7.23341     0.68499   Cd117
  48 118   0   0     0.00000     0.00000   5  17     8.25940     0.26904   Cd118
  48 119   0   0     0.00000     0.00000   5  17     7.92532     0.58074   Cd119
  48 121   2  26    15.45134     1.42754   5  17     8.10184     0.56955   Cd121
  48 123   0   0     0.00000     0.00000   5  17     8.07776     0.71497   Cd123
