  48 102   6  23    10.82621     2.22786   6  36     6.60617    -0.15315   Cd102
  48 103   6  23    11.42709     1.64984   6  23     6.57605    -0.04366   Cd103
  48 104   6  23    11.88093     1.39030   2  20     6.85667    -0.37299   Cd104
  48 105   6  23    11.87926     1.43288   7  22     6.65499    -0.00325   Cd105
  48 106   7  22    11.55118     1.85738   5  17     6.66777     0.08107   Cd106
  48 107   2  20    12.66591     1.60628   6  15     6.75926     0.55865   Cd107
  48 108   7  22    12.55295     1.20212   7  22     6.95197    -0.17587   Cd108
  48 109   7  22    13.66317     1.41562   7  22     7.05686     0.48265   Cd109
  48 110   5  38    12.54963     1.35233   6  36     6.86597     0.08044   Cd110
  48 111   7  22    12.53503     1.79762   7  22     6.45913     0.79023   Cd111
  48 112   7  29    12.90268     1.26985   7  36     6.23645    -0.00506   Cd112
  48 113   6  22    12.68603     1.79371   7  22     6.37813     0.85045   Cd113
  48 114   6  22    13.59399     1.17756   7  29     6.33354     0.13759   Cd114
  48 115   7  22    14.67206     1.41685   6  22     6.83013     0.65009   Cd115
  48 116   7  22    12.94832     1.44330   6  22     7.04884     0.18514   Cd116
  48 117   6  22    12.61081     1.55792   0   0     0.00000     0.00000   Cd117
  48 118   7  22    14.08280     1.03877   7  22     7.28931    -0.02547   Cd118
  48 119   7  22    14.69241     0.95799   7  22     6.99328     0.18317   Cd119
  48 121   7  22    13.10946     1.41268   7  22     6.86276     0.39740   Cd121
  48 122   0   0     0.00000     0.00000   7  21     8.17246    -0.53597   Cd122
  48 123   5  17    13.15267     1.44177   5  17     7.25494     0.36689   Cd123
