  58 125   7  22    16.05025     1.23149   5  17     8.27391     0.66170   Ce125
  58 126   7  21    16.78931     0.70184   5  17     8.76107    -0.06159   Ce126
  58 128   7  22    16.61304     1.06891   7  22     8.76872     0.17062   Ce128
  58 129   4  22    16.54730     1.26584   6  22     8.58348     0.49307   Ce129
  58 130   0   0     0.00000     0.00000   7  22     9.13120    -0.13083   Ce130
  58 131   6  23    15.50249     1.89947   6  23     8.20911     1.03748   Ce131
  58 132   7  22    16.75286     1.22573   7  22     8.84033     0.30818   Ce132
  58 133   5  17    16.89818     1.38354   6  22     8.79639     0.49399   Ce133
  58 134   6  23    17.55530     1.06211   7  22     9.22511     0.10840   Ce134
  58 142   0   0     0.00000     0.00000   5  17     9.44874    -0.16916   Ce142
  58 144   0   0     0.00000     0.00000   5  17     9.86839     0.20848   Ce144
  58 145   0   0     0.00000     0.00000   2  20     9.08979     0.59584   Ce145
  58 146   5  38    18.50760     1.34763   7  22     9.41782     0.48115   Ce146
  58 147   7  22    16.65093     1.84151   6  23     8.21681     1.07975   Ce147
  58 148   7  22    17.87401     1.52154   7  22     8.99689     0.74352   Ce148
  58 149   7  22    17.51251     1.66443   2  20     8.02329     1.09913   Ce149
  58 150   0   0     0.00000     0.00000   7  22    10.34888     0.09553   Ce150
