  66 143   0   0     0.00000     0.00000   7  22    10.06824    -0.26510   Dy143
  66 151   0   0     0.00000     0.00000   5  17    10.16987     0.20892   Dy151
  66 152   0   0     0.00000     0.00000   6  15    10.40899    -0.08379   Dy152
  66 153   0   0     0.00000     0.00000   7  22    10.08014     0.29744   Dy153
  66 154   6  22    19.54953     1.25720   7  22     9.77056     0.50667   Dy154
  66 155   6  22    17.08607     2.02734   6  22     8.90335     1.26854   Dy155
  66 156   7  22    19.22961     1.47268   7  21     9.67074     0.76168   Dy156
  66 157   0   0     0.00000     0.00000   6  22    10.45243     1.16963   Dy157
  66 158   7  22    19.36790     1.51185   7  22     9.77782     0.73675   Dy158
  66 159   7  26    17.68900     1.78623   7  29     8.60247     1.01472   Dy159
  66 160   7  22    19.35007     1.58851   7  22     9.82399     0.77920   Dy160
  66 161   6  22    19.45027     1.66835   6  22     9.31864     0.92092   Dy161
  66 162   7  22    18.63839     1.60127   7  29     8.75321     0.60489   Dy162
  66 163   7  22    18.13931     1.79065   6  22     8.91247     0.98136   Dy163
  66 164   7  22    18.26397     1.67184   0   0     0.00000     0.00000   Dy164
  66 165   7  22    19.67134     1.46383   6  22     9.36878     0.67025   Dy165
  66 166   2  20    19.69931     1.60259   7  22    10.09279     0.63675   Dy166
