  68 156   7  22    19.58011     1.28071   7  22     9.94823     0.45865   Er156
  68 157   6  18    20.40307     1.24509   6  18     9.74825     0.68259   Er157
  68 158   6  23    19.45930     1.46422   7  21     9.85613     0.70487   Er158
  68 159   7  22    19.62458     1.48117   7  21     9.63302     0.86871   Er159
  68 160   6  23    19.97540     1.37320   6  22     9.95483     0.68043   Er160
  68 161   6  22    19.01476     1.69244   6  22     9.60117     0.96836   Er161
  68 162   7  22    20.18410     1.39531   7  22    10.08082     0.66166   Er162
  68 163   5  38    20.95425     1.63209   7  22     9.99024     0.96074   Er163
  68 164   2  20    20.14258     1.47364   7  22    10.19107     0.63380   Er164
  68 165   5  38    19.18324     1.71947   6  22     9.42121     0.89831   Er165
  68 166   7  22    21.36760     1.24715   7  22    10.44249     0.51533   Er166
  68 167   7  22    20.25743     1.46461   7  26     9.81169     0.66946   Er167
  68 168   5  38    18.19304     1.78643   0   0     0.00000     0.00000   Er168
  68 169   7  22    20.27291     1.35099   7  22     9.65902     0.56227   Er169
  68 170   6  23    20.91806     1.50041   6  23    10.39047     0.69278   Er170
  68 171   6  23    20.54831     1.40325   6  22     9.78663     0.62072   Er171
  68 172   2  20    21.00288     1.49204   7  22    10.59313     0.55768   Er172
