  68 151   0   0     0.00000     0.00000   7  22    10.55161    -1.16938   Er151
  68 155   4  16    18.48216     0.98571   0   0     0.00000     0.00000   Er155
  68 156   7  21    17.65249     1.35375   7  21     8.95168     0.38798   Er156
  68 157   6  18    17.46344     1.33418   0   0     0.00000     0.00000   Er157
  68 158   6  22    17.51429     1.51773   0   0     0.00000     0.00000   Er158
  68 159   7  22    16.95727     1.57648   0   0     0.00000     0.00000   Er159
  68 160   6  22    17.84867     1.44019   0   0     0.00000     0.00000   Er160
  68 161   7  26    16.62191     1.77697   0   0     0.00000     0.00000   Er161
  68 162   7  22    17.96698     1.46232   5  15     8.68018     0.75651   Er162
  68 163   7  26    18.01656     1.71724   7  29     8.79160     0.89420   Er163
  68 164   6  22    17.98037     1.51977   0   0     0.00000     0.00000   Er164
  68 165   7  26    16.61626     1.83044   0   0     0.00000     0.00000   Er165
  68 166   6  22    18.56038     1.36902   0   0     0.00000     0.00000   Er166
  68 167   7  26    17.36174     1.56473   0   0     0.00000     0.00000   Er167
  68 169   7  22    17.17581     1.45649   0   0     0.00000     0.00000   Er169
  68 170   6  22    17.97733     1.58609   7  21     9.13220     0.56373   Er170
  68 171   6  22    17.15491     1.55822   0   0     0.00000     0.00000   Er171
  68 172   7  22    18.12613     1.51709   7  22     9.24496     0.46956   Er172
