  63 139   5  17    16.33649     1.82445   7  22     8.75628     0.79004   Eu139
  63 141   7  22    18.12094     1.07297   5  17     9.63088     0.58527   Eu141
  63 142   0   0     0.00000     0.00000   7  22     9.06832    -0.56006   Eu142
  63 143   5  17    18.74499     0.89087   5  17     9.69116     0.08175   Eu143
  63 147   0   0     0.00000     0.00000   5  17     9.87449     0.14010   Eu147
  63 149   6  23    18.66520     1.28965   6  22     9.41680     0.55804   Eu149
  63 150   0   0     0.00000     0.00000   7  22    10.50124     0.10763   Eu150
  63 151   6  22    17.42843     1.76027   6  22     8.96716     1.03004   Eu151
  63 152   0   0     0.00000     0.00000   6  22    10.46475     0.81764   Eu152
  63 153   7  22    16.36483     1.70973   0   0     0.00000     0.00000   Eu153
  63 154   6  22    19.95501     1.32471   7  26    10.24881     0.65255   Eu154
  63 155   7  29    17.52507     1.41489   0   0     0.00000     0.00000   Eu155
  63 156   7  26    18.99364     1.00405   7  26     9.80870     0.23722   Eu156
  63 157   0   0     0.00000     0.00000   7  22    10.12819     0.39369   Eu157
