  63 139   5  17    15.18167     1.88085   5  17     7.90575     0.91088   Eu139
  63 140   7  21    18.42051     0.10572   7  21     9.05493    -0.62701   Eu140
  63 141   7  22    16.42585     1.13789   6  15     8.65980     0.54102   Eu141
  63 142   7  21    17.93373     0.41500   3  22     7.96244    -0.50001   Eu142
  63 143   7  22    17.33678     0.73879   7  22     8.82014    -0.16321   Eu143
  63 144   7  21    18.73961     0.16793   7  21     9.45713    -0.78931   Eu144
  63 145   7  22    18.32100     0.39796   4  22     9.37047    -0.63872   Eu145
  63 146   7  22    19.45316     0.29560   7  21     9.32454    -0.44649   Eu146
  63 147   7  22    17.62184     0.93345   6  23     8.78205     0.07689   Eu147
  63 149   6  22    16.76544     1.36548   6  22     8.41922     0.51641   Eu149
  63 150   7  26    19.71235     0.73852   7  22     9.22388     0.04215   Eu150
  63 151   6  22    15.71406     1.83347   0   0     0.00000     0.00000   Eu151
  63 152   4  16    17.90207     1.51643   4  16     9.28284     0.74504   Eu152
  63 154   7  36    16.98076     1.49356   0   0     0.00000     0.00000   Eu154
  63 155   7  29    15.65473     1.48972   0   0     0.00000     0.00000   Eu155
  63 156   4  16    16.34354     1.12425   7  29     8.62120     0.16436   Eu156
  63 157   7  22    18.83458     0.98740   6  22     8.91291     0.32487   Eu157
  63 159   0   0     0.00000     0.00000   7  22     9.87303     0.12597   Eu159
