  31  64   2  20     8.35929     1.38067   0   0     0.00000     0.00000   Ga064
  31  65   2  26     8.12065     2.00562   2  20     4.93287     0.71413   Ga065
  31  66   6  15     8.49362     1.57023   2  20     5.19971     0.17542   Ga066
  31  67   7  22     8.80190     1.34202   7  22     5.24405     0.21977   Ga067
  31  69   7  22     9.35698     1.00130   7  22     5.42961     0.08015   Ga069
  31  70   5  54     9.05116     0.98479   5  38     5.38161    -0.00823   Ga070
  31  71   7  22     9.53286     1.16898   6  23     5.43749     0.34041   Ga071
  31  72   7  22     8.81709     1.63892   7  22     5.38634     0.62093   Ga072
  31  73   6  22     9.43217     1.36630   6  23     5.39415     0.50502   Ga073
  31  75   4  22    10.06314     1.15021   7  22     5.65704     0.26762   Ga075
