  31  64   2  20     7.35759     1.51883   6  15     4.19319     0.65516   Ga064
  31  65   7  22     7.11682     2.22654   2  23     4.27243     0.59579   Ga065
  31  66   5  17     7.48400     1.64598   6  15     4.43581     0.21198   Ga066
  31  67   6  22     7.69235     1.51789   6  22     4.50539     0.20259   Ga067
  31  68   7  22     8.13224     1.01259   6  22     4.69869    -0.17822   Ga068
  31  69   7  29     8.19588     1.07860   6  23     4.68099     0.00898   Ga069
  31  70   5  54     7.77040     1.16936   5  54     4.60722    -0.11224   Ga070
  31  71   7  22     8.25592     1.29067   6  22     4.67215     0.26432   Ga071
  31  72   7  29     7.58050     1.77078   7  29     4.58865     0.54421   Ga072
  31  73   6  22     8.31938     1.47265   6  22     4.69577     0.44469   Ga073
  31  75   6  22     8.75260     1.21892   6  22     4.89224     0.19396   Ga075
  31  77   7  22     9.10105     1.11410   5  17     5.04807     0.09466   Ga077
