  64 138   7  21    18.49234    -0.36050   0   0     0.00000     0.00000   Gd138
  64 139   0   0     0.00000     0.00000   7  22     9.79950    -1.35335   Gd139
  64 140   0   0     0.00000     0.00000   4  16     8.92475    -0.50339   Gd140
  64 141   7  22    16.98956     0.85192   5  17     8.29629     0.32873   Gd141
  64 142   7  21    18.27244     0.21634   4  16     8.93319    -0.41011   Gd142
  64 144   7  22    19.01500     0.02174   7  21     9.67097    -1.05268   Gd144
  64 145   0   0     0.00000     0.00000   7  22    10.14655    -1.23902   Gd145
  64 146   7  22    18.89970     0.21503   5  43    10.11846    -1.26300   Gd146
  64 147   0   0     0.00000     0.00000   7  22     9.71026    -0.64767   Gd147
  64 148   7  21    19.13873     0.50478   7  22     9.56791    -0.53785   Gd148
  64 149   7  21    19.71973     0.56687   7  22     9.18387    -0.19382   Gd149
  64 150   4  22    18.12789     0.92117   7  22     9.02754    -0.02963   Gd150
  64 151   7  22    16.30558     1.45494   6  22     8.18453     0.62216   Gd151
  64 152   7  22    16.72315     1.43972   0   0     0.00000     0.00000   Gd152
  64 153   6  22    17.34861     1.92694   0   0     0.00000     0.00000   Gd153
  64 155   6  22    17.01562     1.86467   0   0     0.00000     0.00000   Gd155
  64 156   7  22    16.02558     1.79716   0   0     0.00000     0.00000   Gd156
  64 157   7  26    16.50336     1.74781   0   0     0.00000     0.00000   Gd157
  64 158   4  16    15.77942     1.83967   0   0     0.00000     0.00000   Gd158
  64 159   7  26    17.01262     1.46262   0   0     0.00000     0.00000   Gd159
  64 160   7  22    16.09146     1.85040   6  22     8.39517     0.80307   Gd160
  64 161   7  22    17.15565     1.31597   0   0     0.00000     0.00000   Gd161
