  32  64   4  16     8.10550    -0.76394   0   0     0.00000     0.00000   Ge064
  32  65   6  15     8.14478     0.51269   4  16     4.83246    -0.91202   Ge065
  32  66   5  17     7.89692     0.98982   4  16     4.79129    -0.74597   Ge066
  32  67   5  17     7.21253     2.16570   7  22     4.35825     0.48417   Ge067
  32  68   6  22     7.80153     1.50772   5  17     4.61013     0.07072   Ge068
  32  69   5  38     7.41187     2.04865   6  23     4.28903     0.85004   Ge069
  32  70   7  22     8.01128     1.48801   6  23     4.71255     0.05580   Ge070
  32  71   7  26     7.69507     2.44977   0   0     0.00000     0.00000   Ge071
  32  72   7  29     7.99610     1.78459   7  22     4.68397     0.36999   Ge072
  32  73   6  22     7.57532     2.66849   0   0     0.00000     0.00000   Ge073
  32  74   4  16     8.34856     1.90561   0   0     0.00000     0.00000   Ge074
  32  75   7  22     7.60701     2.23194   0   0     0.00000     0.00000   Ge075
  32  76   7  22     8.43515     1.65868   6  22     4.91934     0.25667   Ge076
  32  77   7  22     8.33855     1.84252   7  22     4.46906     0.70735   Ge077
  32  78   6  22     8.81761     1.42813   5  17     5.02467     0.20972   Ge078
  32  81   0   0     0.00000     0.00000   7  22     5.86661    -0.52294   Ge081
  32  82   2  20     9.02559     1.49355   6  22     5.70950    -0.37141   Ge082
