  72 163   0   0     0.00000     0.00000   7  22    10.69304    -0.74439   Hf163
  72 164   7  21    20.73804     0.54357   0   0     0.00000     0.00000   Hf164
  72 165   0   0     0.00000     0.00000   7  22    10.91428    -0.78529   Hf165
  72 166   7  21    19.91102     0.88970   0   0     0.00000     0.00000   Hf166
  72 168   7  21    19.13515     1.28812   7  27     9.49544     0.40358   Hf168
  72 169   7  21    18.57579     1.42540   0   0     0.00000     0.00000   Hf169
  72 170   7  22    19.08264     1.38702   0   0     0.00000     0.00000   Hf170
  72 171   6  23    22.78404     1.43405   6  22     9.10340     0.74523   Hf171
  72 172   7  22    19.16330     1.41272   7  21     9.50231     0.53138   Hf172
  72 173   7  22    19.31306     1.33043   7  21     9.41830     0.53235   Hf173
  72 174   2  44    19.13117     1.47739   6  22     9.56148     0.52119   Hf174
  72 175   7  22    18.12552     1.52216   0   0     0.00000     0.00000   Hf175
  72 176   6  22    18.79310     1.63643   7  21     9.55439     0.55840   Hf176
  72 177   6  22    18.44478     1.48380   0   0     0.00000     0.00000   Hf177
  72 178   6  22    18.11371     1.63411   0   0     0.00000     0.00000   Hf178
  72 179   7  22    18.25969     1.42325   0   0     0.00000     0.00000   Hf179
  72 181   6  22    20.12946     1.13152   7  22     9.36966     0.29064   Hf181
  72 182   7  22    22.47307     0.92419   7  22    10.33981     0.07476   Hf182
