  80 179   0   0     0.00000     0.00000   5  17    11.42133     0.28009   Hg179
  80 180   7  22    23.49641     0.83528   7  22    11.63481     0.06323   Hg180
  80 184   0   0     0.00000     0.00000   7  22    11.96411     0.05495   Hg184
  80 185   0   0     0.00000     0.00000   5  17    11.34130     0.56248   Hg185
  80 186   0   0     0.00000     0.00000   7  22    12.21615    -0.03382   Hg186
  80 188   0   0     0.00000     0.00000   7  22    12.64962    -0.25271   Hg188
  80 195   0   0     0.00000     0.00000   6  23    12.83692     0.08063   Hg195
  80 197   6  23    25.94886     1.10396   0   0     0.00000     0.00000   Hg197
  80 198   6  36    26.02212     1.03809   0   0     0.00000     0.00000   Hg198
  80 200   6  23    24.03393     1.34992   0   0     0.00000     0.00000   Hg200
  80 202   6  36    25.15163     1.42626   0   0     0.00000     0.00000   Hg202
  80 204   6  23    21.39009     2.48825   6  23    13.44754     0.11807   Hg204
  80 205   6  23    27.06593     0.99809   0   0     0.00000     0.00000   Hg205
