  67 149   7  22    18.46907     0.47957   7  22     9.49860    -0.60148   Ho149
  67 151   7  21    19.35286     0.66080   7  22     9.98947    -0.17434   Ho151
  67 153   0   0     0.00000     0.00000   6  22     9.80783    -0.60334   Ho153
  67 155   7  21    17.61372     1.32786   6  23     8.77215     0.54964   Ho155
  67 157   7  22    16.95461     1.75949   5  15     8.47776     1.04738   Ho157
  67 158   7  22    18.42316     1.11947   7  29     9.04396     0.34604   Ho158
  67 160   0   0     0.00000     0.00000   7  22    10.20962    -0.40814   Ho160
  67 162   0   0     0.00000     0.00000   7  22    10.02870    -0.07116   Ho162
  67 163   7  22    19.77717     1.58577   6  22    10.10558     0.85014   Ho163
  67 164   7  29    16.55083     1.14295   7  22     9.47047     0.18757   Ho164
  67 165   7  22    18.07604     1.54068   6  22     9.03740     0.65947   Ho165
  67 166   4  16    17.65177     1.01073   4  16     9.32418     0.07272   Ho166
  67 167   7  22    21.29932     0.69745   7  22     9.75716     0.05505   Ho167
  67 169   0   0     0.00000     0.00000   7  22    10.06092    -0.10566   Ho169
