  67 153   0   0     0.00000     0.00000   6  15    10.35087    -0.00997   Ho153
  67 155   7  22    19.63726     1.22727   7  21     9.72760     0.66978   Ho155
  67 157   7  22    18.61464     1.69744   7  21     9.45967     1.01852   Ho157
  67 158   0   0     0.00000     0.00000   7  26    10.15388     0.37617   Ho158
  67 159   7  29    16.89554     1.80139   2  27     8.40230     1.03526   Ho159
  67 161   4  16    16.83430     1.89078   0   0     0.00000     0.00000   Ho161
  67 162   0   0     0.00000     0.00000   7  22    11.27928    -0.00573   Ho162
  67 163   0   0     0.00000     0.00000   7  22    11.32070     0.89015   Ho163
  67 164   7  22    18.70503     1.05960   6  23    10.68672     0.24676   Ho164
  67 165   7  22    20.40280     1.45537   7  22    10.22988     0.68826   Ho165
  67 166   5  54    20.02616     0.97605   5  38    10.58068     0.14294   Ho166
  67 167   0   0     0.00000     0.00000   7  22    11.10406     0.15225   Ho167
  67 169   0   0     0.00000     0.00000   7  22    11.44774    -0.00537   Ho169
