  49 102   2  20    10.43703     2.48155   6  23     6.86972    -0.74267   In102
  49 103   2  20    12.09202     1.11998   2  20     6.73380    -0.79100   In103
  49 104   6  23    13.56927     0.14943   0   0     0.00000     0.00000   In104
  49 105   6  15    12.16614     1.10209   7  22     7.10291    -0.66015   In105
  49 106   6  15    13.05856     0.67547   6  17     5.98641    -0.82706   In106
  49 107   7  22    12.69705     1.00822   5  17     6.98335    -0.30754   In107
  49 108   7  22    13.21857     0.74990   7  33     7.13353    -0.41792   In108
  49 109   5  38    13.03494     0.94101   7  22     7.08015    -0.28267   In109
  49 110   7  22    11.50539     0.87056   7  22     7.16099    -0.29995   In110
  49 111   7  22    13.70801     0.69124   7  22     7.17624    -0.25908   In111
  49 112   6  22    11.26581     1.18752   0   0     0.00000     0.00000   In112
  49 113   7  22    14.90160     0.90806   6  36     7.89526     0.12563   In113
  49 114   7  36    13.07443     0.83620   5  54     7.08952    -0.14743   In114
  49 115   6  22    15.44030     0.86349   6  23     8.10185     0.13700   In115
  49 116   7  36    13.97443     0.88745   7  22     7.50650    -0.00237   In116
  49 117   0   0     0.00000     0.00000   5  17     8.15802     0.20744   In117
  49 118   0   0     0.00000     0.00000   7  18     8.12179    -0.69876   In118
  49 119   0   0     0.00000     0.00000   6  15     8.38420     0.12080   In119
  49 121   7  53    16.00003     0.37237   7  22     7.84190    -0.37623   In121
