  49 102   2  20    11.32936     2.56992   6  23     7.51124    -0.35436   In102
  49 103   2  20    13.01168     1.03380   2  20     7.59923    -0.97843   In103
  49 105   6  23    13.35273     0.97337   0   0     0.00000     0.00000   In105
  49 106   0   0     0.00000     0.00000   6  15     6.75694    -0.67940   In106
  49 107   7  22    13.57427     0.94899   7  22     7.66319    -0.30185   In107
  49 109   5  17    14.08049     0.83770   7  33     7.71527    -0.19039   In109
  49 110   7  22    12.85149     0.77400   7  22     8.09633    -0.26136   In110
  49 111   7  22    14.73397     0.64259   7  22     7.86327    -0.21091   In111
  49 112   6  22    12.61536     1.07295   6  22     6.60351    -0.00854   In112
  49 114   6  22    14.60990     0.81702   5  54     8.05885    -0.11998   In114
  49 121   0   0     0.00000     0.00000   5  17     8.73712    -0.00506   In121
  49 125   7  22    13.94560     0.71676   7  22     7.21385    -0.56127   In125
