  36  74   5  17     9.43742     1.49078   5  17     5.58194     0.24864   Kr074
  36  75   7  22     9.26269     1.97230   7  22     5.40249     0.91907   Kr075
  36  76   7  22     9.43012     1.77535   7  22     5.55537     0.56030   Kr076
  36  77   7  22     9.21756     2.26482   7  26     5.35447     1.22930   Kr077
  36  78   7  22     9.60013     1.84870   7  22     5.63394     0.64448   Kr078
  36  79   6  23     9.93713     2.21038   6  22     5.30081     1.31545   Kr079
  36  80   6  22    10.74232     1.02691   5  17     6.09150     0.07101   Kr080
  36  81   5  17    10.92627     1.97742   7  22     5.76564     1.10193   Kr081
  36  82   5  38    10.32967     1.49148   7  22     6.05198     0.23315   Kr082
  36  84   6  22     8.81879     1.61052   0   0     0.00000     0.00000   Kr084
  36  85   7  22    11.25049     0.92318   6  23     5.94558    -0.12165   Kr085
  36  87   0   0     0.00000     0.00000   7  22     6.52187    -0.56979   Kr087
  36  92   7  22    11.73546     1.27765   7  22     6.91485     0.20309   Kr092
