  57 127   2  20    14.88842     1.92410   7  27     8.09956     0.85712   La127
  57 129   6  22    15.57459     1.59769   7  22     8.20672     0.85274   La129
  57 130   0   0     0.00000     0.00000   5  17     8.95869     0.14336   La130
  57 131   5  17    16.06661     1.53698   7  22     8.52736     0.63799   La131
  57 132   0   0     0.00000     0.00000   7  22     9.19705     0.03440   La132
  57 133   7  22    16.94944     1.23367   6  15     8.69067     0.61626   La133
  57 134   0   0     0.00000     0.00000   5  17     9.08659     0.24832   La134
  57 135   5  17    17.45122     1.15492   6  15     9.04240     0.37655   La135
  57 136   6  15    16.98196     1.44165   7  27     9.18621     0.28549   La136
  57 137   6  15    18.28180     0.93549   6  15     9.52484     0.03806   La137
  57 139   6  36    15.59904     0.99172   2  26     8.57752    -0.32046   La139
  57 143   0   0     0.00000     0.00000   5  17     9.61716     0.30579   La143
  57 145   5  17    18.26053     1.43107   2  20     9.03822     0.67517   La145
  57 147   7  22    15.06358     2.12339   6  36     8.20339     1.14590   La147
  57 148   0   0     0.00000     0.00000   7  22    10.26755     0.14214   La148
