  57 127   7  22    13.92863     1.81005   7  21     7.29223     0.89865   La127
  57 128   0   0     0.00000     0.00000   7  21     8.34050    -0.56468   La128
  57 129   6  22    14.32430     1.65327   6  22     7.45821     0.76135   La129
  57 130   6  22    15.66123     0.87539   4  16     7.92644     0.08835   La130
  57 131   7  21    14.73352     1.49317   7  21     7.63591     0.59201   La131
  57 132   6  22    15.96627     0.85634   6  22     8.10884    -0.01358   La132
  57 133   4  22    15.21121     1.31620   7  22     7.85643     0.39461   La133
  57 134   7  22    16.42841     0.76578   5  17     8.00240     0.21894   La134
  57 135   7  22    15.91423     1.04066   5  17     8.03069     0.27585   La135
  57 136   7  22    15.01075     1.57462   6  15     7.95271     0.40852   La136
  57 137   7  22    16.80386     0.72372   5  17     8.41990    -0.07507   La137
  57 138   6  36    17.47886     0.55144   6  36     9.02147    -0.57314   La138
  57 139   7  33    14.06862     1.06625   7  33     7.61629    -0.43890   La139
  57 140   7  22    15.85494     0.87157   7  22     9.30713    -0.30468   La140
  57 141   0   0     0.00000     0.00000   6  15     8.67387    -0.13042   La141
  57 142   0   0     0.00000     0.00000   7  21     9.74873    -0.71933   La142
  57 143   7  22    17.64317     0.88180   7  22     8.48623     0.06989   La143
  57 144   0   0     0.00000     0.00000   7  22     9.58509    -0.53568   La144
  57 145   6  22    15.64256     1.43209   6  22     7.96316     0.50581   La145
  57 146   0   0     0.00000     0.00000   7  22     9.24692    -0.10929   La146
  57 148   7  22    19.57894     0.72745   7  22     8.62276     0.05463   La148
