  71 163   7  22    20.27090     1.34749   7  21    10.14270     0.71553   Lu163
  71 167   4  16    17.76061     0.82941   0   0     0.00000     0.00000   Lu167
  71 168   0   0     0.00000     0.00000   5  17    11.17372     0.16797   Lu168
  71 169   7  22    20.15098     1.54408   7  22    10.12864     0.83664   Lu169
  71 170   0   0     0.00000     0.00000   7  22    11.02621     0.21571   Lu170
  71 172   6  22    19.35273     1.14403   6  23     9.43817     0.25982   Lu172
  71 173   6  23    21.16666     1.43627   6  22    10.52351     0.70775   Lu173
  71 174   7  22    20.29279     0.92531   6  23    11.50118     0.07752   Lu174
  71 175   7  22    22.00560     1.34361   7  22    10.83279     0.60141   Lu175
  71 176   5  43    21.43801     0.80090   7  22    11.16814     0.01397   Lu176
  71 177   6  22    20.47690     1.25085   7  22     9.89923     0.40632   Lu177
  71 179   0   0     0.00000     0.00000   7  22    12.11787    -0.04173   Lu179
