  42  88   5  17    10.40414     1.06525   6  20     6.04476    -0.62942   Mo088
  42  89   6  15    11.97832    -0.15838   4  16     6.41067    -1.09189   Mo089
  42  90   6  15    10.15014     1.63088   6  15     5.92404    -0.12312   Mo090
  42  91   6  23    10.81720     1.01839   7  22     6.21743    -0.52670   Mo091
  42  92   6  36    10.92423     1.01874   6  23     6.48028    -0.87359   Mo092
  42  93   7  22    10.06065     1.45349   7  27     5.75800    -0.26738   Mo093
  42  94   7  22    10.41621     1.63840   6  36     6.10246    -0.07032   Mo094
  42  95   7  22    10.52901     1.52578   6  22     5.71860     0.21726   Mo095
  42  96   7  22    10.99156     1.42841   6  22     5.40390     0.03464   Mo096
  42  97   4  16    10.04045     1.93325   0   0     0.00000     0.00000   Mo097
  42  98   7  21    10.97491     1.59207   0   0     0.00000     0.00000   Mo098
  42  99   4  16    10.51279     1.92827   0   0     0.00000     0.00000   Mo099
  42 100   5  38    10.45407     1.73267   7  22     5.98932     0.43654   Mo100
  42 101   7  22    11.20266     2.23193   0   0     0.00000     0.00000   Mo101
  42 102   7  22    10.34715     1.75016   7  29     5.95891     0.53754   Mo102
  42 107   7  22    13.23672     1.21098   0   0     0.00000     0.00000   Mo107
  42 108   7  22    13.51469     1.08656   7  22     6.08324     0.13846   Mo108
