  28  56   0   0     0.00000     0.00000   6  23     4.08342    -0.42500   Ni056
  28  57   0   0     0.00000     0.00000   6  23     3.97952     0.00440   Ni057
  28  58   0   0     0.00000     0.00000   6  23     3.84803     1.09661   Ni058
  28  59   6  36     6.80953     2.09746   6  36     4.25803    -0.05641   Ni059
  28  60   6  36     6.20854     2.92186   0   0     0.00000     0.00000   Ni060
  28  61   6  23     7.00531     1.80930   6  23     4.14843     0.07490   Ni061
  28  62   5  50     6.58239     1.91026   0   0     0.00000     0.00000   Ni062
  28  63   7  22     7.55398     1.16320   7  22     4.28590    -0.23680   Ni063
  28  64   7  22     7.33484     1.43441   7  22     4.55837    -0.35748   Ni064
  28  65   7  21     7.24076     1.22462   6  22     4.01515    -0.11217   Ni065
  28  66   6  20     7.88503     1.07584   7  21     4.85961    -0.52454   Ni066
