  76 171   0   0     0.00000     0.00000   7  22    11.82356    -0.26004   Os171
  76 172   7  22    22.26406     0.97317   7  22    11.05494     0.25093   Os172
  76 174   7  22    22.47669     1.01203   5  17    10.79725     0.57122   Os174
  76 175   7  22    22.21560     1.26428   7  22    10.78879     0.62220   Os175
  76 176   7  22    23.13323     0.93473   5  17    10.69389     0.54595   Os176
  76 177   7  22    23.33069     1.10269   7  22    11.02543     0.50365   Os177
  76 178   5  17    22.87874     1.13951   5  17    11.11555     0.48772   Os178
  76 179   7  22    22.11271     1.44681   7  22    10.80981     0.74582   Os179
  76 180   7  22    23.73870     1.00101   7  22    11.45321     0.30361   Os180
  76 181   7  22    22.35104     1.45728   6  22    10.91984     0.72994   Os181
  76 182   2  26    23.56507     1.12795   7  22    11.54132     0.33988   Os182
  76 183   2  20    23.02967     1.36129   7  22    11.21094     0.60909   Os183
  76 184   7  33    23.95815     1.05122   7  22    11.64834     0.26182   Os184
  76 185   6  23    23.16340     1.39832   7  22    11.20530     0.66153   Os185
  76 186   6  23    24.13635     1.11900   7  22    11.77811     0.35297   Os186
  76 187   6  36    22.26056     1.50213   7  22    11.11540     0.67005   Os187
  76 188   6  23    23.34734     1.16535   7  22    10.98358     0.32162   Os188
  76 189   5  38    23.94290     1.31837   7  22    11.61619     0.59879   Os189
  76 190   6  36    23.15884     1.35613   7  22    11.28889     0.35059   Os190
  76 191   6  15    22.80499     1.61839   6  23    11.69725     0.71951   Os191
  76 192   2  20    24.28816     1.25262   6  23    12.06278     0.30478   Os192
  76 193   6  15    25.46375     1.24327   6  23    13.06687     0.31615   Os193
  76 194   0   0     0.00000     0.00000   6  15    12.53926     0.20713   Os194
