  76 171   0   0     0.00000     0.00000   6  22    10.48680    -0.32297   Os171
  76 172   7  22    20.24837     1.01814   5  17     9.86270     0.32603   Os172
  76 174   7  22    20.37561     1.06229   7  21     9.97237     0.26016   Os174
  76 175   7  22    19.71612     1.33621   7  21     9.61490     0.56476   Os175
  76 176   7  22    20.82988     0.98775   7  21    10.16227     0.14577   Os176
  76 177   7  22    20.38377     1.18220   7  21     9.80401     0.44848   Os177
  76 178   7  22    21.32547     0.91128   0   0     0.00000     0.00000   Os178
  76 179   7  22    19.48852     1.52809   6  22     9.55876     0.70850   Os179
  76 180   7  22    21.11762     1.05999   7  21    10.23484     0.23054   Os180
  76 181   6  22    19.72396     1.50234   6  22     9.64868     0.67558   Os181
  76 182   2  26    21.00762     1.17099   7  22    10.32568     0.24200   Os182
  76 183   7  22    20.17524     1.42650   7  22     9.86632     0.56226   Os183
  76 184   6  22    21.58639     1.06854   7  22    10.46507     0.16759   Os184
  76 185   6  22    20.02441     1.49656   6  28     9.80405     0.61516   Os185
  76 186   6  22    21.42016     1.17818   7  22    10.44993     0.25528   Os186
  76 187   7  22    19.44284     1.54335   6  22     9.64347     0.64950   Os187
  76 188   6  22    20.44474     1.23922   7  29     9.69993     0.21191   Os188
  76 189   7  22    20.38405     1.42887   7  26    10.09217     0.53096   Os189
  76 190   6  22    20.85042     1.28420   7  22     9.92175     0.27440   Os190
  76 191   6  23    19.71969     1.68216   7  22    10.13905     0.65843   Os191
  76 192   2  20    21.54490     1.30197   6  15    10.59262     0.29529   Os192
  76 193   6  15    21.55193     1.34665   6  15    10.96294     0.39755   Os193
  76 194   5  17    22.68178     1.08977   5  17    10.93155     0.10695   Os194
