  82 188   7  22    23.84918     0.42102   0   0     0.00000     0.00000   Pb188
  82 192   0   0     0.00000     0.00000   7  21    12.22703    -0.78337   Pb192
  82 194   0   0     0.00000     0.00000   7  22    12.41031    -0.82848   Pb194
  82 196   7  22    25.75303     0.28246   7  22    12.43357    -0.74296   Pb196
  82 197   7  22    25.78863     0.45465   7  33    12.32597    -0.46726   Pb197
  82 198   6  15    25.11921     0.47313   7  22    12.91762    -0.93453   Pb198
  82 201   0   0     0.00000     0.00000   6  23    13.21129    -0.85269   Pb201
  82 202   6  23    25.47448     0.84060   0   0     0.00000     0.00000   Pb202
  82 203   2  27    24.40510     0.92383   2  20    12.69751    -0.56809   Pb203
  82 204   6  36    20.41051     2.30141   6  36    13.47019    -0.62375   Pb204
  82 205   6  23    22.09141     1.88181   0   0     0.00000     0.00000   Pb205
  82 206   0   0     0.00000     0.00000   6  36    12.15518    -0.29461   Pb206
  82 208   0   0     0.00000     0.00000   6  23    13.26365    -0.26920   Pb208
  82 210   6  23    23.24123     1.13054   0   0     0.00000     0.00000   Pb210
