  46  97   6  23    10.16390     2.31261   6  23     5.84714     0.57091   Pd097
  46  98   6  23    10.55484     2.04540   2  26     6.55572    -0.41555   Pd098
  46  99   6  23    11.21466     1.45421   6  23     6.49796    -0.24674   Pd099
  46 100   6  23    11.15961     1.63531   6  23     6.49372    -0.15461   Pd100
  46 101   6  15    10.95905     1.81400   6  15     6.15177     0.40762   Pd101
  46 102   7  22    11.37117     1.61357   5  17     6.40557     0.14584   Pd102
  46 103   7  22    11.00126     1.86681   7  22     6.06652     0.62888   Pd103
  46 104   6  22    11.31740     1.80063   7  22     6.34718     0.37997   Pd104
  46 105   7  26    11.23259     1.97302   7  29     5.87625     0.84039   Pd105
  46 106   5  54    12.36897     1.49692   7  29     5.98565     0.28738   Pd106
  46 107   7  22    12.43189     1.77608   7  29     6.22661     0.80973   Pd107
  46 108   7  22    12.38138     1.38792   0   0     0.00000     0.00000   Pd108
  46 109   7  22    12.15634     2.21935   6  22     6.09763     1.31704   Pd109
  46 110   7  22    11.72803     1.70316   0   0     0.00000     0.00000   Pd110
  46 111   7  22    13.61860     1.76696   6  22     6.27321     1.00662   Pd111
  46 112   7  22    11.93266     1.56078   0   0     0.00000     0.00000   Pd112
  46 114   7  22    13.01752     1.22027   6  22     6.85571     0.20823   Pd114
  46 116   7  22    12.90666     1.30978   7  22     6.89765     0.20735   Pd116
