  61 133   7  22    15.64229     1.31257   7  22     8.25410     0.42613   Pm133
  61 139   7  22    14.98596     1.24122   6  22     7.54366     0.31625   Pm139
  61 140   7  22    15.84471     0.50964   6  22     7.83097    -0.45729   Pm140
  61 141   7  22    16.90100     0.87023   5  17     8.53389     0.06513   Pm141
  61 142   7  22    18.93603     0.08119   7  22     9.42897    -0.81911   Pm142
  61 143   7  22    18.02075     0.46331   7  21     9.12357    -0.54440   Pm143
  61 144   0   0     0.00000     0.00000   7  22     9.48918    -0.61556   Pm144
  61 145   7  22    17.30573     0.98183   7  33     8.59890     0.12481   Pm145
  61 146   7  22    17.07342     1.11116   7  22     8.54706     0.19380   Pm146
  61 147   6  22    16.59722     1.32813   6  23     8.30478     0.48833   Pm147
  61 148   4  37    18.10070     0.86295   7  22     9.08170     0.13857   Pm148
  61 149   7  22    15.47837     1.74696   6  22     7.99717     0.84194   Pm149
  61 150   6  22    17.51410     1.11560   6  22     8.45484     0.34541   Pm150
  61 151   6  22    16.12245     1.66260   7  27     8.16632     0.85624   Pm151
  61 153   7  22    16.65258     1.49094   6  22     8.37517     0.67632   Pm153
  61 155   7  22    15.37903     1.28485   0   0     0.00000     0.00000   Pm155
