  59 129   5  17    14.34629     1.94453   6  22     7.75930     0.74985   Pr129
  59 131   7  22    14.72500     1.53270   7  21     7.64187     0.65110   Pr131
  59 132   0   0     0.00000     0.00000   7  18     8.76491    -0.81096   Pr132
  59 133   5  38    14.72947     1.68973   7  21     7.61910     0.84474   Pr133
  59 135   7  22    15.69778     1.16557   6  23     8.01917     0.35150   Pr135
  59 136   6  21    17.82085     0.24446   7  22     8.77943    -0.52175   Pr136
  59 137   7  22    16.50534     0.84392   7  22     8.34124     0.01960   Pr137
  59 138   4  16    18.30366     0.48104   0   0     0.00000     0.00000   Pr138
  59 139   7  22    16.77479     0.83099   7  22     8.56356    -0.10694   Pr139
  59 140   7  22    17.88580     0.45488   7  22     9.04979    -0.52870   Pr140
  59 141   6  15    16.36090     1.17403   6  15     8.61535    -0.04790   Pr141
  59 142   7  26    15.55876     0.59265   7  22     8.69167    -0.49099   Pr142
  59 143   4  16    17.97318     0.70033   4  16     8.68524    -0.06993   Pr143
  59 145   7  22    17.76049     0.90216   7  22     8.53420     0.13290   Pr145
  59 147   6  22    16.27959     1.34716   7  21     8.06026     0.61782   Pr147
  59 148   0   0     0.00000     0.00000   7  16     9.79399    -0.24357   Pr148
