  59 129   5  17    15.66998     1.87302   7  22     8.62411     0.75892   Pr129
  59 131   7  22    15.88396     1.48035   6  23     8.36822     0.71502   Pr131
  59 133   5  38    16.20904     1.62035   7  22     8.53236     0.82998   Pr133
  59 135   7  22    17.37354     1.10083   7  22     8.98355     0.37314   Pr135
  59 137   5  17    17.73792     1.08277   6  15     9.15175     0.33210   Pr137
  59 139   0   0     0.00000     0.00000   7  22     9.66683    -0.04689   Pr139
  59 142   7  22    18.43406     0.45333   0   0     0.00000     0.00000   Pr142
  59 143   0   0     0.00000     0.00000   6  15     9.90999    -0.01726   Pr143
  59 145   0   0     0.00000     0.00000   6  15     9.70217     0.32316   Pr145
  59 147   7  22    19.10629     1.24980   7  22     9.28908     0.62380   Pr147
