  88 221   0   0     0.00000     0.00000   6  15    12.90591     0.58696   Ra221
  88 222   7  22    29.06674     1.13101   7  22    13.02647     0.53164   Ra222
  88 223   7  22    28.14438     1.29295   7  22    12.54886     0.72158   Ra223
  88 224   7  22    28.86188     1.18721   7  22    12.73750     0.63904   Ra224
  88 225   7  22    27.23703     1.44244   6  23    12.07380     0.87743   Ra225
  88 226   6  22    28.00917     1.32563   7  22    12.52848     0.77929   Ra226
  88 227   0   0     0.00000     0.00000   7  22    12.43203     0.80010   Ra227
  88 228   7  22    27.82507     1.37812   6  22    12.33538     0.86283   Ra228
  88 229   0   0     0.00000     0.00000   7  22    13.01430     0.41109   Ra229
  88 231   0   0     0.00000     0.00000   7  22    12.89496     0.45700   Ra231
