  37  75   4  16     9.72591     1.26083   4  16     5.65596     0.21234   Rb075
  37  77   5  17     9.72358     1.61134   7  22     5.78687     0.19223   Rb077
  37  78   7  22     9.80100     1.66457   7  22     5.68865     0.59766   Rb078
  37  79   6  22     9.52108     2.25841   7  22     5.49358     1.28184   Rb079
  37  80   6  22    10.44848     1.15808   5  17     5.77530     0.58948   Rb080
  37  81   7  22    10.17485     2.20694   7  22     5.88822     1.31377   Rb081
  37  83   6  23    10.25882     1.83438   6  22     5.81992     0.95963   Rb083
  37  85   7  22    11.14301     1.16478   7  22     6.28159     0.23843   Rb085
  37  86   6  19    10.33162     0.64019   2  25     6.07167    -0.62986   Rb086
  37  91   0   0     0.00000     0.00000   5  17     6.82515     0.27381   Rb091
