  75 169   7  22    20.71656     0.66710   6  22     9.98458     0.02868   Re169
  75 171   7  22    19.63793     1.24104   7  21     9.67596     0.50584   Re171
  75 173   7  22    21.15923     0.70616   6  22    10.09069     0.11451   Re173
  75 175   7  22    19.93203     1.08209   6  23     9.61191     0.36596   Re175
  75 177   6  22    20.52923     1.14180   7  21     9.95586     0.42822   Re177
  75 181   7  22    21.30335     1.03493   7  22    10.27608     0.28088   Re181
  75 183   7  22    21.57022     1.03456   7  22    10.41303     0.21892   Re183
  75 184   7  21    23.67410     0.62702   7  22    10.92516    -0.13743   Re184
  75 185   6  20    21.81915     1.03720   7  22    10.55713     0.15502   Re185
  75 186   4  35    20.57105     0.83764   6  22    10.90500    -0.05675   Re186
  75 187   7  22    20.99453     1.32817   6  22    10.31775     0.38940   Re187
  75 188   6  22    21.47950     0.81195   7  33    11.37558    -0.05792   Re188
  75 189   7  22    22.52468     0.99045   7  22    10.62374     0.20288   Re189
  75 191   7  22    22.62034     1.02603   7  22    10.64846     0.24009   Re191
