  45  93   6  15    12.18316    -0.15991   0   0     0.00000     0.00000   Rh093
  45  95   2  20    12.05788     0.13019   0   0     0.00000     0.00000   Rh095
  45  96   0   0     0.00000     0.00000   2  20     6.45440    -0.44180   Rh096
  45  97   6  15    10.71704     1.76051   6  23     6.24370    -0.03130   Rh097
  45  98   7  22    12.21508     0.59959   7  22     6.82795    -0.77275   Rh098
  45  99   2  20    11.04439     1.67967   5  17     6.18918     0.28920   Rh099
  45 100   6  23    12.00868     1.95022   2  20     5.97438     0.71047   Rh100
  45 101   6  15    11.52278     1.90598   5  38     6.22995     0.37016   Rh101
  45 102   6  36    12.61940     1.64196   7  22     7.06501     0.56832   Rh102
  45 103   2  44    11.46179     1.61609   2  27     6.14724     0.64987   Rh103
  45 104   6  22    12.10222     1.44228   6  22     6.85119     0.46599   Rh104
  45 105   6  22    11.85600     1.91143   6  22     6.44174     0.98475   Rh105
  45 107   7  22    11.55364     1.81255   6  22     6.14655     0.92033   Rh107
  45 109   7  26    11.69104     1.68609   7  29     6.24316     0.82960   Rh109
  45 111   6  22    11.46442     1.84948   6  22     6.21272     0.92548   Rh111
  45 113   6  22    11.84097     1.61860   6  22     6.39565     0.72856   Rh113
  45 115   7  22    13.30604     1.19363   7  22     6.70353     0.39942   Rh115
