  44  94   2  20    11.95144     1.14312   0   0     0.00000     0.00000   Ru094
  44  96   6  36    12.00434     1.60156   0   0     0.00000     0.00000   Ru096
  44  97   6  23    12.98504     1.18299   0   0     0.00000     0.00000   Ru097
  44  98   5  50    12.16911     1.65027   6  15     7.16443     0.15586   Ru098
  44  99   6  15    12.80759     1.46425   6  36     7.11700     0.40301   Ru099
  44 100   6  36    12.90744     1.63321   5  38     6.57207     0.38752   Ru100
  44 101   7  27    13.25058     1.92258   7  22     6.96893     0.97396   Ru101
  44 102   0   0     0.00000     0.00000   7  22     6.55221     0.34794   Ru102
  44 103   2  27    13.88938     2.05137   7  22     6.87453     1.30880   Ru103
  44 104   6  22    13.10545     1.54397   7  22     7.13327     0.57054   Ru104
  44 105   0   0     0.00000     0.00000   7  22     6.82884     1.23442   Ru105
  44 106   7  22    14.27542     1.20258   7  22     7.42934     0.36431   Ru106
  44 107   6  22    11.38988     2.22633   6  22     6.37496     1.36739   Ru107
  44 108   7  22    13.33256     1.54562   7  22     7.13309     0.69214   Ru108
  44 109   7  22    12.39360     1.87725   7  22     6.42597     1.14155   Ru109
  44 110   7  22    13.39498     1.60215   7  22     7.14685     0.75386   Ru110
  44 111   7  22    11.86357     2.06157   6  23     6.18856     1.26402   Ru111
  44 112   7  22    14.20380     1.40227   7  22     7.41045     0.56562   Ru112
