  51 109   6  15    13.43403     0.58142   6  15     7.35246    -0.72570   Sb109
  51 111   7  22    14.28450     0.16054   7  22     7.62689    -0.96110   Sb111
  51 112   6  23    13.43408     0.90385   6  23     7.18294    -0.20544   Sb112
  51 113   7  21    14.73839     0.10330   7  21     7.70777    -0.87743   Sb113
  51 114   7  26    13.98903     0.74415   7  22     7.30834    -0.21093   Sb114
  51 115   7  26    15.35976    -0.04489   6  17     7.75375    -0.76658   Sb115
  51 116   6  22    14.26251     0.74504   6  22     7.05630    -0.21010   Sb116
  51 117   4  22    14.12361     0.85201   7  22     7.34828    -0.05203   Sb117
  51 118   4  37    14.58731     0.97009   5  38     7.69608     0.07076   Sb118
  51 119   6  22    14.13232     0.99660   6  22     7.36990     0.06255   Sb119
  51 120   6  22    14.82415     0.98292   6  22     7.35660     0.09298   Sb120
  51 121   6  22    14.73688     0.79949   6  22     7.57346    -0.06534   Sb121
  51 122   7  26    13.45757     1.42883   7  22     7.61591     0.37271   Sb122
  51 123   6  22    15.48355     0.57077   7  22     7.92241    -0.34778   Sb123
  51 124   6  22    13.31183     1.54147   7  22     7.69126     0.37328   Sb124
  51 125   7  22    15.71800     0.59293   7  21     8.17335    -0.48225   Sb125
  51 127   7  22    16.30823     0.54929   7  22     8.53899    -0.63110   Sb127
  51 129   6  36    15.23195     1.06312   6  36     8.66943    -0.60504   Sb129
  51 130   6  23    15.70240     0.92283   6  23     9.13831    -0.85379   Sb130
  51 131   6  23    13.35505     2.52528   6  23     7.47731     0.36604   Sb131
  51 133   0   0     0.00000     0.00000   6  23     7.11512     0.63756   Sb133
  51 135   0   0     0.00000     0.00000   6  23     8.11473    -0.01201   Sb135
