  62 138   0   0     0.00000     0.00000   7  21     9.79748    -0.46675   Sm138
  62 139   0   0     0.00000     0.00000   6  15     9.37464     0.26535   Sm139
  62 141   0   0     0.00000     0.00000   5  17     9.50785     0.26516   Sm141
  62 145   7  22    17.75557     0.47982   6  22     8.90835    -0.57671   Sm145
  62 147   0   0     0.00000     0.00000   6  15     9.82592     0.33474   Sm147
  62 148   7  22    19.18487     1.03501   7  22     8.63468     0.11956   Sm148
  62 149   0   0     0.00000     0.00000   7  22     9.87265     0.63777   Sm149
  62 150   7  22    19.99718     1.22998   7  29     8.58246     0.47174   Sm150
  62 151   5  38    19.91349     1.86083   6  22     9.19217     1.20375   Sm151
  62 152   5  54    19.09909     1.55236   0   0     0.00000     0.00000   Sm152
  62 153   7  22    18.43715     1.97660   6  22     8.74615     1.25061   Sm153
  62 154   6  22    18.70180     1.55628   7  21     9.48297     0.75480   Sm154
  62 155   7  22    20.21062     1.24361   7  21     9.03915     0.60362   Sm155
  62 156   7  22    19.48326     1.40944   7  22     9.70325     0.61996   Sm156
