  50 107   2  20    12.75677     0.96195   2  20     7.11347    -0.52970   Sn107
  50 108   7  22    14.05686     0.15441   0   0     0.00000     0.00000   Sn108
  50 109   6  15    12.67301     1.19367   6  15     6.94359    -0.09789   Sn109
  50 110   7  22    12.94287     1.08698   7  22     7.27466    -0.47598   Sn110
  50 111   7  22    13.27080     0.97307   5  17     7.02507    -0.07079   Sn111
  50 112   7  22    13.43879     0.91489   4  22     7.42349    -0.50571   Sn112
  50 113   7  22    14.30225     0.80120   7  22     7.29110    -0.14087   Sn113
  50 114   5  54    13.74338     0.88040   7  22     7.61112    -0.58218   Sn114
  50 115   7  26    13.76303     0.62814   6  22     6.99774    -0.49648   Sn115
  50 116   7  22    14.41363     0.69333   7  22     7.74845    -0.56965   Sn116
  50 117   4  16    14.02321     0.62511   7  22     6.61981    -0.13719   Sn117
  50 118   5  54    13.11841     0.98018   7  36     6.41513    -0.43188   Sn118
  50 119   7  22    12.90483     1.13885   7  22     6.47540     0.06965   Sn119
  50 120   6  22    12.91758     1.08790   0   0     0.00000     0.00000   Sn120
  50 121   7  22    12.74700     1.21196   0   0     0.00000     0.00000   Sn121
  50 122   6  23    14.40152     1.06502   6  22     7.89513    -0.34403   Sn122
  50 123   6  22    12.82255     1.03647   0   0     0.00000     0.00000   Sn123
  50 124   5  17    14.19679     1.26343   7  22     7.97116    -0.29523   Sn124
  50 125   7  22    13.95150     0.90572   6  15     7.39293    -0.35327   Sn125
  50 126   6  23    13.84667     1.52945   6  23     8.02660    -0.24740   Sn126
  50 127   0   0     0.00000     0.00000   6  23     8.28903    -0.37655   Sn127
  50 128   6  23    15.10113     1.07739   6  23     9.19466    -0.96260   Sn128
  50 129   2  20    13.53963     1.79411   0   0     0.00000     0.00000   Sn129
  50 130   6  20    17.04033     0.49777   6  20     9.25549    -1.83241   Sn130
