  38  77   4  16     9.62942     0.41983   4  16     5.39473    -0.64709   Sr077
  38  78   7  21     9.25560     1.04501   5  17     5.24566    -0.13308   Sr078
  38  79   5  17     8.64884     2.00667   6  22     5.03396     0.48858   Sr079
  38  80   7  22     9.20185     1.43816   6  22     5.27298     0.07700   Sr080
  38  81   7  22     8.56238     2.28814   6  22     4.81691     1.18959   Sr081
  38  82   7  22     9.50207     1.33049   7  22     5.44233    -0.05926   Sr082
  38  83   7  22     8.79007     2.18917   6  22     4.95161     1.03151   Sr083
  38  84   6  22     9.78523     1.24489   7  22     5.61213    -0.18541   Sr084
  38  85   7  22     9.71058     1.66429   6  22     5.22248     0.40611   Sr085
  38  86   7  22     9.93729     1.31498   7  22     5.77312    -0.26121   Sr086
  38  87   5  54     9.14341     0.84335   6  22     4.91173    -0.75747   Sr087
  38  88   2  18     9.68658     0.34059   7  36     4.99544    -1.69340   Sr088
  38  89   7  26    10.71839    -0.12538   7  22     5.69490    -1.64035   Sr089
  38  90   7  33    11.20433     0.80866   7  22     6.51327    -0.71210   Sr090
  38  92   0   0     0.00000     0.00000   4  16     6.10353    -0.26406   Sr092
  38  93   0   0     0.00000     0.00000   7  22     6.45347    -0.40865   Sr093
  38  94   7  22    11.15650     1.09674   4  22     6.30668    -0.27339   Sr094
  38  95   0   0     0.00000     0.00000   7  22     6.11424    -0.12503   Sr095
  38  96   7  22    10.13561     1.51322   7  22     5.39971     0.26217   Sr096
