  38  78   5  17    10.04222     1.28339   5  17     5.92456    -0.03398   Sr078
  38  79   7  22    10.16785     1.46526   7  22     5.83263     0.47850   Sr079
  38  80   7  22    10.29588     1.35477   7  22     6.00868     0.12983   Sr080
  38  81   7  22     9.73427     2.17611   7  22     5.58531     1.19798   Sr081
  38  82   7  22    10.69112     1.23860   7  22     6.19256     0.04552   Sr082
  38  83   2  23    10.15530     1.96367   7  22     5.76229     1.04223   Sr083
  38  84   6  20    10.89342     1.15509   6  15     6.24245     0.07265   Sr084
  38  85   7  22    11.26043     1.52132   7  22     6.04606     0.55843   Sr085
  38  86   5  17    10.91536     1.28804   7  22     6.49892    -0.19841   Sr086
  38  87   7  22    11.03848     0.48295   7  53     5.89409    -0.71853   Sr087
  38  88   6  15    10.86748     0.21042   6  38     5.73579    -1.58066   Sr088
  38  95   0   0     0.00000     0.00000   2  20     7.07033     0.22748   Sr095
  38  96   7  22    12.77007     1.34471   0   0     0.00000     0.00000   Sr096
