  73 167   7  22    20.61007     1.38138   6  22    10.31620     0.74941   Ta167
  73 169   7  22    20.35565     1.57346   7  21    10.24784     0.88992   Ta169
  73 171   6  22    20.68656     1.53190   6  22    10.37337     0.84291   Ta171
  73 172   0   0     0.00000     0.00000   7  22    11.50709    -0.04289   Ta172
  73 175   7  22    21.91776     1.28392   7  22    10.70270     0.66186   Ta175
  73 177   7  22    21.83050     1.42918   7  22    10.78533     0.72991   Ta177
  73 179   2  26    21.88977     1.31827   6  23    10.81583     0.56687   Ta179
  73 180   0   0     0.00000     0.00000   5  38    11.79187     0.10520   Ta180
  73 181   0   0     0.00000     0.00000   5  15    11.55250     0.40731   Ta181
  73 182   4  37    21.76693     0.87700   5  38    11.49451     0.03957   Ta182
  73 183   7  22    21.11785     1.11644   7  22    10.16874     0.32452   Ta183
  73 185   0   0     0.00000     0.00000   5  17    11.97688     0.11179   Ta185
