  65 143   0   0     0.00000     0.00000   7  21    10.10091    -0.78189   Tb143
  65 147   7  22    18.30181     0.48144   7  22     9.36897    -0.55415   Tb147
  65 148   0   0     0.00000     0.00000   7  22     9.75933    -0.75695   Tb148
  65 149   7  22    17.61297     1.29327   5  17     9.22061     0.47257   Tb149
  65 151   7  21    18.15413     1.08460   7  22     9.35378     0.34831   Tb151
  65 153   7  26    16.65775     1.63759   0   0     0.00000     0.00000   Tb153
  65 155   7  22    17.04358     1.59678   0   0     0.00000     0.00000   Tb155
  65 156   0   0     0.00000     0.00000   7  27     9.23449     0.05609   Tb156
  65 157   7  22    17.39548     1.49896   0   0     0.00000     0.00000   Tb157
  65 158   5  54    18.93649     0.99332   7  29     9.10155     0.25603   Tb158
  65 159   7  22    17.58574     1.47379   2  27     8.73436     0.67438   Tb159
  65 160   4  16    17.12305     1.22911   4  16     9.09285     0.32144   Tb160
  65 161   6  22    18.28475     1.27563   6  21     8.95397     0.50479   Tb161
  65 162   0   0     0.00000     0.00000   7  22    10.24683    -0.45069   Tb162
  65 163   7  22    20.26060     0.83938   7  22     9.36648     0.15209   Tb163
