  43  89   4  16     8.93751     1.30102   7  22     5.17134    -1.21421   Tc089
  43  91   6  15    10.91621     1.23261   6  15     6.13763    -0.19865   Tc091
  43  92   6  15    11.30259     0.63308   6  15     6.48168    -0.93277   Tc092
  43  93   6  23    11.16352     1.24895   6  23     6.48321    -0.54277   Tc093
  43  94   7  22    10.02943     0.72839   2  26     6.53852    -0.69821   Tc094
  43  95   6  15    10.15198     2.02100   6  15     5.79400     0.51646   Tc095
  43  97   7  22    10.11242     2.42820   7  22     5.57433     1.08546   Tc097
  43  98   6  23    10.81977     1.62827   6  22     5.95897     0.45374   Tc098
  43  99   6  22    10.57285     1.97697   6  22     5.76410     0.88676   Tc099
  43 100   7  22    11.75408     1.52023   7  22     6.63543     0.52427   Tc100
  43 101   7  22    10.45154     2.22284   6  22     5.69218     1.20638   Tc101
  43 102   6  22    12.38063     1.00244   7  22     6.33939     0.13382   Tc102
  43 103   7  22    10.70038     1.94813   0   0     0.00000     0.00000   Tc103
  43 104   0   0     0.00000     0.00000   7  19     6.93065    -0.36183   Tc104
  43 105   7  22    10.59360     2.06856   0   0     0.00000     0.00000   Tc105
  43 106   0   0     0.00000     0.00000   7  16     6.90033    -0.23047   Tc106
  43 107   7  22    11.68273     1.44746   7  21     6.08455     0.71586   Tc107
