  43  89   6  15     9.91981     1.17635   5  17     5.54893    -0.30720   Tc089
  43  91   6  15    11.36049     1.20865   6  15     6.55275    -0.14702   Tc091
  43  93   6  23    11.60483     1.22632   6  23     6.90654    -0.48808   Tc093
  43  94   7  22    11.17971     0.63093   0   0     0.00000     0.00000   Tc094
  43  95   6  23    10.81140     1.99614   6  15     6.35988     0.55399   Tc095
  43  96   7  22    10.19771     1.67746   6  23     5.67265     0.20606   Tc096
  43  97   7  22    10.85026     2.35307   7  22     6.13364     1.11935   Tc097
  43  98   6  36    12.22109     1.44845   6  23     6.78843     0.46629   Tc098
  43  99   6  22    11.52690     1.90426   6  23     6.41083     0.93562   Tc099
  43 101   7  22    11.86517     2.10758   7  21     6.52736     1.24178   Tc101
  43 102   0   0     0.00000     0.00000   7  22     7.24004     0.18517   Tc102
  43 103   7  22    12.25584     1.84345   4  16     6.65529     1.14828   Tc103
  43 105   7  22    11.99392     1.97184   7  22     6.63655     1.18775   Tc105
  43 107   7  22    14.14202     1.31733   7  22     7.02759     0.78879   Tc107
