  52 109   6  15    13.50832     0.60101   6  15     7.44446    -0.77436   Te109
  52 110   6  15    13.76558     0.43683   4  16     7.61511    -1.02004   Te110
  52 111   0   0     0.00000     0.00000   4  16     8.01252    -1.26105   Te111
  52 114   7  22    13.94615     0.70358   4  16     7.16242    -0.04017   Te114
  52 115   0   0     0.00000     0.00000   4  16     8.04330    -0.90578   Te115
  52 116   7  22    14.85786     0.34036   7  22     7.89146    -0.84469   Te116
  52 117   7  22    13.66261     1.13924   7  22     7.07242     0.22879   Te117
  52 118   6  22    13.55904     1.29193   6  22     7.19135     0.21966   Te118
  52 119   0   0     0.00000     0.00000   6  22     6.79547     0.68015   Te119
  52 120   6  22    14.22428     1.01752   7  22     7.52684    -0.10058   Te120
  52 121   7  22    12.77315     1.79698   7  22     6.77479     0.78209   Te121
  52 122   7  22    14.46501     1.02195   7  22     7.61619    -0.07392   Te122
  52 123   6  22    13.50672     1.56161   7  22     6.85673     0.55227   Te123
  52 124   4  16    14.10073     1.07546   6  22     6.76547    -0.05177   Te124
  52 125   7  22    14.28728     1.50697   7  22     7.33080     0.51279   Te125
  52 126   7  22    14.38837     1.17410   7  29     7.19871    -0.20062   Te126
  52 127   7  22    14.29429     1.33980   7  22     7.45368     0.24349   Te127
  52 128   6  36    14.46827     1.37178   7  33     8.04278    -0.17292   Te128
  52 129   6  15    14.07745     1.57076   6  23     7.85979     0.17109   Te129
  52 130   6  23    14.63550     1.39296   2  20     8.15835    -0.18489   Te130
  52 132   6  23    14.58994     1.52339   6  23     8.75034    -0.55561   Te132
  52 133   2  20    15.44473     1.15927   2  20     9.25128    -0.83271   Te133
  52 134   2  20    16.61002     0.78174   0   0     0.00000     0.00000   Te134
  52 138   6  15    14.32254     1.54194   0   0     0.00000     0.00000   Te138
