  52 114   5  17    14.90354     0.97457   5  17     8.09396    -0.04371   Te114
  52 117   0   0     0.00000     0.00000   5  17     7.97976     0.50910   Te117
  52 118   7  22    15.22398     1.23332   7  22     8.13900     0.28635   Te118
  52 119   0   0     0.00000     0.00000   7  22     7.81975     0.75312   Te119
  52 120   0   0     0.00000     0.00000   7  22     8.54967    -0.00083   Te120
  52 121   5  38    14.88065     1.64491   7  22     7.84406     0.82517   Te121
  52 122   0   0     0.00000     0.00000   7  22     8.65539     0.04382   Te122
  52 123   7  22    16.06030     1.40713   6  22     7.96122     0.62854   Te123
  52 124   7  22    15.67593     1.19106   5  38     7.82427    -0.01076   Te124
  52 125   6  15    16.49262     1.53892   6  15     8.46537     0.70619   Te125
  52 126   7  33    16.59815     1.05773   5  38     8.33057    -0.12365   Te126
  52 127   5  38    16.94648     1.25476   7  27     8.83335     0.28829   Te127
  52 128   6  23    16.83990     1.18182   0   0     0.00000     0.00000   Te128
  52 129   6  36    17.09160     1.32562   0   0     0.00000     0.00000   Te129
  52 130   6  23    16.93792     1.26280   0   0     0.00000     0.00000   Te130
  52 132   6  23    16.83196     1.42069   0   0     0.00000     0.00000   Te132
  52 135   6  23    17.67495     1.29244   0   0     0.00000     0.00000   Te135
