  81 181   4  16    19.98452    -0.01658   0   0     0.00000     0.00000   Tl181
  81 187   0   0     0.00000     0.00000   7  22    11.28169    -0.32370   Tl187
  81 189   0   0     0.00000     0.00000   7  22    11.22843    -0.18185   Tl189
  81 194   0   0     0.00000     0.00000   7  22    12.39465    -0.74622   Tl194
  81 195   7  22    25.75599     0.19677   7  22    12.20689    -0.65014   Tl195
  81 197   0   0     0.00000     0.00000   6  15    12.56269    -0.77244   Tl197
  81 198   0   0     0.00000     0.00000   7  22    12.89225    -0.86455   Tl198
  81 199   6  28    26.26082     0.24259   6  23    12.92772    -0.89049   Tl199
  81 201   6  23    24.88274     0.67104   6  23    12.83441    -0.73867   Tl201
  81 203   6  23    22.51716     1.45513   6  23    11.45096     0.03622   Tl203
  81 205   0   0     0.00000     0.00000   6  36    12.12359    -0.18967   Tl205
  81 207   6  23    25.10576     0.88972   0   0     0.00000     0.00000   Tl207
  81 208   6  23    25.11542     0.93983   0   0     0.00000     0.00000   Tl208
