  74 168   7  22    18.89163     0.61049   0   0     0.00000     0.00000   W168
  74 170   7  22    19.29108     1.05218   6  23     9.48608     0.13719   W170
  74 171   7  21    22.72920     0.57446   7  21    10.04900     0.00050   W171
  74 175   7  22    20.00719     1.22130   7  21     9.62148     0.46990   W175
  74 176   6  22    19.69148     1.38556   7  21     9.77789     0.46115   W176
  74 177   7  22    19.27273     1.48086   7  21     9.44084     0.67419   W177
  74 178   7  22    19.74842     1.42873   6  22     9.80310     0.49139   W178
  74 179   0   0     0.00000     0.00000   7  22     9.57988     0.61628   W179
  74 180   7  22    20.18496     1.33873   7  22     9.99513     0.37646   W180
  74 181   6  22    18.83987     1.45299   6  21     9.27726     0.53634   W181
  74 182   7  22    21.05526     1.15064   7  22    10.31355     0.18253   W182
  74 183   6  22    18.36132     1.42890   0   0     0.00000     0.00000   W183
  74 184   7  26    18.71222     1.58423   0   0     0.00000     0.00000   W184
  74 185   7  22    20.32656     1.19546   7  26     9.63405     0.34479   W185
  74 186   7  22    19.98068     1.49739   7  22     9.92183     0.51094   W186
  74 187   7  22    20.46548     1.29163   7  26     9.76467     0.41969   W187
  74 188   7  22    21.84085     1.12815   6  22    10.28749     0.27872   W188
