  54 113   0   0     0.00000     0.00000   4  16     7.76211    -0.91614   Xe113
  54 114   5  17    13.97130     0.61754   4  16     7.54619    -0.64000   Xe114
  54 115   4  16    15.22620     0.11717   4  16     7.75025    -0.72358   Xe115
  54 116   7  22    14.35940     0.53265   7  22     7.75569    -0.75336   Xe116
  54 117   7  22    12.43352     2.04166   7  21     6.66364     0.96604   Xe117
  54 118   5  17    13.22358     1.59647   5  17     7.09289     0.45997   Xe118
  54 119   7  26    12.67792     1.95072   6  22     6.71252     0.97946   Xe119
  54 120   6  22    13.58305     1.45989   6  23     7.19507     0.43125   Xe120
  54 121   7  22    12.76569     1.97887   6  22     6.81249     0.91099   Xe121
  54 122   6  22    14.62673     0.90150   5  17     7.45671     0.12847   Xe122
  54 123   6  22    13.10478     1.83213   6  22     6.89120     0.86724   Xe123
  54 124   6  22    14.31500     1.23878   6  22     7.52718     0.17996   Xe124
  54 125   6  36    16.55815     1.59533   6  22     7.03043     0.75453   Xe125
  54 126   6  22    14.56012     1.22188   7  22     7.69317     0.10059   Xe126
  54 127   0   0     0.00000     0.00000   7  22     8.89622     0.72411   Xe127
  54 128   4  22    14.93176     1.14334   7  22     7.92108    -0.04302   Xe128
  54 129   7  26    13.20244     1.70761   0   0     0.00000     0.00000   Xe129
  54 130   4  22    14.32824     1.26925   7  22     7.19823    -0.12517   Xe130
  54 131   5  17    16.84467     1.25207   6  23     8.76388     0.31158   Xe131
  54 132   5  17    14.45441     1.33744   7  22     7.50833    -0.22239   Xe132
  54 133   6  23    17.04525     0.84064   6  23     9.12262    -0.28760   Xe133
  54 134   6  23    15.16428     1.35283   6  23     8.51698    -0.31067   Xe134
  54 136   2  20    16.22248     0.96083   0   0     0.00000     0.00000   Xe136
  54 138   6  23    15.92283     1.17362   6  23     9.12876    -0.43845   Xe138
  54 139   2  20    15.90200     1.18387   7  22     8.84945    -0.25569   Xe139
  54 140   0   0     0.00000     0.00000   5  17     8.93742    -0.30434   Xe140
