  70 160   7  22    19.40886     1.28625   7  21     9.79636     0.45785   Yb160
  70 161   0   0     0.00000     0.00000   6  15    10.59602     0.22436   Yb161
  70 162   7  22    20.14840     1.37767   7  21    10.14725     0.62695   Yb162
  70 163   7  22    20.02073     1.50477   7  22     9.87222     0.85318   Yb163
  70 164   7  22    20.53454     1.33242   7  22    10.23460     0.60137   Yb164
  70 165   7  22    20.13100     1.52620   7  22     9.96379     0.84301   Yb165
  70 166   7  22    20.72446     1.34949   7  22    10.31915     0.61878   Yb166
  70 167   7  22    19.21621     1.82717   7  22     9.79215     1.04189   Yb167
  70 168   7  22    20.10359     1.63331   7  22    10.26213     0.74975   Yb168
  70 169   6  36    22.41308     1.40849   7  22    10.67398     0.74059   Yb169
  70 170   6  22    17.79410     1.85171   0   0     0.00000     0.00000   Yb170
  70 171   7  22    20.22880     1.33835   7  22     9.71528     0.55597   Yb171
  70 172   5  38    19.96626     1.55088   7  22     9.45365     0.57183   Yb172
  70 173   7  22    19.74889     1.32857   7  22     9.53565     0.52606   Yb173
  70 174   7  22    21.01395     1.19296   6  22     9.42798     0.29245   Yb174
  70 175   5  38    19.70967     1.32340   6  22     9.32464     0.55063   Yb175
  70 176   6  23    21.96850     1.44857   7  22    11.08770     0.58571   Yb176
  70 177   7  22    19.75248     1.40664   7  22     9.40333     0.59013   Yb177
