  70 160   6  22    17.52438     1.35946   0   0     0.00000     0.00000   Yb160
  70 162   7  22    18.13115     1.43929   0   0     0.00000     0.00000   Yb162
  70 163   7  22    17.48583     1.58945   0   0     0.00000     0.00000   Yb163
  70 164   7  22    18.41591     1.39556   0   0     0.00000     0.00000   Yb164
  70 165   7  22    17.54349     1.61608   0   0     0.00000     0.00000   Yb165
  70 166   6  22    18.51927     1.42428   0   0     0.00000     0.00000   Yb166
  70 167   7  22    16.89669     1.92150   7  29     8.67983     0.93300   Yb167
  70 168   7  22    17.99661     1.70708   0   0     0.00000     0.00000   Yb168
  70 169   6  22    19.23164     1.49255   4  16     9.25970     0.77060   Yb169
  70 171   7  29    17.47681     1.41455   0   0     0.00000     0.00000   Yb171
  70 172   7  26    17.48061     1.66213   0   0     0.00000     0.00000   Yb172
  70 173   7  22    17.14486     1.38291   0   0     0.00000     0.00000   Yb173
  70 174   6  22    17.71613     1.42413   0   0     0.00000     0.00000   Yb174
  70 176   7  22    18.81767     1.54894   7  22     9.71305     0.51026   Yb176
  70 178   0   0     0.00000     0.00000   7  22    10.86390    -0.27143   Yb178
