  30  60   2  20     6.81255     1.73147   6  23     4.63101    -1.37510   Zn060
  30  61   2  20     6.46762     2.49677   2  20     4.14321     0.21844   Zn061
  30  62   6  23     6.68639     2.36583   6  23     4.30065    -0.08014   Zn062
  30  63   2  20     6.82274     2.11520   7  27     4.21474     0.26431   Zn063
  30  64   6  23     6.94556     2.19828   6  36     4.30931     0.24595   Zn064
  30  65   6  36     7.96108     2.00459   7  22     4.62452     0.53384   Zn065
  30  66   7  22     7.44754     1.63881   2  44     4.48821     0.02059   Zn066
  30  67   7  22     7.44066     1.92470   7  22     4.11041     0.65352   Zn067
  30  68   6  22     7.39424     1.60299   0   0     0.00000     0.00000   Zn068
  30  69   6  22     7.57530     1.75600   7  22     4.08906     0.60684   Zn069
  30  70   6  22     7.87400     1.54807   6  23     4.65875     0.12477   Zn070
  30  71   0   0     0.00000     0.00000   7  22     4.89171    -0.31808   Zn071
  30  72   7  22     7.93803     1.62124   7  22     4.72108     0.18145   Zn072
  30  75   7  22     8.85480     1.08840   7  22     4.86630     0.04139   Zn075
