   8.000    
   8.500    
   9.000    
   9.500    
   10.00    
   10.50    
   11.00    
   11.50    
   12.00    
   12.50    
   13.00    
   13.50    
   14.00    
   14.50    
   15.00    
   15.50    
   16.00    
   16.50    
   17.00    
   17.50    
   18.00    
   18.50    
   19.00    
   19.50    
   20.00    
   20.50    
   21.00    
   21.50    
   22.00    
   22.50    
   23.00    
   23.50    
   24.00    
   24.50    
   25.00    
   25.50    
   26.00    
   26.50    
   27.00    
   27.50    
   28.00    
   28.50    
   29.00    
   29.50    
   30.00    
