  225   0  0 
  0.1 5.88611E-08
  0.2 6.94204E-08
  0.3 8.17830E-08
  0.4 9.62402E-08
  0.5 1.13127E-07
  0.6 1.32830E-07
  0.7 1.55791E-07
  0.8 1.82518E-07
  0.9 2.13592E-07
  1.0 2.49680E-07
  1.1 2.91541E-07
  1.2 3.40042E-07
  1.3 3.96172E-07
  1.4 4.61053E-07
  1.5 5.35965E-07
  1.6 6.22358E-07
  1.7 7.21872E-07
  1.8 8.36369E-07
  1.9 9.67949E-07
  2.0 1.11899E-06
  2.1 1.29216E-06
  2.2 1.49047E-06
  2.3 1.71731E-06
  2.4 1.97647E-06
  2.5 2.27222E-06
  2.6 2.60933E-06
  2.7 2.99311E-06
  2.8 3.42954E-06
  2.9 3.92523E-06
  3.0 4.48758E-06
  3.1 5.12481E-06
  3.2 5.84600E-06
  3.3 6.66130E-06
  3.4 7.58185E-06
  3.5 8.62006E-06
  3.6 9.78954E-06
  3.7 1.11053E-05
  3.8 1.25840E-05
  3.9 1.42437E-05
  4.0 1.61044E-05
  4.1 1.81879E-05
  4.2 2.05183E-05
  4.3 2.31214E-05
  4.4 2.60259E-05
  4.5 2.92627E-05
  4.6 3.28656E-05
  4.7 3.68710E-05
  4.8 4.13187E-05
  4.9 4.62514E-05
  5.0 5.17155E-05
  5.1 5.77610E-05
  5.2 6.44416E-05
  5.3 7.18149E-05
  5.4 7.99430E-05
  5.5 8.88923E-05
  5.6 9.87336E-05
  5.7 1.09543E-04
  5.8 1.21400E-04
  5.9 1.34392E-04
  6.0 1.48608E-04
  6.1 1.64146E-04
  6.2 1.81108E-04
  6.3 1.99600E-04
  6.4 2.19736E-04
  6.5 2.41634E-04
  6.6 2.65420E-04
  6.7 2.91224E-04
  6.8 3.19181E-04
  6.9 3.49434E-04
  7.0 3.82129E-04
  7.1 4.17420E-04
  7.2 4.55463E-04
  7.3 4.96421E-04
  7.4 5.40462E-04
  7.5 5.87757E-04
  7.6 6.38481E-04
  7.7 6.92812E-04
  7.8 7.50931E-04
  7.9 8.13022E-04
  8.0 8.79270E-04
  8.1 9.49860E-04
  8.2 1.02498E-03
  8.3 1.10481E-03
  8.4 1.18953E-03
  8.5 1.27933E-03
  8.6 1.37438E-03
  8.7 1.47485E-03
  8.8 1.58091E-03
  8.9 1.69272E-03
  9.0 1.81042E-03
  9.1 1.93415E-03
  9.2 2.06405E-03
  9.3 2.20022E-03
  9.4 2.34278E-03
  9.5 2.49179E-03
  9.6 2.64735E-03
  9.7 2.80949E-03
  9.8 2.97825E-03
  9.9 3.15365E-03
 10.0 3.33566E-03
 10.1 3.52426E-03
 10.2 3.71939E-03
 10.3 3.92096E-03
 10.4 4.12887E-03
 10.5 4.34297E-03
 10.6 4.56310E-03
 10.7 4.78907E-03
 10.8 5.02065E-03
 10.9 5.25758E-03
 11.0 5.49957E-03
 11.1 5.74632E-03
 11.2 5.99746E-03
 11.3 6.25264E-03
 11.4 6.51143E-03
 11.5 6.77340E-03
 11.6 7.03809E-03
 11.7 7.30500E-03
 11.8 7.57361E-03
 11.9 7.84338E-03
 12.0 8.11374E-03
 12.1 8.38410E-03
 12.2 8.65384E-03
 12.3 8.92235E-03
 12.4 9.18896E-03
 12.5 9.45304E-03
 12.6 9.71391E-03
 12.7 9.97089E-03
 12.8 1.02233E-02
 12.9 1.04705E-02
 13.0 1.07117E-02
 13.1 1.09463E-02
 13.2 1.11737E-02
 13.3 1.13930E-02
 13.4 1.16038E-02
 13.5 1.18054E-02
 13.6 1.19972E-02
 13.7 1.21785E-02
 13.8 1.23488E-02
 13.9 1.25076E-02
 14.0 1.26544E-02
 14.1 1.27887E-02
 14.2 1.29100E-02
 14.3 1.30180E-02
 14.4 1.31124E-02
 14.5 1.31928E-02
 14.6 1.32589E-02
 14.7 1.33106E-02
 14.8 1.33476E-02
 14.9 1.33699E-02
 15.0 1.33773E-02
 15.1 1.33699E-02
 15.2 1.33476E-02
 15.3 1.33106E-02
 15.4 1.32589E-02
 15.5 1.31928E-02
 15.6 1.31124E-02
 15.7 1.30180E-02
 15.8 1.29100E-02
 15.9 1.27887E-02
 16.0 1.26544E-02
 16.1 1.25076E-02
 16.2 1.23488E-02
 16.3 1.21785E-02
 16.4 1.19972E-02
 16.5 1.18054E-02
 16.6 1.16038E-02
 16.7 1.13930E-02
 16.8 1.11737E-02
 16.9 1.09463E-02
 17.0 1.07117E-02
 17.1 1.04705E-02
 17.2 1.02233E-02
 17.3 9.97089E-03
 17.4 9.71391E-03
 17.5 9.45304E-03
 17.6 9.18896E-03
 17.7 8.92234E-03
 17.8 8.65384E-03
 17.9 8.38410E-03
 18.0 8.11374E-03
 18.1 7.84338E-03
 18.2 7.57361E-03
 18.3 7.30499E-03
 18.4 7.03809E-03
 18.5 6.77340E-03
 18.6 6.51143E-03
 18.7 6.25263E-03
 18.8 5.99746E-03
 18.9 5.74632E-03
 19.0 5.49957E-03
 19.1 5.25757E-03
 19.2 5.02064E-03
 19.3 4.78907E-03
 19.4 4.56310E-03
 19.5 4.34297E-03
 19.6 4.12887E-03
 19.7 3.92096E-03
 19.8 3.71938E-03
 19.9 3.52426E-03
 20.0 3.33566E-03
 20.1 3.15364E-03
 20.2 2.97825E-03
 20.3 2.80949E-03
 20.4 2.64735E-03
 20.5 2.49179E-03
 20.6 2.34278E-03
 20.7 2.20022E-03
 20.8 2.06405E-03
 20.9 1.93415E-03
 21.0 1.81042E-03
 21.1 1.69272E-03
 21.2 1.58091E-03
 21.3 1.47485E-03
 21.4 1.37438E-03
 21.5 1.27933E-03
 21.6 1.18953E-03
 21.7 1.10481E-03
 21.8 1.02498E-03
 21.9 9.49860E-04
 22.0 8.79270E-04
 22.1 8.13022E-04
 22.2 7.50931E-04
 22.3 6.92811E-04
 22.4 6.38481E-04
 22.5 5.87757E-04
