  GROUP      UPPER       LOWER         LETHARGY         DATA        DATA/LETHARGY

     1     2.0000E+07  1.9900E+07     5.0125E-03     1.4153E-14     2.8235E-12
     2     1.9900E+07  1.9800E+07     5.0378E-03     8.1511E-15     1.6180E-12
     3     1.9800E+07  1.9700E+07     5.0633E-03     1.9107E-14     3.7736E-12
     4     1.9700E+07  1.9600E+07     5.0891E-03     1.2712E-14     2.4979E-12
     5     1.9600E+07  1.9500E+07     5.1151E-03     2.3096E-14     4.5153E-12
     6     1.9500E+07  1.9400E+07     5.1414E-03     1.4552E-14     2.8304E-12
     7     1.9400E+07  1.9300E+07     5.1680E-03     3.1660E-14     6.1262E-12
     8     1.9300E+07  1.9200E+07     5.1948E-03     1.6331E-14     3.1437E-12
     9     1.9200E+07  1.9100E+07     5.2219E-03     1.1286E-14     2.1613E-12
    10     1.9100E+07  1.9000E+07     5.2494E-03     4.4992E-14     8.5710E-12
    11     1.9000E+07  1.8900E+07     5.2771E-03     3.7434E-14     7.0937E-12
    12     1.8900E+07  1.8800E+07     5.3051E-03     3.2145E-14     6.0593E-12
    13     1.8800E+07  1.8700E+07     5.3333E-03     2.5083E-14     4.7031E-12
    14     1.8700E+07  1.8600E+07     5.3619E-03     2.7889E-14     5.2013E-12
    15     1.8600E+07  1.8500E+07     5.3908E-03     2.8979E-14     5.3756E-12
    16     1.8500E+07  1.8400E+07     5.4201E-03     4.0408E-14     7.4553E-12
    17     1.8400E+07  1.8300E+07     5.4496E-03     5.1173E-14     9.3902E-12
    18     1.8300E+07  1.8200E+07     5.4795E-03     5.0216E-14     9.1644E-12
    19     1.8200E+07  1.8100E+07     5.5097E-03     3.7678E-14     6.8385E-12
    20     1.8100E+07  1.8000E+07     5.5402E-03     5.6661E-14     1.0227E-11
    21     1.8000E+07  1.7900E+07     5.5710E-03     6.9270E-14     1.2434E-11
    22     1.7900E+07  1.7800E+07     5.6023E-03     7.8075E-14     1.3936E-11
    23     1.7800E+07  1.7700E+07     5.6338E-03     4.2545E-14     7.5517E-12
    24     1.7700E+07  1.7600E+07     5.6657E-03     5.2832E-14     9.3248E-12
    25     1.7600E+07  1.7500E+07     5.6980E-03     8.4845E-14     1.4890E-11
    26     1.7500E+07  1.7400E+07     5.7307E-03     7.4550E-14     1.3009E-11
    27     1.7400E+07  1.7300E+07     5.7637E-03     8.7753E-14     1.5225E-11
    28     1.7300E+07  1.7200E+07     5.7971E-03     8.3664E-14     1.4432E-11
    29     1.7200E+07  1.7100E+07     5.8309E-03     1.1078E-13     1.8999E-11
    30     1.7100E+07  1.7000E+07     5.8651E-03     8.8693E-14     1.5122E-11
    31     1.7000E+07  1.6900E+07     5.8997E-03     1.3850E-13     2.3476E-11
    32     1.6900E+07  1.6800E+07     5.9347E-03     1.3498E-13     2.2744E-11
    33     1.6800E+07  1.6700E+07     5.9702E-03     1.4307E-13     2.3964E-11
    34     1.6700E+07  1.6600E+07     6.0060E-03     1.3150E-13     2.1895E-11
    35     1.6600E+07  1.6500E+07     6.0423E-03     1.6410E-13     2.7158E-11
    36     1.6500E+07  1.6400E+07     6.0790E-03     1.5864E-13     2.6096E-11
    37     1.6400E+07  1.6300E+07     6.1162E-03     1.7312E-13     2.8305E-11
    38     1.6300E+07  1.6200E+07     6.1539E-03     1.8327E-13     2.9781E-11
    39     1.6200E+07  1.6100E+07     6.1920E-03     1.8938E-13     3.0585E-11
    40     1.6100E+07  1.6000E+07     6.2305E-03     2.0245E-13     3.2493E-11
    41     1.6000E+07  1.5900E+07     6.2696E-03     2.5904E-13     4.1317E-11
    42     1.5900E+07  1.5800E+07     6.3092E-03     2.3983E-13     3.8013E-11
    43     1.5800E+07  1.5700E+07     6.3492E-03     2.3007E-13     3.6236E-11
    44     1.5700E+07  1.5600E+07     6.3898E-03     2.5406E-13     3.9760E-11
    45     1.5600E+07  1.5500E+07     6.4309E-03     3.0952E-13     4.8130E-11
    46     1.5500E+07  1.5400E+07     6.4725E-03     3.2271E-13     4.9859E-11
    47     1.5400E+07  1.5300E+07     6.5147E-03     3.3761E-13     5.1823E-11
    48     1.5300E+07  1.5200E+07     6.5574E-03     3.5298E-13     5.3829E-11
    49     1.5200E+07  1.5100E+07     6.6007E-03     4.4119E-13     6.6840E-11
    50     1.5100E+07  1.5000E+07     6.6445E-03     4.3579E-13     6.5586E-11
    51     1.5000E+07  1.4900E+07     6.6890E-03     4.3636E-13     6.5236E-11
    52     1.4900E+07  1.4800E+07     6.7340E-03     4.5615E-13     6.7738E-11
    53     1.4800E+07  1.4700E+07     6.7797E-03     5.7691E-13     8.5094E-11
    54     1.4700E+07  1.4600E+07     6.8260E-03     5.6220E-13     8.2362E-11
    55     1.4600E+07  1.4500E+07     6.8729E-03     4.8774E-13     7.0966E-11
    56     1.4500E+07  1.4400E+07     6.9204E-03     6.7380E-13     9.7364E-11
    57     1.4400E+07  1.4300E+07     6.9687E-03     7.8655E-13     1.1287E-10
    58     1.4300E+07  1.4200E+07     7.0176E-03     8.4418E-13     1.2030E-10
    59     1.4200E+07  1.4100E+07     7.0672E-03     8.5483E-13     1.2096E-10
    60     1.4100E+07  1.4000E+07     7.1175E-03     9.4666E-13     1.3301E-10
    61     1.4000E+07  1.3900E+07     7.1685E-03     9.7574E-13     1.3612E-10
    62     1.3900E+07  1.3800E+07     7.2202E-03     1.1418E-12     1.5814E-10
    63     1.3800E+07  1.3700E+07     7.2728E-03     1.0650E-12     1.4644E-10
    64     1.3700E+07  1.3600E+07     7.3260E-03     1.2048E-12     1.6445E-10
    65     1.3600E+07  1.3500E+07     7.3801E-03     1.2148E-12     1.6460E-10
    66     1.3500E+07  1.3400E+07     7.4350E-03     1.2886E-12     1.7332E-10
    67     1.3400E+07  1.3300E+07     7.4907E-03     1.5229E-12     2.0331E-10
    68     1.3300E+07  1.3200E+07     7.5472E-03     1.6387E-12     2.1713E-10
    69     1.3200E+07  1.3100E+07     7.6046E-03     1.6950E-12     2.2289E-10
    70     1.3100E+07  1.3000E+07     7.6629E-03     1.8868E-12     2.4623E-10
    71     1.3000E+07  1.2900E+07     7.7220E-03     1.9019E-12     2.4629E-10
    72     1.2900E+07  1.2800E+07     7.7821E-03     2.0287E-12     2.6069E-10
    73     1.2800E+07  1.2700E+07     7.8432E-03     2.4115E-12     3.0746E-10
    74     1.2700E+07  1.2600E+07     7.9052E-03     2.4220E-12     3.0638E-10
    75     1.2600E+07  1.2500E+07     7.9682E-03     2.7583E-12     3.4616E-10
    76     1.2500E+07  1.2400E+07     8.0322E-03     2.8900E-12     3.5980E-10
    77     1.2400E+07  1.2300E+07     8.0972E-03     3.0795E-12     3.8032E-10
    78     1.2300E+07  1.2200E+07     8.1633E-03     3.3716E-12     4.1302E-10
    79     1.2200E+07  1.2100E+07     8.2305E-03     3.5838E-12     4.3543E-10
    80     1.2100E+07  1.2000E+07     8.2988E-03     3.8157E-12     4.5979E-10
    81     1.2000E+07  1.1900E+07     8.3682E-03     3.8479E-12     4.5982E-10
    82     1.1900E+07  1.1800E+07     8.4389E-03     4.2613E-12     5.0496E-10
    83     1.1800E+07  1.1700E+07     8.5107E-03     4.8274E-12     5.6722E-10
    84     1.1700E+07  1.1600E+07     8.5837E-03     4.9418E-12     5.7572E-10
    85     1.1600E+07  1.1500E+07     8.6581E-03     5.3303E-12     6.1565E-10
    86     1.1500E+07  1.1400E+07     8.7337E-03     5.5132E-12     6.3126E-10
    87     1.1400E+07  1.1300E+07     8.8106E-03     6.0902E-12     6.9123E-10
    88     1.1300E+07  1.1200E+07     8.8889E-03     6.4200E-12     7.2225E-10
    89     1.1200E+07  1.1100E+07     8.9687E-03     7.0737E-12     7.8871E-10
    90     1.1100E+07  1.1000E+07     9.0498E-03     7.9276E-12     8.7599E-10
    91     1.1000E+07  1.0900E+07     9.1325E-03     8.8176E-12     9.6552E-10
    92     1.0900E+07  1.0800E+07     9.2167E-03     9.5070E-12     1.0315E-09
    93     1.0800E+07  1.0700E+07     9.3024E-03     1.0294E-11     1.1066E-09
    94     1.0700E+07  1.0600E+07     9.3897E-03     1.1184E-11     1.1911E-09
    95     1.0600E+07  1.0500E+07     9.4787E-03     1.1898E-11     1.2552E-09
    96     1.0500E+07  1.0400E+07     9.5695E-03     1.2749E-11     1.3323E-09
    97     1.0400E+07  1.0300E+07     9.6619E-03     1.3047E-11     1.3504E-09
    98     1.0300E+07  1.0200E+07     9.7562E-03     1.4221E-11     1.4576E-09
    99     1.0200E+07  1.0100E+07     9.8523E-03     1.5131E-11     1.5358E-09
   100     1.0100E+07  1.0000E+07     9.9503E-03     1.6121E-11     1.6201E-09
   101     1.0000E+07  9.9000E+06     1.0050E-02     1.7656E-11     1.7568E-09
   102     9.9000E+06  9.8000E+06     1.0152E-02     1.9058E-11     1.8772E-09
   103     9.8000E+06  9.7000E+06     1.0257E-02     1.9974E-11     1.9474E-09
   104     9.7000E+06  9.6000E+06     1.0363E-02     2.2065E-11     2.1293E-09
   105     9.6000E+06  9.5000E+06     1.0471E-02     2.4181E-11     2.3093E-09
   106     9.5000E+06  9.4000E+06     1.0582E-02     2.5868E-11     2.4445E-09
   107     9.4000E+06  9.3000E+06     1.0695E-02     2.8523E-11     2.6669E-09
   108     9.3000E+06  9.2000E+06     1.0811E-02     3.1281E-11     2.8935E-09
   109     9.2000E+06  9.1000E+06     1.0929E-02     3.2720E-11     2.9939E-09
   110     9.1000E+06  9.0000E+06     1.1050E-02     3.3936E-11     3.0712E-09
   111     9.0000E+06  8.9000E+06     1.1173E-02     3.7528E-11     3.3587E-09
   112     8.9000E+06  8.8000E+06     1.1300E-02     3.9692E-11     3.5127E-09
   113     8.8000E+06  8.7000E+06     1.1429E-02     4.0809E-11     3.5707E-09
   114     8.7000E+06  8.6000E+06     1.1561E-02     4.5450E-11     3.9314E-09
   115     8.6000E+06  8.5000E+06     1.1696E-02     5.0336E-11     4.3037E-09
   116     8.5000E+06  8.4000E+06     1.1834E-02     5.2555E-11     4.4408E-09
   117     8.4000E+06  8.3000E+06     1.1976E-02     5.5177E-11     4.6072E-09
   118     8.3000E+06  8.2000E+06     1.2121E-02     5.8797E-11     4.8507E-09
   119     8.2000E+06  8.1000E+06     1.2270E-02     6.5553E-11     5.3425E-09
   120     8.1000E+06  8.0000E+06     1.2423E-02     7.6575E-11     6.1642E-09
   121     8.0000E+06  7.9000E+06     1.2579E-02     7.9609E-11     6.3288E-09
   122     7.9000E+06  7.8000E+06     1.2739E-02     7.8507E-11     6.1627E-09
   123     7.8000E+06  7.7000E+06     1.2903E-02     8.7830E-11     6.8067E-09
   124     7.7000E+06  7.6000E+06     1.3072E-02     9.7775E-11     7.4797E-09
   125     7.6000E+06  7.5000E+06     1.3245E-02     1.0750E-10     8.1161E-09
   126     7.5000E+06  7.4000E+06     1.3423E-02     1.1362E-10     8.4646E-09
   127     7.4000E+06  7.3000E+06     1.3606E-02     1.1851E-10     8.7104E-09
   128     7.3000E+06  7.2000E+06     1.3793E-02     1.2546E-10     9.0957E-09
   129     7.2000E+06  7.1000E+06     1.3986E-02     1.4201E-10     1.0154E-08
   130     7.1000E+06  7.0000E+06     1.4185E-02     1.5917E-10     1.1221E-08
   131     7.0000E+06  6.9000E+06     1.4389E-02     1.7519E-10     1.2175E-08
   132     6.9000E+06  6.8000E+06     1.4599E-02     1.8197E-10     1.2465E-08
   133     6.8000E+06  6.7000E+06     1.4815E-02     1.9651E-10     1.3264E-08
   134     6.7000E+06  6.6000E+06     1.5038E-02     2.1310E-10     1.4171E-08
   135     6.6000E+06  6.5000E+06     1.5267E-02     2.4090E-10     1.5779E-08
   136     6.5000E+06  6.4000E+06     1.5504E-02     2.5370E-10     1.6363E-08
   137     6.4000E+06  6.3000E+06     1.5748E-02     2.5683E-10     1.6308E-08
   138     6.3000E+06  6.2000E+06     1.6000E-02     2.8717E-10     1.7948E-08
   139     6.2000E+06  6.1000E+06     1.6261E-02     3.0630E-10     1.8837E-08
   140     6.1000E+06  6.0000E+06     1.6529E-02     3.1492E-10     1.9052E-08
   141     6.0000E+06  5.9000E+06     1.6807E-02     3.2831E-10     1.9534E-08
   142     5.9000E+06  5.8000E+06     1.7094E-02     3.6554E-10     2.1384E-08
   143     5.8000E+06  5.7000E+06     1.7392E-02     3.8876E-10     2.2353E-08
   144     5.7000E+06  5.6000E+06     1.7700E-02     3.8616E-10     2.1817E-08
   145     5.6000E+06  5.5000E+06     1.8019E-02     4.7221E-10     2.6207E-08
   146     5.5000E+06  5.4000E+06     1.8349E-02     5.2403E-10     2.8559E-08
   147     5.4000E+06  5.3000E+06     1.8692E-02     5.4008E-10     2.8893E-08
   148     5.3000E+06  5.2000E+06     1.9048E-02     6.0670E-10     3.1851E-08
   149     5.2000E+06  5.1000E+06     1.9418E-02     5.7666E-10     2.9697E-08
   150     5.1000E+06  5.0000E+06     1.9803E-02     6.7194E-10     3.3932E-08
   151     5.0000E+06  4.9000E+06     2.0203E-02     7.7468E-10     3.8345E-08
   152     4.9000E+06  4.8000E+06     2.0619E-02     7.6200E-10     3.6956E-08
   153     4.8000E+06  4.7000E+06     2.1053E-02     9.1189E-10     4.3313E-08
   154     4.7000E+06  4.6000E+06     2.1506E-02     9.3855E-10     4.3641E-08
   155     4.6000E+06  4.5000E+06     2.1979E-02     9.6544E-10     4.3926E-08
   156     4.5000E+06  4.4000E+06     2.2473E-02     1.0369E-09     4.6140E-08
   157     4.4000E+06  4.3000E+06     2.2990E-02     1.0042E-09     4.3681E-08
   158     4.3000E+06  4.2000E+06     2.3530E-02     1.2961E-09     5.5082E-08
   159     4.2000E+06  4.1000E+06     2.4098E-02     1.4003E-09     5.8110E-08
   160     4.1000E+06  4.0000E+06     2.4693E-02     1.5628E-09     6.3290E-08
   161     4.0000E+06  3.9000E+06     2.5318E-02     1.5109E-09     5.9677E-08
   162     3.9000E+06  3.8000E+06     2.5975E-02     1.5692E-09     6.0411E-08
   163     3.8000E+06  3.7000E+06     2.6668E-02     1.5099E-09     5.6618E-08
   164     3.7000E+06  3.6000E+06     2.7399E-02     1.6767E-09     6.1196E-08
   165     3.6000E+06  3.5000E+06     2.8171E-02     1.8092E-09     6.4222E-08
   166     3.5000E+06  3.4000E+06     2.8988E-02     1.9733E-09     6.8074E-08
   167     3.4000E+06  3.3000E+06     2.9853E-02     2.1208E-09     7.1042E-08
   168     3.3000E+06  3.2000E+06     3.0772E-02     2.4142E-09     7.8455E-08
   169     3.2000E+06  3.1000E+06     3.1749E-02     2.9527E-09     9.3002E-08
   170     3.1000E+06  3.0000E+06     3.2790E-02     3.2530E-09     9.9208E-08
   171     3.0000E+06  2.9000E+06     3.3902E-02     3.3536E-09     9.8922E-08
   172     2.9000E+06  2.8000E+06     3.5091E-02     3.6053E-09     1.0274E-07
   173     2.8000E+06  2.7000E+06     3.6368E-02     3.8569E-09     1.0605E-07
   174     2.7000E+06  2.6000E+06     3.7740E-02     4.7139E-09     1.2490E-07
   175     2.6000E+06  2.5000E+06     3.9221E-02     5.3637E-09     1.3676E-07
   176     2.5000E+06  2.4000E+06     4.0822E-02     6.3435E-09     1.5539E-07
   177     2.4000E+06  2.3000E+06     4.2560E-02     7.7617E-09     1.8237E-07
   178     2.3000E+06  2.2000E+06     4.4452E-02     8.0676E-09     1.8149E-07
   179     2.2000E+06  2.1000E+06     4.6520E-02     8.0499E-09     1.7304E-07
   180     2.1000E+06  2.0000E+06     4.8790E-02     8.4620E-09     1.7344E-07
   181     2.0000E+06  1.9000E+06     5.1293E-02     8.9498E-09     1.7448E-07
   182     1.9000E+06  1.8000E+06     5.4067E-02     1.0217E-08     1.8897E-07
   183     1.8000E+06  1.7000E+06     5.7158E-02     1.1578E-08     2.0256E-07
   184     1.7000E+06  1.6000E+06     6.0625E-02     1.2898E-08     2.1275E-07
   185     1.6000E+06  1.5000E+06     6.4539E-02     1.3858E-08     2.1472E-07
   186     1.5000E+06  1.4000E+06     6.8993E-02     1.5307E-08     2.2186E-07
   187     1.4000E+06  1.3000E+06     7.4108E-02     1.5597E-08     2.1046E-07
   188     1.3000E+06  1.2000E+06     8.0043E-02     1.6519E-08     2.0638E-07
   189     1.2000E+06  1.1000E+06     8.7011E-02     1.9111E-08     2.1964E-07
   190     1.1000E+06  1.0000E+06     9.5310E-02     1.9830E-08     2.0806E-07
   191     1.0000E+06  9.6000E+05     4.0822E-02     7.7985E-09     1.9104E-07
   192     9.6000E+05  9.2000E+05     4.2560E-02     8.8883E-09     2.0884E-07
   193     9.2000E+05  8.8000E+05     4.4452E-02     9.7599E-09     2.1956E-07
   194     8.8000E+05  8.4000E+05     4.6520E-02     1.0065E-08     2.1636E-07
   195     8.4000E+05  8.0000E+05     4.8790E-02     1.1706E-08     2.3993E-07
   196     8.0000E+05  7.6000E+05     5.1293E-02     1.2716E-08     2.4791E-07
   197     7.6000E+05  7.2000E+05     5.4067E-02     1.3926E-08     2.5757E-07
   198     7.2000E+05  6.9000E+05     4.2560E-02     1.1986E-08     2.8163E-07
   199     6.9000E+05  6.6000E+05     4.4452E-02     1.1522E-08     2.5920E-07
   200     6.6000E+05  6.3000E+05     4.6520E-02     1.0441E-08     2.2444E-07
   201     6.3000E+05  6.0000E+05     4.8790E-02     1.1194E-08     2.2943E-07
   202     6.0000E+05  5.7500E+05     4.2560E-02     9.8032E-09     2.3034E-07
   203     5.7500E+05  5.5000E+05     4.4452E-02     9.8731E-09     2.2211E-07
   204     5.5000E+05  5.2500E+05     4.6520E-02     9.3611E-09     2.0123E-07
   205     5.2500E+05  5.0000E+05     4.8790E-02     1.1898E-08     2.4386E-07
   206     5.0000E+05  4.7500E+05     5.1293E-02     1.0801E-08     2.1057E-07
   207     4.7500E+05  4.5000E+05     5.4067E-02     1.0024E-08     1.8540E-07
   208     4.5000E+05  4.2500E+05     5.7158E-02     8.3983E-09     1.4693E-07
   209     4.2500E+05  4.0000E+05     6.0625E-02     8.9936E-09     1.4835E-07
   210     4.0000E+05  3.8000E+05     5.1293E-02     9.2810E-09     1.8094E-07
   211     3.8000E+05  3.6000E+05     5.4067E-02     8.7550E-09     1.6193E-07
   212     3.6000E+05  3.4000E+05     5.7158E-02     1.0916E-08     1.9098E-07
   213     3.4000E+05  3.2000E+05     6.0625E-02     1.1205E-08     1.8483E-07
   214     3.2000E+05  3.0000E+05     6.4539E-02     1.1222E-08     1.7388E-07
   215     3.0000E+05  2.8000E+05     6.8993E-02     1.1033E-08     1.5992E-07
   216     2.8000E+05  2.7000E+05     3.6368E-02     6.3393E-09     1.7431E-07
   217     2.7000E+05  2.5500E+05     5.7158E-02     1.1187E-08     1.9572E-07
   218     2.5500E+05  2.4000E+05     6.0625E-02     1.0505E-08     1.7328E-07
   219     2.4000E+05  2.3000E+05     4.2560E-02     6.6947E-09     1.5730E-07
   220     2.3000E+05  2.2000E+05     4.4452E-02     6.5542E-09     1.4745E-07
   221     2.2000E+05  2.1000E+05     4.6520E-02     6.6173E-09     1.4225E-07
   222     2.1000E+05  2.0000E+05     4.8790E-02     6.4663E-09     1.3253E-07
   223     2.0000E+05  1.9000E+05     5.1293E-02     7.3910E-09     1.4409E-07
   224     1.9000E+05  1.8000E+05     5.4067E-02     8.3122E-09     1.5374E-07
   225     1.8000E+05  1.7000E+05     5.7158E-02     8.4055E-09     1.4706E-07
   226     1.7000E+05  1.6000E+05     6.0625E-02     7.5004E-09     1.2372E-07
   227     1.6000E+05  1.5000E+05     6.4539E-02     6.3872E-09     9.8967E-08
   228     1.5000E+05  1.4250E+05     5.1293E-02     5.2680E-09     1.0270E-07
   229     1.4250E+05  1.3500E+05     5.4067E-02     6.6889E-09     1.2371E-07
   230     1.3500E+05  1.2750E+05     5.7158E-02     9.2648E-09     1.6209E-07
   231     1.2750E+05  1.2000E+05     6.0625E-02     8.9617E-09     1.4782E-07
   232     1.2000E+05  1.1500E+05     4.2560E-02     4.2469E-09     9.9787E-08
   233     1.1500E+05  1.1000E+05     4.4452E-02     5.6289E-09     1.2663E-07
   234     1.1000E+05  1.0500E+05     4.6520E-02     5.8494E-09     1.2574E-07
   235     1.0500E+05  1.0000E+05     4.8790E-02     5.5018E-09     1.1276E-07
   236     1.0000E+05  9.6000E+04     4.0822E-02     3.8948E-09     9.5409E-08
   237     9.6000E+04  9.2000E+04     4.2560E-02     3.6461E-09     8.5670E-08
   238     9.2000E+04  8.8000E+04     4.4452E-02     3.0003E-09     6.7496E-08
   239     8.8000E+04  8.4000E+04     4.6520E-02     2.9110E-09     6.2575E-08
   240     8.4000E+04  8.0000E+04     4.8790E-02     4.0636E-09     8.3287E-08
   241     8.0000E+04  7.6000E+04     5.1293E-02     4.5501E-09     8.8708E-08
   242     7.6000E+04  7.2000E+04     5.4067E-02     7.2887E-09     1.3481E-07
   243     7.2000E+04  6.9000E+04     4.2560E-02     5.3333E-09     1.2531E-07
   244     6.9000E+04  6.6000E+04     4.4452E-02     5.2034E-09     1.1706E-07
   245     6.6000E+04  6.3000E+04     4.6520E-02     5.0685E-09     1.0895E-07
   246     6.3000E+04  6.0000E+04     4.8790E-02     4.9506E-09     1.0147E-07
   247     6.0000E+04  5.7500E+04     4.2560E-02     4.1702E-09     9.7985E-08
   248     5.7500E+04  5.5000E+04     4.4452E-02     4.1761E-09     9.3947E-08
   249     5.5000E+04  5.2500E+04     4.6520E-02     4.1893E-09     9.0054E-08
   250     5.2500E+04  5.0000E+04     4.8790E-02     4.0870E-09     8.3767E-08
   251     5.0000E+04  4.7500E+04     5.1293E-02     4.3621E-09     8.5042E-08
   252     4.7500E+04  4.5000E+04     5.4067E-02     4.6632E-09     8.6248E-08
   253     4.5000E+04  4.2500E+04     5.7158E-02     4.4155E-09     7.7250E-08
   254     4.2500E+04  4.0000E+04     6.0625E-02     4.4625E-09     7.3609E-08
   255     4.0000E+04  3.8000E+04     5.1293E-02     3.7237E-09     7.2596E-08
   256     3.8000E+04  3.6000E+04     5.4067E-02     2.5973E-09     4.8038E-08
   257     3.6000E+04  3.4000E+04     5.7158E-02     2.0123E-09     3.5206E-08
   258     3.4000E+04  3.2000E+04     6.0625E-02     3.3614E-09     5.5446E-08
   259     3.2000E+04  3.0000E+04     6.4539E-02     5.3596E-09     8.3045E-08
   260     3.0000E+04  2.8000E+04     6.8993E-02     4.9735E-09     7.2087E-08
   261     2.8000E+04  2.7000E+04     3.6368E-02     2.0622E-09     5.6704E-08
   262     2.7000E+04  2.5500E+04     5.7158E-02     5.1417E-09     8.9955E-08
   263     2.5500E+04  2.4000E+04     6.0625E-02     5.7322E-09     9.4552E-08
   264     2.4000E+04  2.3000E+04     4.2560E-02     3.5625E-09     8.3706E-08
   265     2.3000E+04  2.2000E+04     4.4452E-02     3.3893E-09     7.6247E-08
   266     2.2000E+04  2.1000E+04     4.6520E-02     3.4340E-09     7.3818E-08
   267     2.1000E+04  2.0000E+04     4.8790E-02     3.3967E-09     6.9619E-08
   268     2.0000E+04  1.9000E+04     5.1293E-02     3.3577E-09     6.5461E-08
   269     1.9000E+04  1.8000E+04     5.4067E-02     3.7103E-09     6.8624E-08
   270     1.8000E+04  1.7000E+04     5.7158E-02     3.8622E-09     6.7570E-08
   271     1.7000E+04  1.6000E+04     6.0625E-02     3.7695E-09     6.2178E-08
   272     1.6000E+04  1.5000E+04     6.4539E-02     3.8407E-09     5.9510E-08
   273     1.5000E+04  1.4250E+04     5.1293E-02     3.2783E-09     6.3913E-08
   274     1.4250E+04  1.3500E+04     5.4067E-02     3.6222E-09     6.6994E-08
   275     1.3500E+04  1.2750E+04     5.7158E-02     3.5852E-09     6.2724E-08
   276     1.2750E+04  1.2000E+04     6.0625E-02     3.7462E-09     6.1793E-08
   277     1.2000E+04  1.1500E+04     4.2560E-02     2.6409E-09     6.2052E-08
   278     1.1500E+04  1.1000E+04     4.4452E-02     2.7619E-09     6.2133E-08
   279     1.1000E+04  1.0500E+04     4.6520E-02     2.8562E-09     6.1397E-08
   280     1.0500E+04  1.0000E+04     4.8790E-02     2.9228E-09     5.9906E-08
   281     1.0000E+04  9.6000E+03     4.0822E-02     2.3898E-09     5.8542E-08
   282     9.6000E+03  9.2000E+03     4.2560E-02     2.4179E-09     5.6812E-08
   283     9.2000E+03  8.8000E+03     4.4452E-02     2.3494E-09     5.2853E-08
   284     8.8000E+03  8.4000E+03     4.6520E-02     2.2622E-09     4.8629E-08
   285     8.4000E+03  8.0000E+03     4.8790E-02     2.3183E-09     4.7516E-08
   286     8.0000E+03  7.6000E+03     5.1293E-02     2.3041E-09     4.4920E-08
   287     7.6000E+03  7.2000E+03     5.4067E-02     2.5753E-09     4.7631E-08
   288     7.2000E+03  6.9000E+03     4.2560E-02     2.2021E-09     5.1742E-08
   289     6.9000E+03  6.6000E+03     4.4452E-02     2.4295E-09     5.4655E-08
   290     6.6000E+03  6.3000E+03     4.6520E-02     2.5519E-09     5.4856E-08
   291     6.3000E+03  6.0000E+03     4.8790E-02     2.5418E-09     5.2097E-08
   292     6.0000E+03  5.7500E+03     4.2560E-02     1.7964E-09     4.2209E-08
   293     5.7500E+03  5.5000E+03     4.4452E-02     2.0820E-09     4.6837E-08
   294     5.5000E+03  5.2500E+03     4.6520E-02     2.4145E-09     5.1902E-08
   295     5.2500E+03  5.0000E+03     4.8790E-02     2.6569E-09     5.4456E-08
   296     5.0000E+03  4.7500E+03     5.1293E-02     2.6842E-09     5.2330E-08
   297     4.7500E+03  4.5000E+03     5.4067E-02     2.6955E-09     4.9855E-08
   298     4.5000E+03  4.2500E+03     5.7158E-02     2.7487E-09     4.8089E-08
   299     4.2500E+03  4.0000E+03     6.0625E-02     2.8444E-09     4.6918E-08
   300     4.0000E+03  3.8000E+03     5.1293E-02     2.3848E-09     4.6493E-08
   301     3.8000E+03  3.6000E+03     5.4067E-02     2.6210E-09     4.8477E-08
   302     3.6000E+03  3.4000E+03     5.7158E-02     2.8073E-09     4.9114E-08
   303     3.4000E+03  3.2000E+03     6.0625E-02     2.8752E-09     4.7426E-08
   304     3.2000E+03  3.0000E+03     6.4539E-02     3.0101E-09     4.6640E-08
   305     3.0000E+03  2.8000E+03     6.8993E-02     3.1496E-09     4.5651E-08
   306     2.8000E+03  2.7000E+03     3.6368E-02     1.6033E-09     4.4086E-08
   307     2.7000E+03  2.5500E+03     5.7158E-02     2.3775E-09     4.1595E-08
   308     2.5500E+03  2.4000E+03     6.0625E-02     2.2359E-09     3.6881E-08
   309     2.4000E+03  2.3000E+03     4.2560E-02     1.5648E-09     3.6767E-08
   310     2.3000E+03  2.2000E+03     4.4452E-02     1.7223E-09     3.8745E-08
   311     2.2000E+03  2.1000E+03     4.6520E-02     1.9527E-09     4.1975E-08
   312     2.1000E+03  2.0000E+03     4.8790E-02     2.1308E-09     4.3673E-08
   313     2.0000E+03  1.9000E+03     5.1293E-02     2.2703E-09     4.4261E-08
   314     1.9000E+03  1.8000E+03     5.4067E-02     2.3522E-09     4.3505E-08
   315     1.8000E+03  1.7000E+03     5.7158E-02     2.4263E-09     4.2449E-08
   316     1.7000E+03  1.6000E+03     6.0625E-02     2.4290E-09     4.0066E-08
   317     1.6000E+03  1.5000E+03     6.4539E-02     2.6357E-09     4.0839E-08
   318     1.5000E+03  1.4250E+03     5.1293E-02     2.0636E-09     4.0231E-08
   319     1.4250E+03  1.3500E+03     5.4067E-02     2.1534E-09     3.9828E-08
   320     1.3500E+03  1.2750E+03     5.7158E-02     2.2434E-09     3.9249E-08
   321     1.2750E+03  1.2000E+03     6.0625E-02     2.3431E-09     3.8649E-08
   322     1.2000E+03  1.1500E+03     4.2560E-02     1.5972E-09     3.7529E-08
   323     1.1500E+03  1.1000E+03     4.4452E-02     1.5379E-09     3.4597E-08
   324     1.1000E+03  1.0500E+03     4.6520E-02     1.4310E-09     3.0761E-08
   325     1.0500E+03  1.0000E+03     4.8790E-02     1.7011E-09     3.4866E-08
   326     1.0000E+03  9.6000E+02     4.0822E-02     1.4641E-09     3.5865E-08
   327     9.6000E+02  9.2000E+02     4.2560E-02     1.5119E-09     3.5524E-08
   328     9.2000E+02  8.8000E+02     4.4452E-02     1.5605E-09     3.5105E-08
   329     8.8000E+02  8.4000E+02     4.6520E-02     1.6097E-09     3.4602E-08
   330     8.4000E+02  8.0000E+02     4.8790E-02     1.6589E-09     3.4001E-08
   331     8.0000E+02  7.6000E+02     5.1293E-02     1.7171E-09     3.3476E-08
   332     7.6000E+02  7.2000E+02     5.4067E-02     1.7736E-09     3.2804E-08
   333     7.2000E+02  6.9000E+02     4.2560E-02     1.3797E-09     3.2418E-08
   334     6.9000E+02  6.6000E+02     4.4452E-02     1.4178E-09     3.1895E-08
   335     6.6000E+02  6.3000E+02     4.6520E-02     1.4655E-09     3.1503E-08
   336     6.3000E+02  6.0000E+02     4.8790E-02     1.5112E-09     3.0973E-08
   337     6.0000E+02  5.7500E+02     4.2560E-02     1.2944E-09     3.0414E-08
   338     5.7500E+02  5.5000E+02     4.4452E-02     1.3325E-09     2.9976E-08
   339     5.5000E+02  5.2500E+02     4.6520E-02     1.3745E-09     2.9546E-08
   340     5.2500E+02  5.0000E+02     4.8790E-02     1.4026E-09     2.8748E-08
   341     5.0000E+02  4.7500E+02     5.1293E-02     1.4544E-09     2.8355E-08
   342     4.7500E+02  4.5000E+02     5.4067E-02     1.4968E-09     2.7684E-08
   343     4.5000E+02  4.2500E+02     5.7158E-02     1.5384E-09     2.6915E-08
   344     4.2500E+02  4.0000E+02     6.0625E-02     1.5667E-09     2.5843E-08
   345     4.0000E+02  3.8000E+02     5.1293E-02     1.2440E-09     2.4253E-08
   346     3.8000E+02  3.6000E+02     5.4067E-02     1.1437E-09     2.1153E-08
   347     3.6000E+02  3.4000E+02     5.7158E-02     8.4136E-10     1.4720E-08
   348     3.4000E+02  3.2000E+02     6.0625E-02     7.2431E-10     1.1947E-08
   349     3.2000E+02  3.0000E+02     6.4539E-02     1.2245E-09     1.8973E-08
   350     3.0000E+02  2.8000E+02     6.8993E-02     1.5830E-09     2.2944E-08
   351     2.8000E+02  2.7000E+02     3.6368E-02     8.4623E-10     2.3269E-08
   352     2.7000E+02  2.5500E+02     5.7158E-02     1.3002E-09     2.2747E-08
   353     2.5500E+02  2.4000E+02     6.0625E-02     1.3268E-09     2.1885E-08
   354     2.4000E+02  2.3000E+02     4.2560E-02     9.0189E-10     2.1191E-08
   355     2.3000E+02  2.2000E+02     4.4452E-02     9.2062E-10     2.0711E-08
   356     2.2000E+02  2.1000E+02     4.6520E-02     9.4966E-10     2.0414E-08
   357     2.1000E+02  2.0000E+02     4.8790E-02     9.7081E-10     1.9898E-08
   358     2.0000E+02  1.9000E+02     5.1293E-02     9.9269E-10     1.9353E-08
   359     1.9000E+02  1.8000E+02     5.4067E-02     1.0217E-09     1.8897E-08
   360     1.8000E+02  1.7000E+02     5.7158E-02     1.0551E-09     1.8459E-08
   361     1.7000E+02  1.6000E+02     6.0625E-02     1.0889E-09     1.7961E-08
   362     1.6000E+02  1.5000E+02     6.4539E-02     1.1253E-09     1.7436E-08
   363     1.5000E+02  1.4250E+02     5.1293E-02     8.6988E-10     1.6959E-08
   364     1.4250E+02  1.3500E+02     5.4067E-02     8.8761E-10     1.6417E-08
   365     1.3500E+02  1.2750E+02     5.7158E-02     9.1143E-10     1.5946E-08
   366     1.2750E+02  1.2000E+02     6.0625E-02     9.3956E-10     1.5498E-08
   367     1.2000E+02  1.1500E+02     4.2560E-02     6.3481E-10     1.4916E-08
   368     1.1500E+02  1.1000E+02     4.4452E-02     6.4640E-10     1.4542E-08
   369     1.1000E+02  1.0500E+02     4.6520E-02     6.6089E-10     1.4207E-08
   370     1.0500E+02  1.0000E+02     4.8790E-02     6.7273E-10     1.3788E-08
   371     1.0000E+02  9.6000E+01     4.0822E-02     5.4768E-10     1.3416E-08
   372     9.6000E+01  9.2000E+01     4.2560E-02     5.5727E-10     1.3094E-08
   373     9.2000E+01  8.8000E+01     4.4452E-02     5.6588E-10     1.2730E-08
   374     8.8000E+01  8.4000E+01     4.6520E-02     5.7895E-10     1.2445E-08
   375     8.4000E+01  8.0000E+01     4.8790E-02     5.8766E-10     1.2045E-08
   376     8.0000E+01  7.6000E+01     5.1293E-02     5.9875E-10     1.1673E-08
   377     7.6000E+01  7.2000E+01     5.4067E-02     6.1104E-10     1.1301E-08
   378     7.2000E+01  6.9000E+01     4.2560E-02     4.6530E-10     1.0933E-08
   379     6.9000E+01  6.6000E+01     4.4452E-02     4.7012E-10     1.0576E-08
   380     6.6000E+01  6.3000E+01     4.6520E-02     4.7609E-10     1.0234E-08
   381     6.3000E+01  6.0000E+01     4.8790E-02     4.8359E-10     9.9116E-09
   382     6.0000E+01  5.7500E+01     4.2560E-02     4.0907E-10     9.6117E-09
   383     5.7500E+01  5.5000E+01     4.4452E-02     4.1364E-10     9.3054E-09
   384     5.5000E+01  5.2500E+01     4.6520E-02     4.1753E-10     8.9753E-09
   385     5.2500E+01  5.0000E+01     4.8790E-02     4.2086E-10     8.6259E-09
   386     5.0000E+01  4.7500E+01     5.1293E-02     4.2849E-10     8.3537E-09
   387     4.7500E+01  4.5000E+01     5.4067E-02     4.3219E-10     7.9936E-09
   388     4.5000E+01  4.2500E+01     5.7158E-02     4.3491E-10     7.6089E-09
   389     4.2500E+01  4.0000E+01     6.0625E-02     4.4301E-10     7.3074E-09
   390     4.0000E+01  3.8000E+01     5.1293E-02     3.5738E-10     6.9674E-09
   391     3.8000E+01  3.6000E+01     5.4067E-02     3.5456E-10     6.5578E-09
   392     3.6000E+01  3.4000E+01     5.7158E-02     3.5392E-10     6.1919E-09
   393     3.4000E+01  3.2000E+01     6.0625E-02     3.5678E-10     5.8851E-09
   394     3.2000E+01  3.0000E+01     6.4539E-02     3.6082E-10     5.5908E-09
   395     3.0000E+01  2.8000E+01     6.8993E-02     3.6426E-10     5.2797E-09
   396     2.8000E+01  2.7000E+01     3.6368E-02     1.8263E-10     5.0218E-09
   397     2.7000E+01  2.5500E+01     5.7158E-02     2.7456E-10     4.8035E-09
   398     2.5500E+01  2.4000E+01     6.0625E-02     2.7555E-10     4.5452E-09
   399     2.4000E+01  2.3000E+01     4.2560E-02     1.8184E-10     4.2726E-09
   400     2.3000E+01  2.2000E+01     4.4452E-02     1.8287E-10     4.1139E-09
   401     2.2000E+01  2.1000E+01     4.6520E-02     1.8146E-10     3.9007E-09
   402     2.1000E+01  2.0000E+01     4.8790E-02     1.7641E-10     3.6157E-09
   403     2.0000E+01  1.9000E+01     5.1293E-02     1.7511E-10     3.4139E-09
   404     1.9000E+01  1.8000E+01     5.4067E-02     1.7454E-10     3.2282E-09
   405     1.8000E+01  1.7000E+01     5.7158E-02     1.7317E-10     3.0297E-09
   406     1.7000E+01  1.6000E+01     6.0625E-02     1.7344E-10     2.8609E-09
   407     1.6000E+01  1.5000E+01     6.4539E-02     1.7233E-10     2.6702E-09
   408     1.5000E+01  1.4250E+01     5.1293E-02     1.2774E-10     2.4904E-09
   409     1.4250E+01  1.3500E+01     5.4067E-02     1.2673E-10     2.3439E-09
   410     1.3500E+01  1.2750E+01     5.7158E-02     1.2517E-10     2.1899E-09
   411     1.2750E+01  1.2000E+01     6.0625E-02     1.2161E-10     2.0060E-09
   412     1.2000E+01  1.1500E+01     4.2560E-02     7.9776E-11     1.8745E-09
   413     1.1500E+01  1.1000E+01     4.4452E-02     7.8220E-11     1.7597E-09
   414     1.1000E+01  1.0500E+01     4.6520E-02     7.7793E-11     1.6722E-09
   415     1.0500E+01  1.0000E+01     4.8790E-02     7.8513E-11     1.6092E-09
   416     1.0000E+01  9.6000E+00     4.0822E-02     5.9737E-11     1.4634E-09
   417     9.6000E+00  9.2000E+00     4.2560E-02     5.8668E-11     1.3785E-09
   418     9.2000E+00  8.8000E+00     4.4452E-02     5.7575E-11     1.2952E-09
   419     8.8000E+00  8.4000E+00     4.6520E-02     5.4918E-11     1.1805E-09
   420     8.4000E+00  8.0000E+00     4.8790E-02     5.4428E-11     1.1156E-09
   421     8.0000E+00  7.6000E+00     5.1293E-02     5.3463E-11     1.0423E-09
   422     7.6000E+00  7.2000E+00     5.4067E-02     5.0986E-11     9.4301E-10
   423     7.2000E+00  6.9000E+00     4.2560E-02     3.7492E-11     8.8093E-10
   424     6.9000E+00  6.6000E+00     4.4452E-02     3.4511E-11     7.7637E-10
   425     6.6000E+00  6.3000E+00     4.6520E-02     3.2473E-11     6.9804E-10
   426     6.3000E+00  6.0000E+00     4.8790E-02     3.1995E-11     6.5577E-10
   427     6.0000E+00  5.7500E+00     4.2560E-02     2.6258E-11     6.1697E-10
   428     5.7500E+00  5.5000E+00     4.4452E-02     2.5556E-11     5.7492E-10
   429     5.5000E+00  5.2500E+00     4.6520E-02     2.4591E-11     5.2861E-10
   430     5.2500E+00  5.0000E+00     4.8790E-02     2.3629E-11     4.8430E-10
   431     5.0000E+00  4.7500E+00     5.1293E-02     2.2809E-11     4.4468E-10
   432     4.7500E+00  4.5000E+00     5.4067E-02     2.1686E-11     4.0109E-10
   433     4.5000E+00  4.2500E+00     5.7158E-02     2.1177E-11     3.7050E-10
   434     4.2500E+00  4.0000E+00     6.0625E-02     1.9957E-11     3.2919E-10
   435     4.0000E+00  3.8000E+00     5.1293E-02     1.4789E-11     2.8832E-10
   436     3.8000E+00  3.6000E+00     5.4067E-02     1.4164E-11     2.6197E-10
   437     3.6000E+00  3.4000E+00     5.7158E-02     1.3525E-11     2.3662E-10
   438     3.4000E+00  3.2000E+00     6.0625E-02     1.2641E-11     2.0851E-10
   439     3.2000E+00  3.0000E+00     6.4539E-02     1.1615E-11     1.7997E-10
   440     3.0000E+00  2.8000E+00     6.8993E-02     1.0932E-11     1.5845E-10
   441     2.8000E+00  2.7000E+00     3.6368E-02     5.1781E-12     1.4238E-10
   442     2.7000E+00  2.5500E+00     5.7158E-02     7.1152E-12     1.2448E-10
   443     2.5500E+00  2.4000E+00     6.0625E-02     6.6860E-12     1.1029E-10
   444     2.4000E+00  2.3000E+00     4.2560E-02     4.1294E-12     9.7026E-11
   445     2.3000E+00  2.2000E+00     4.4452E-02     3.8901E-12     8.7513E-11
   446     2.2000E+00  2.1000E+00     4.6520E-02     3.6993E-12     7.9521E-11
   447     2.1000E+00  2.0000E+00     4.8790E-02     3.5468E-12     7.2695E-11
   448     2.0000E+00  1.9000E+00     5.1293E-02     3.2104E-12     6.2589E-11
   449     1.9000E+00  1.8000E+00     5.4067E-02     3.1962E-12     5.9115E-11
   450     1.8000E+00  1.7000E+00     5.7158E-02     3.0447E-12     5.3268E-11
   451     1.7000E+00  1.6000E+00     6.0625E-02     2.6816E-12     4.4233E-11
   452     1.6000E+00  1.5000E+00     6.4539E-02     2.5609E-12     3.9680E-11
   453     1.5000E+00  1.4250E+00     5.1293E-02     1.7821E-12     3.4743E-11
   454     1.4250E+00  1.3500E+00     5.4067E-02     1.5707E-12     2.9051E-11
   455     1.3500E+00  1.2750E+00     5.7158E-02     1.4733E-12     2.5776E-11
   456     1.2750E+00  1.2000E+00     6.0625E-02     1.5763E-12     2.6001E-11
   457     1.2000E+00  1.1500E+00     4.2560E-02     9.0418E-13     2.1245E-11
   458     1.1500E+00  1.1000E+00     4.4452E-02     9.9662E-13     2.2420E-11
   459     1.1000E+00  1.0500E+00     4.6520E-02     9.6685E-13     2.0784E-11
   460     1.0500E+00  1.0000E+00     4.8790E-02     9.8822E-13     2.0254E-11
   461     1.0000E+00  9.6000E-01     4.0822E-02     7.4796E-13     1.8322E-11
   462     9.6000E-01  9.2000E-01     4.2560E-02     6.9959E-13     1.6438E-11
   463     9.2000E-01  8.8000E-01     4.4452E-02     7.5356E-13     1.6952E-11
   464     8.8000E-01  8.4000E-01     4.6520E-02     7.6561E-13     1.6458E-11
   465     8.4000E-01  8.0000E-01     4.8790E-02     7.3375E-13     1.5039E-11
   466     8.0000E-01  7.6000E-01     5.1293E-02     8.3769E-13     1.6331E-11
   467     7.6000E-01  7.2000E-01     5.4067E-02     8.1596E-13     1.5092E-11
   468     7.2000E-01  6.9000E-01     4.2560E-02     6.2494E-13     1.4684E-11
   469     6.9000E-01  6.6000E-01     4.4452E-02     6.5346E-13     1.4700E-11
   470     6.6000E-01  6.3000E-01     4.6520E-02     6.0529E-13     1.3011E-11
   471     6.3000E-01  6.0000E-01     4.8790E-02     6.5498E-13     1.3424E-11
   472     6.0000E-01  5.7500E-01     4.2560E-02     5.7539E-13     1.3520E-11
   473     5.7500E-01  5.5000E-01     4.4452E-02     6.2831E-13     1.4135E-11
   474     5.5000E-01  5.2500E-01     4.6520E-02     5.9319E-13     1.2751E-11
   475     5.2500E-01  5.0000E-01     4.8790E-02     6.5079E-13     1.3339E-11
   476     5.0000E-01  4.7500E-01     5.1293E-02     7.0186E-13     1.3683E-11
   477     4.7500E-01  4.5000E-01     5.4067E-02     7.4229E-13     1.3729E-11
   478     4.5000E-01  4.2500E-01     5.7158E-02     7.7827E-13     1.3616E-11
   479     4.2500E-01  4.0000E-01     6.0625E-02     7.0587E-13     1.1643E-11
   480     4.0000E-01  3.8000E-01     5.1293E-02     6.7823E-13     1.3223E-11
   481     3.8000E-01  3.6000E-01     5.4067E-02     6.5540E-13     1.2122E-11
   482     3.6000E-01  3.4000E-01     5.7158E-02     7.2413E-13     1.2669E-11
   483     3.4000E-01  3.2000E-01     6.0625E-02     8.4276E-13     1.3901E-11
   484     3.2000E-01  3.0000E-01     6.4539E-02     8.4161E-13     1.3040E-11
   485     3.0000E-01  2.8000E-01     6.8993E-02     9.3378E-13     1.3534E-11
   486     2.8000E-01  2.7000E-01     3.6368E-02     4.3941E-13     1.2082E-11
   487     2.7000E-01  2.5500E-01     5.7158E-02     7.4409E-13     1.3018E-11
   488     2.5500E-01  2.4000E-01     6.0625E-02     8.3926E-13     1.3844E-11
   489     2.4000E-01  2.3000E-01     4.2560E-02     6.1833E-13     1.4529E-11
   490     2.3000E-01  2.2000E-01     4.4452E-02     6.5252E-13     1.4679E-11
   491     2.2000E-01  2.1000E-01     4.6520E-02     6.8847E-13     1.4799E-11
   492     2.1000E-01  2.0000E-01     4.8790E-02     6.9950E-13     1.4337E-11
   493     2.0000E-01  1.9000E-01     5.1293E-02     8.0938E-13     1.5779E-11
   494     1.9000E-01  1.8000E-01     5.4067E-02     9.9351E-13     1.8375E-11
   495     1.8000E-01  1.7000E-01     5.7158E-02     1.0670E-12     1.8667E-11
   496     1.7000E-01  1.6000E-01     6.0625E-02     1.2033E-12     1.9848E-11
   497     1.6000E-01  1.5000E-01     6.4539E-02     1.3680E-12     2.1197E-11
   498     1.5000E-01  1.4250E-01     5.1293E-02     1.1462E-12     2.2346E-11
   499     1.4250E-01  1.3500E-01     5.4067E-02     1.3339E-12     2.4671E-11
   500     1.3500E-01  1.2750E-01     5.7158E-02     1.5804E-12     2.7649E-11
   501     1.2750E-01  1.2000E-01     6.0625E-02     1.7791E-12     2.9346E-11
   502     1.2000E-01  1.1500E-01     4.2560E-02     1.3447E-12     3.1596E-11
   503     1.1500E-01  1.1000E-01     4.4452E-02     1.5419E-12     3.4687E-11
   504     1.1000E-01  1.0500E-01     4.6520E-02     1.6345E-12     3.5135E-11
   505     1.0500E-01  1.0000E-01     4.8790E-02     1.8262E-12     3.7430E-11
   506     1.0000E-01  9.6000E-02     4.0822E-02     1.5552E-12     3.8097E-11
   507     9.6000E-02  9.2000E-02     4.2560E-02     1.8007E-12     4.2310E-11
   508     9.2000E-02  8.8000E-02     4.4452E-02     1.8746E-12     4.2172E-11
   509     8.8000E-02  8.4000E-02     4.6520E-02     2.0574E-12     4.4226E-11
   510     8.4000E-02  8.0000E-02     4.8790E-02     2.1596E-12     4.4263E-11
   511     8.0000E-02  7.6000E-02     5.1293E-02     2.2937E-12     4.4717E-11
   512     7.6000E-02  7.2000E-02     5.4067E-02     2.4129E-12     4.4628E-11
   513     7.2000E-02  6.9000E-02     4.2560E-02     1.9227E-12     4.5177E-11
   514     6.9000E-02  6.6000E-02     4.4452E-02     2.0668E-12     4.6495E-11
   515     6.6000E-02  6.3000E-02     4.6520E-02     2.1503E-12     4.6223E-11
   516     6.3000E-02  6.0000E-02     4.8790E-02     2.2620E-12     4.6362E-11
   517     6.0000E-02  5.7500E-02     4.2560E-02     1.9222E-12     4.5165E-11
   518     5.7500E-02  5.5000E-02     4.4452E-02     2.0032E-12     4.5065E-11
   519     5.5000E-02  5.2500E-02     4.6520E-02     2.1148E-12     4.5460E-11
   520     5.2500E-02  5.0000E-02     4.8790E-02     2.1452E-12     4.3968E-11
   521     5.0000E-02  4.7500E-02     5.1293E-02     2.1576E-12     4.2064E-11
   522     4.7500E-02  4.5000E-02     5.4067E-02     2.2491E-12     4.1598E-11
   523     4.5000E-02  4.2500E-02     5.7158E-02     2.1598E-12     3.7786E-11
   524     4.2500E-02  4.0000E-02     6.0625E-02     2.2423E-12     3.6987E-11
   525     4.0000E-02  3.8000E-02     5.1293E-02     1.8140E-12     3.5365E-11
   526     3.8000E-02  3.6000E-02     5.4067E-02     1.8606E-12     3.4413E-11
   527     3.6000E-02  3.4000E-02     5.7158E-02     1.7513E-12     3.0639E-11
   528     3.4000E-02  3.2000E-02     6.0625E-02     1.7757E-12     2.9290E-11
   529     3.2000E-02  3.0000E-02     6.4539E-02     1.7440E-12     2.7023E-11
   530     3.0000E-02  2.8000E-02     6.8993E-02     1.6824E-12     2.4385E-11
   531     2.8000E-02  2.7000E-02     3.6368E-02     8.1660E-13     2.2454E-11
   532     2.7000E-02  2.5500E-02     5.7158E-02     1.1787E-12     2.0622E-11
   533     2.5500E-02  2.4000E-02     6.0625E-02     1.2455E-12     2.0544E-11
   534     2.4000E-02  2.3000E-02     4.2560E-02     7.7303E-13     1.8163E-11
   535     2.3000E-02  2.2000E-02     4.4452E-02     7.6421E-13     1.7192E-11
   536     2.2000E-02  2.1000E-02     4.6520E-02     7.9402E-13     1.7068E-11
   537     2.1000E-02  2.0000E-02     4.8790E-02     7.2127E-13     1.4783E-11
   538     2.0000E-02  1.9000E-02     5.1293E-02     6.6215E-13     1.2909E-11
   539     1.9000E-02  1.8000E-02     5.4067E-02     6.0783E-13     1.1242E-11
   540     1.8000E-02  1.7000E-02     5.7158E-02     6.3122E-13     1.1043E-11
   541     1.7000E-02  1.6000E-02     6.0625E-02     5.5764E-13     9.1982E-12
   542     1.6000E-02  1.5000E-02     6.4539E-02     5.5072E-13     8.5332E-12
   543     1.5000E-02  1.4250E-02     5.1293E-02     3.9255E-13     7.6530E-12
   544     1.4250E-02  1.3500E-02     5.4067E-02     3.5198E-13     6.5100E-12
   545     1.3500E-02  1.2750E-02     5.7158E-02     4.0078E-13     7.0117E-12
   546     1.2750E-02  1.2000E-02     6.0625E-02     3.4002E-13     5.6086E-12
   547     1.2000E-02  1.1500E-02     4.2560E-02     2.1096E-13     4.9568E-12
   548     1.1500E-02  1.1000E-02     4.4452E-02     2.1671E-13     4.8752E-12
   549     1.1000E-02  1.0500E-02     4.6520E-02     2.1118E-13     4.5396E-12
   550     1.0500E-02  1.0000E-02     4.8790E-02     1.9469E-13     3.9904E-12
   551     1.0000E-02  9.6000E-03     4.0822E-02     1.2677E-13     3.1054E-12
   552     9.6000E-03  9.2000E-03     4.2560E-02     1.2259E-13     2.8804E-12
   553     9.2000E-03  8.8000E-03     4.4452E-02     1.2768E-13     2.8723E-12
   554     8.8000E-03  8.4000E-03     4.6520E-02     1.4897E-13     3.2023E-12
   555     8.4000E-03  8.0000E-03     4.8790E-02     1.0569E-13     2.1662E-12
   556     8.0000E-03  7.6000E-03     5.1293E-02     1.2794E-13     2.4943E-12
   557     7.6000E-03  7.2000E-03     5.4067E-02     1.1280E-13     2.0863E-12
   558     7.2000E-03  6.9000E-03     4.2560E-02     6.9017E-14     1.6217E-12
   559     6.9000E-03  6.6000E-03     4.4452E-02     5.6734E-14     1.2763E-12
   560     6.6000E-03  6.3000E-03     4.6520E-02     6.2480E-14     1.3431E-12
   561     6.3000E-03  6.0000E-03     4.8790E-02     7.2706E-14     1.4902E-12
   562     6.0000E-03  5.7500E-03     4.2560E-02     4.7572E-14     1.1178E-12
   563     5.7500E-03  5.5000E-03     4.4452E-02     3.6206E-14     8.1450E-13
   564     5.5000E-03  5.2500E-03     4.6520E-02     4.8128E-14     1.0346E-12
   565     5.2500E-03  5.0000E-03     4.8790E-02     3.0236E-14     6.1972E-13
   566     5.0000E-03  4.7500E-03     5.1293E-02     4.7512E-14     9.2628E-13
   567     4.7500E-03  4.5000E-03     5.4067E-02     3.4318E-14     6.3473E-13
   568     4.5000E-03  4.2500E-03     5.7158E-02     4.0859E-14     7.1484E-13
   569     4.2500E-03  4.0000E-03     6.0625E-02     3.0678E-14     5.0603E-13
   570     4.0000E-03  3.8000E-03     5.1293E-02     2.9674E-14     5.7852E-13
   571     3.8000E-03  3.6000E-03     5.4067E-02     2.2357E-14     4.1350E-13
   572     3.6000E-03  3.4000E-03     5.7158E-02     1.8829E-14     3.2942E-13
   573     3.4000E-03  3.2000E-03     6.0625E-02     2.4710E-14     4.0759E-13
   574     3.2000E-03  3.0000E-03     6.4539E-02     1.6979E-14     2.6308E-13
   575     3.0000E-03  2.8000E-03     6.8993E-02     1.2992E-14     1.8831E-13
   576     2.8000E-03  2.7000E-03     3.6368E-02     3.9704E-15     1.0917E-13
   577     2.7000E-03  2.5500E-03     5.7158E-02     8.8337E-15     1.5455E-13
   578     2.5500E-03  2.4000E-03     6.0625E-02     1.0592E-14     1.7471E-13
   579     2.4000E-03  2.3000E-03     4.2560E-02     1.3305E-14     3.1262E-13
   580     2.3000E-03  2.2000E-03     4.4452E-02     7.9633E-15     1.7914E-13
   581     2.2000E-03  2.1000E-03     4.6520E-02     5.5552E-15     1.1942E-13
   582     2.1000E-03  2.0000E-03     4.8790E-02     5.0004E-15     1.0249E-13
   583     2.0000E-03  1.9000E-03     5.1293E-02     2.5561E-15     4.9833E-14
   584     1.9000E-03  1.8000E-03     5.4067E-02     3.6681E-15     6.7843E-14
   585     1.8000E-03  1.7000E-03     5.7158E-02     4.0875E-15     7.1512E-14
   586     1.7000E-03  1.6000E-03     6.0625E-02     5.9122E-15     9.7521E-14
   587     1.6000E-03  1.5000E-03     6.4539E-02     5.2609E-15     8.1516E-14
   588     1.5000E-03  1.4250E-03     5.1293E-02     1.7261E-15     3.3652E-14
   589     1.4250E-03  1.3500E-03     5.4067E-02     1.6327E-15     3.0198E-14
   590     1.3500E-03  1.2750E-03     5.7158E-02     2.2431E-15     3.9244E-14
   591     1.2750E-03  1.2000E-03     6.0625E-02     1.1055E-15     1.8235E-14
   592     1.2000E-03  1.1500E-03     4.2560E-02     2.3853E-15     5.6046E-14
   593     1.1500E-03  1.1000E-03     4.4452E-02     6.9546E-16     1.5645E-14
   594     1.1000E-03  1.0500E-03     4.6520E-02     1.1584E-15     2.4901E-14
   595     1.0500E-03  1.0000E-03     4.8790E-02     3.0532E-15     6.2578E-14
   596     1.0000E-03  9.6000E-04     4.0822E-02     9.7438E-16     2.3869E-14
   597     9.6000E-04  9.2000E-04     4.2560E-02     0.0000E+00     0.0000E+00
   598     9.2000E-04  8.8000E-04     4.4452E-02     0.0000E+00     0.0000E+00
   599     8.8000E-04  8.4000E-04     4.6520E-02     6.5814E-16     1.4147E-14
   600     8.4000E-04  8.0000E-04     4.8790E-02     0.0000E+00     0.0000E+00
   601     8.0000E-04  7.6000E-04     5.1293E-02     0.0000E+00     0.0000E+00
   602     7.6000E-04  7.2000E-04     5.4067E-02     0.0000E+00     0.0000E+00
   603     7.2000E-04  6.9000E-04     4.2560E-02     0.0000E+00     0.0000E+00
   604     6.9000E-04  6.6000E-04     4.4452E-02     8.3428E-16     1.8768E-14
   605     6.6000E-04  6.3000E-04     4.6520E-02     0.0000E+00     0.0000E+00
   606     6.3000E-04  6.0000E-04     4.8790E-02     0.0000E+00     0.0000E+00
   607     6.0000E-04  5.7500E-04     4.2560E-02     0.0000E+00     0.0000E+00
   608     5.7500E-04  5.5000E-04     4.4452E-02     9.7247E-16     2.1877E-14
   609     5.5000E-04  5.2500E-04     4.6520E-02     0.0000E+00     0.0000E+00
   610     5.2500E-04  5.0000E-04     4.8790E-02     0.0000E+00     0.0000E+00
   611     5.0000E-04  4.7500E-04     5.1293E-02     2.2257E-15     4.3392E-14
   612     4.7500E-04  4.5000E-04     5.4067E-02     0.0000E+00     0.0000E+00
   613     4.5000E-04  4.2500E-04     5.7158E-02     7.2383E-16     1.2664E-14
   614     4.2500E-04  4.0000E-04     6.0625E-02     0.0000E+00     0.0000E+00
   615     4.0000E-04  3.8000E-04     5.1293E-02     0.0000E+00     0.0000E+00
   616     3.8000E-04  3.6000E-04     5.4067E-02     0.0000E+00     0.0000E+00
   617     3.6000E-04  3.4000E-04     5.7158E-02     0.0000E+00     0.0000E+00
   618     3.4000E-04  3.2000E-04     6.0625E-02     0.0000E+00     0.0000E+00
   619     3.2000E-04  3.0000E-04     6.4539E-02     0.0000E+00     0.0000E+00
   620     3.0000E-04  2.8000E-04     6.8993E-02     0.0000E+00     0.0000E+00
   621     2.8000E-04  2.7000E-04     3.6368E-02     0.0000E+00     0.0000E+00
   622     2.7000E-04  2.5500E-04     5.7158E-02     0.0000E+00     0.0000E+00
   623     2.5500E-04  2.4000E-04     6.0625E-02     0.0000E+00     0.0000E+00
   624     2.4000E-04  2.3000E-04     4.2560E-02     0.0000E+00     0.0000E+00
   625     2.3000E-04  2.2000E-04     4.4452E-02     0.0000E+00     0.0000E+00
   626     2.2000E-04  2.1000E-04     4.6520E-02     0.0000E+00     0.0000E+00
   627     2.1000E-04  2.0000E-04     4.8790E-02     0.0000E+00     0.0000E+00
   628     2.0000E-04  1.9000E-04     5.1293E-02     0.0000E+00     0.0000E+00
   629     1.9000E-04  1.8000E-04     5.4067E-02     0.0000E+00     0.0000E+00
   630     1.8000E-04  1.7000E-04     5.7158E-02     0.0000E+00     0.0000E+00
   631     1.7000E-04  1.6000E-04     6.0625E-02     0.0000E+00     0.0000E+00
   632     1.6000E-04  1.5000E-04     6.4539E-02     0.0000E+00     0.0000E+00
   633     1.5000E-04  1.4250E-04     5.1293E-02     0.0000E+00     0.0000E+00
   634     1.4250E-04  1.3500E-04     5.4067E-02     0.0000E+00     0.0000E+00
   635     1.3500E-04  1.2750E-04     5.7158E-02     0.0000E+00     0.0000E+00
   636     1.2750E-04  1.2000E-04     6.0625E-02     0.0000E+00     0.0000E+00
   637     1.2000E-04  1.1500E-04     4.2560E-02     0.0000E+00     0.0000E+00
   638     1.1500E-04  1.1000E-04     4.4452E-02     0.0000E+00     0.0000E+00
   639     1.1000E-04  1.0500E-04     4.6520E-02     0.0000E+00     0.0000E+00
   640     1.0500E-04  1.0000E-04     4.8790E-02     0.0000E+00     0.0000E+00
  TOTAL                                              1.0002E-06
