  GROUP      UPPER       LOWER         LETHARGY         DATA        DATA/LETHARGY

     1     2.0000E+07  1.9900E+07     5.0125E-03     2.6970E-14     5.3805E-12
     2     1.9900E+07  1.9800E+07     5.0378E-03     2.2568E-14     4.4797E-12
     3     1.9800E+07  1.9700E+07     5.0633E-03     4.2701E-14     8.4334E-12
     4     1.9700E+07  1.9600E+07     5.0891E-03     2.2292E-14     4.3804E-12
     5     1.9600E+07  1.9500E+07     5.1151E-03     3.2456E-14     6.3451E-12
     6     1.9500E+07  1.9400E+07     5.1414E-03     2.5450E-14     4.9500E-12
     7     1.9400E+07  1.9300E+07     5.1680E-03     3.4132E-14     6.6045E-12
     8     1.9300E+07  1.9200E+07     5.1948E-03     2.9187E-14     5.6185E-12
     9     1.9200E+07  1.9100E+07     5.2219E-03     3.9560E-14     7.5757E-12
    10     1.9100E+07  1.9000E+07     5.2494E-03     4.1268E-14     7.8615E-12
    11     1.9000E+07  1.8900E+07     5.2771E-03     2.1805E-14     4.1320E-12
    12     1.8900E+07  1.8800E+07     5.3051E-03     3.0740E-14     5.7945E-12
    13     1.8800E+07  1.8700E+07     5.3333E-03     4.5692E-14     8.5672E-12
    14     1.8700E+07  1.8600E+07     5.3619E-03     7.9686E-14     1.4861E-11
    15     1.8600E+07  1.8500E+07     5.3908E-03     5.7704E-14     1.0704E-11
    16     1.8500E+07  1.8400E+07     5.4201E-03     6.7820E-14     1.2513E-11
    17     1.8400E+07  1.8300E+07     5.4496E-03     7.0466E-14     1.2930E-11
    18     1.8300E+07  1.8200E+07     5.4795E-03     5.8129E-14     1.0609E-11
    19     1.8200E+07  1.8100E+07     5.5097E-03     1.1590E-13     2.1036E-11
    20     1.8100E+07  1.8000E+07     5.5402E-03     9.7494E-14     1.7598E-11
    21     1.8000E+07  1.7900E+07     5.5710E-03     8.2345E-14     1.4781E-11
    22     1.7900E+07  1.7800E+07     5.6023E-03     8.2785E-14     1.4777E-11
    23     1.7800E+07  1.7700E+07     5.6338E-03     1.0341E-13     1.8355E-11
    24     1.7700E+07  1.7600E+07     5.6657E-03     9.1499E-14     1.6150E-11
    25     1.7600E+07  1.7500E+07     5.6980E-03     9.9087E-14     1.7390E-11
    26     1.7500E+07  1.7400E+07     5.7307E-03     1.3257E-13     2.3133E-11
    27     1.7400E+07  1.7300E+07     5.7637E-03     1.0145E-13     1.7602E-11
    28     1.7300E+07  1.7200E+07     5.7971E-03     1.5507E-13     2.6750E-11
    29     1.7200E+07  1.7100E+07     5.8309E-03     1.5252E-13     2.6157E-11
    30     1.7100E+07  1.7000E+07     5.8651E-03     1.5485E-13     2.6402E-11
    31     1.7000E+07  1.6900E+07     5.8997E-03     1.9281E-13     3.2681E-11
    32     1.6900E+07  1.6800E+07     5.9347E-03     1.9576E-13     3.2985E-11
    33     1.6800E+07  1.6700E+07     5.9702E-03     1.9422E-13     3.2532E-11
    34     1.6700E+07  1.6600E+07     6.0060E-03     2.0132E-13     3.3520E-11
    35     1.6600E+07  1.6500E+07     6.0423E-03     2.1847E-13     3.6157E-11
    36     1.6500E+07  1.6400E+07     6.0790E-03     2.0657E-13     3.3981E-11
    37     1.6400E+07  1.6300E+07     6.1162E-03     2.5270E-13     4.1316E-11
    38     1.6300E+07  1.6200E+07     6.1539E-03     2.8091E-13     4.5648E-11
    39     1.6200E+07  1.6100E+07     6.1920E-03     2.6901E-13     4.3445E-11
    40     1.6100E+07  1.6000E+07     6.2305E-03     3.4804E-13     5.5860E-11
    41     1.6000E+07  1.5900E+07     6.2696E-03     3.4265E-13     5.4652E-11
    42     1.5900E+07  1.5800E+07     6.3092E-03     4.3552E-13     6.9030E-11
    43     1.5800E+07  1.5700E+07     6.3492E-03     3.5227E-13     5.5482E-11
    44     1.5700E+07  1.5600E+07     6.3898E-03     4.6936E-13     7.3455E-11
    45     1.5600E+07  1.5500E+07     6.4309E-03     4.2170E-13     6.5574E-11
    46     1.5500E+07  1.5400E+07     6.4725E-03     5.2321E-13     8.0836E-11
    47     1.5400E+07  1.5300E+07     6.5147E-03     5.0495E-13     7.7510E-11
    48     1.5300E+07  1.5200E+07     6.5574E-03     5.4252E-13     8.2734E-11
    49     1.5200E+07  1.5100E+07     6.6007E-03     5.4720E-13     8.2900E-11
    50     1.5100E+07  1.5000E+07     6.6445E-03     6.4955E-13     9.7757E-11
    51     1.5000E+07  1.4900E+07     6.6890E-03     8.2064E-13     1.2269E-10
    52     1.4900E+07  1.4800E+07     6.7340E-03     7.1247E-13     1.0580E-10
    53     1.4800E+07  1.4700E+07     6.7797E-03     8.0490E-13     1.1872E-10
    54     1.4700E+07  1.4600E+07     6.8260E-03     8.5436E-13     1.2516E-10
    55     1.4600E+07  1.4500E+07     6.8729E-03     8.7101E-13     1.2673E-10
    56     1.4500E+07  1.4400E+07     6.9204E-03     9.8197E-13     1.4189E-10
    57     1.4400E+07  1.4300E+07     6.9687E-03     9.8765E-13     1.4173E-10
    58     1.4300E+07  1.4200E+07     7.0176E-03     1.1918E-12     1.6983E-10
    59     1.4200E+07  1.4100E+07     7.0672E-03     1.2403E-12     1.7550E-10
    60     1.4100E+07  1.4000E+07     7.1175E-03     1.2590E-12     1.7689E-10
    61     1.4000E+07  1.3900E+07     7.1685E-03     1.5057E-12     2.1004E-10
    62     1.3900E+07  1.3800E+07     7.2202E-03     1.7002E-12     2.3548E-10
    63     1.3800E+07  1.3700E+07     7.2728E-03     1.6492E-12     2.2676E-10
    64     1.3700E+07  1.3600E+07     7.3260E-03     1.7644E-12     2.4084E-10
    65     1.3600E+07  1.3500E+07     7.3801E-03     1.9563E-12     2.6508E-10
    66     1.3500E+07  1.3400E+07     7.4350E-03     2.0946E-12     2.8172E-10
    67     1.3400E+07  1.3300E+07     7.4907E-03     2.1907E-12     2.9246E-10
    68     1.3300E+07  1.3200E+07     7.5472E-03     2.4137E-12     3.1981E-10
    69     1.3200E+07  1.3100E+07     7.6046E-03     2.5409E-12     3.3413E-10
    70     1.3100E+07  1.3000E+07     7.6629E-03     2.7996E-12     3.6535E-10
    71     1.3000E+07  1.2900E+07     7.7220E-03     2.9188E-12     3.7798E-10
    72     1.2900E+07  1.2800E+07     7.7821E-03     3.3613E-12     4.3192E-10
    73     1.2800E+07  1.2700E+07     7.8432E-03     3.3077E-12     4.2173E-10
    74     1.2700E+07  1.2600E+07     7.9052E-03     3.6747E-12     4.6485E-10
    75     1.2600E+07  1.2500E+07     7.9682E-03     3.9640E-12     4.9748E-10
    76     1.2500E+07  1.2400E+07     8.0322E-03     4.1725E-12     5.1947E-10
    77     1.2400E+07  1.2300E+07     8.0972E-03     4.4555E-12     5.5025E-10
    78     1.2300E+07  1.2200E+07     8.1633E-03     4.9135E-12     6.0190E-10
    79     1.2200E+07  1.2100E+07     8.2305E-03     5.1028E-12     6.1999E-10
    80     1.2100E+07  1.2000E+07     8.2988E-03     5.5262E-12     6.6590E-10
    81     1.2000E+07  1.1900E+07     8.3682E-03     5.9087E-12     7.0609E-10
    82     1.1900E+07  1.1800E+07     8.4389E-03     6.4967E-12     7.6985E-10
    83     1.1800E+07  1.1700E+07     8.5107E-03     6.7239E-12     7.9005E-10
    84     1.1700E+07  1.1600E+07     8.5837E-03     7.4367E-12     8.6637E-10
    85     1.1600E+07  1.1500E+07     8.6581E-03     7.7350E-12     8.9339E-10
    86     1.1500E+07  1.1400E+07     8.7337E-03     8.0669E-12     9.2365E-10
    87     1.1400E+07  1.1300E+07     8.8106E-03     8.8606E-12     1.0057E-09
    88     1.1300E+07  1.1200E+07     8.8889E-03     9.5511E-12     1.0745E-09
    89     1.1200E+07  1.1100E+07     8.9687E-03     1.0295E-11     1.1479E-09
    90     1.1100E+07  1.1000E+07     9.0498E-03     1.1503E-11     1.2711E-09
    91     1.1000E+07  1.0900E+07     9.1325E-03     1.2731E-11     1.3940E-09
    92     1.0900E+07  1.0800E+07     9.2167E-03     1.4315E-11     1.5532E-09
    93     1.0800E+07  1.0700E+07     9.3024E-03     1.4974E-11     1.6097E-09
    94     1.0700E+07  1.0600E+07     9.3897E-03     1.6232E-11     1.7287E-09
    95     1.0600E+07  1.0500E+07     9.4787E-03     1.7252E-11     1.8201E-09
    96     1.0500E+07  1.0400E+07     9.5695E-03     1.8093E-11     1.8907E-09
    97     1.0400E+07  1.0300E+07     9.6619E-03     1.9395E-11     2.0074E-09
    98     1.0300E+07  1.0200E+07     9.7562E-03     2.0227E-11     2.0733E-09
    99     1.0200E+07  1.0100E+07     9.8523E-03     2.1864E-11     2.2192E-09
   100     1.0100E+07  1.0000E+07     9.9503E-03     2.3290E-11     2.3406E-09
   101     1.0000E+07  9.9000E+06     1.0050E-02     2.5266E-11     2.5139E-09
   102     9.9000E+06  9.8000E+06     1.0152E-02     2.7213E-11     2.6805E-09
   103     9.8000E+06  9.7000E+06     1.0257E-02     2.9420E-11     2.8684E-09
   104     9.7000E+06  9.6000E+06     1.0363E-02     3.1770E-11     3.0658E-09
   105     9.6000E+06  9.5000E+06     1.0471E-02     3.4941E-11     3.3368E-09
   106     9.5000E+06  9.4000E+06     1.0582E-02     3.7922E-11     3.5836E-09
   107     9.4000E+06  9.3000E+06     1.0695E-02     3.9781E-11     3.7195E-09
   108     9.3000E+06  9.2000E+06     1.0811E-02     4.3420E-11     4.0163E-09
   109     9.2000E+06  9.1000E+06     1.0929E-02     4.6240E-11     4.2309E-09
   110     9.1000E+06  9.0000E+06     1.1050E-02     4.8846E-11     4.4205E-09
   111     9.0000E+06  8.9000E+06     1.1173E-02     5.3672E-11     4.8036E-09
   112     8.9000E+06  8.8000E+06     1.1300E-02     5.7655E-11     5.1024E-09
   113     8.8000E+06  8.7000E+06     1.1429E-02     5.8770E-11     5.1423E-09
   114     8.7000E+06  8.6000E+06     1.1561E-02     6.5820E-11     5.6934E-09
   115     8.6000E+06  8.5000E+06     1.1696E-02     7.1567E-11     6.1189E-09
   116     8.5000E+06  8.4000E+06     1.1834E-02     7.5148E-11     6.3499E-09
   117     8.4000E+06  8.3000E+06     1.1976E-02     7.8890E-11     6.5872E-09
   118     8.3000E+06  8.2000E+06     1.2121E-02     8.4876E-11     7.0022E-09
   119     8.2000E+06  8.1000E+06     1.2270E-02     9.2877E-11     7.5694E-09
   120     8.1000E+06  8.0000E+06     1.2423E-02     1.0681E-10     8.5981E-09
   121     8.0000E+06  7.9000E+06     1.2579E-02     1.1185E-10     8.8920E-09
   122     7.9000E+06  7.8000E+06     1.2739E-02     1.1012E-10     8.6443E-09
   123     7.8000E+06  7.7000E+06     1.2903E-02     1.2154E-10     9.4192E-09
   124     7.7000E+06  7.6000E+06     1.3072E-02     1.3807E-10     1.0562E-08
   125     7.6000E+06  7.5000E+06     1.3245E-02     1.4963E-10     1.1297E-08
   126     7.5000E+06  7.4000E+06     1.3423E-02     1.5707E-10     1.1702E-08
   127     7.4000E+06  7.3000E+06     1.3606E-02     1.6654E-10     1.2241E-08
   128     7.3000E+06  7.2000E+06     1.3793E-02     1.8019E-10     1.3064E-08
   129     7.2000E+06  7.1000E+06     1.3986E-02     2.0655E-10     1.4768E-08
   130     7.1000E+06  7.0000E+06     1.4185E-02     2.2692E-10     1.5998E-08
   131     7.0000E+06  6.9000E+06     1.4389E-02     2.5122E-10     1.7459E-08
   132     6.9000E+06  6.8000E+06     1.4599E-02     2.5592E-10     1.7530E-08
   133     6.8000E+06  6.7000E+06     1.4815E-02     2.7763E-10     1.8740E-08
   134     6.7000E+06  6.6000E+06     1.5038E-02     2.9909E-10     1.9889E-08
   135     6.6000E+06  6.5000E+06     1.5267E-02     3.3676E-10     2.2057E-08
   136     6.5000E+06  6.4000E+06     1.5504E-02     3.5149E-10     2.2671E-08
   137     6.4000E+06  6.3000E+06     1.5748E-02     3.5075E-10     2.2272E-08
   138     6.3000E+06  6.2000E+06     1.6000E-02     3.9186E-10     2.4491E-08
   139     6.2000E+06  6.1000E+06     1.6261E-02     4.2839E-10     2.6345E-08
   140     6.1000E+06  6.0000E+06     1.6529E-02     4.3898E-10     2.6558E-08
   141     6.0000E+06  5.9000E+06     1.6807E-02     4.6035E-10     2.7390E-08
   142     5.9000E+06  5.8000E+06     1.7094E-02     5.1476E-10     3.0113E-08
   143     5.8000E+06  5.7000E+06     1.7392E-02     5.4281E-10     3.1211E-08
   144     5.7000E+06  5.6000E+06     1.7700E-02     5.4816E-10     3.0970E-08
   145     5.6000E+06  5.5000E+06     1.8019E-02     6.5859E-10     3.6551E-08
   146     5.5000E+06  5.4000E+06     1.8349E-02     7.1903E-10     3.9186E-08
   147     5.4000E+06  5.3000E+06     1.8692E-02     7.5114E-10     4.0185E-08
   148     5.3000E+06  5.2000E+06     1.9048E-02     8.4152E-10     4.4178E-08
   149     5.2000E+06  5.1000E+06     1.9418E-02     8.0108E-10     4.1254E-08
   150     5.1000E+06  5.0000E+06     1.9803E-02     9.3847E-10     4.7391E-08
   151     5.0000E+06  4.9000E+06     2.0203E-02     1.0537E-09     5.2156E-08
   152     4.9000E+06  4.8000E+06     2.0619E-02     1.0424E-09     5.0555E-08
   153     4.8000E+06  4.7000E+06     2.1053E-02     1.2383E-09     5.8817E-08
   154     4.7000E+06  4.6000E+06     2.1506E-02     1.2541E-09     5.8313E-08
   155     4.6000E+06  4.5000E+06     2.1979E-02     1.2622E-09     5.7428E-08
   156     4.5000E+06  4.4000E+06     2.2473E-02     1.3444E-09     5.9823E-08
   157     4.4000E+06  4.3000E+06     2.2990E-02     1.2938E-09     5.6278E-08
   158     4.3000E+06  4.2000E+06     2.3530E-02     1.6266E-09     6.9127E-08
   159     4.2000E+06  4.1000E+06     2.4098E-02     1.7674E-09     7.3344E-08
   160     4.1000E+06  4.0000E+06     2.4693E-02     1.9090E-09     7.7311E-08
   161     4.0000E+06  3.9000E+06     2.5318E-02     1.8309E-09     7.2317E-08
   162     3.9000E+06  3.8000E+06     2.5975E-02     1.8724E-09     7.2083E-08
   163     3.8000E+06  3.7000E+06     2.6668E-02     1.8003E-09     6.7507E-08
   164     3.7000E+06  3.6000E+06     2.7399E-02     1.9639E-09     7.1678E-08
   165     3.6000E+06  3.5000E+06     2.8171E-02     2.1014E-09     7.4595E-08
   166     3.5000E+06  3.4000E+06     2.8988E-02     2.2467E-09     7.7506E-08
   167     3.4000E+06  3.3000E+06     2.9853E-02     2.4442E-09     8.1875E-08
   168     3.3000E+06  3.2000E+06     3.0772E-02     2.7348E-09     8.8874E-08
   169     3.2000E+06  3.1000E+06     3.1749E-02     3.3258E-09     1.0475E-07
   170     3.1000E+06  3.0000E+06     3.2790E-02     3.6563E-09     1.1151E-07
   171     3.0000E+06  2.9000E+06     3.3902E-02     3.5490E-09     1.0469E-07
   172     2.9000E+06  2.8000E+06     3.5091E-02     3.8130E-09     1.0866E-07
   173     2.8000E+06  2.7000E+06     3.6368E-02     4.1804E-09     1.1495E-07
   174     2.7000E+06  2.6000E+06     3.7740E-02     5.0667E-09     1.3425E-07
   175     2.6000E+06  2.5000E+06     3.9221E-02     5.5713E-09     1.4205E-07
   176     2.5000E+06  2.4000E+06     4.0822E-02     6.3723E-09     1.5610E-07
   177     2.4000E+06  2.3000E+06     4.2560E-02     7.4974E-09     1.7616E-07
   178     2.3000E+06  2.2000E+06     4.4452E-02     7.2609E-09     1.6334E-07
   179     2.2000E+06  2.1000E+06     4.6520E-02     7.3948E-09     1.5896E-07
   180     2.1000E+06  2.0000E+06     4.8790E-02     7.5826E-09     1.5541E-07
   181     2.0000E+06  1.9000E+06     5.1293E-02     7.9503E-09     1.5500E-07
   182     1.9000E+06  1.8000E+06     5.4067E-02     8.9870E-09     1.6622E-07
   183     1.8000E+06  1.7000E+06     5.7158E-02     1.0214E-08     1.7870E-07
   184     1.7000E+06  1.6000E+06     6.0625E-02     1.0517E-08     1.7348E-07
   185     1.6000E+06  1.5000E+06     6.4539E-02     1.1395E-08     1.7656E-07
   186     1.5000E+06  1.4000E+06     6.8993E-02     1.2425E-08     1.8009E-07
   187     1.4000E+06  1.3000E+06     7.4108E-02     1.2350E-08     1.6665E-07
   188     1.3000E+06  1.2000E+06     8.0043E-02     1.3725E-08     1.7147E-07
   189     1.2000E+06  1.1000E+06     8.7011E-02     1.4445E-08     1.6601E-07
   190     1.1000E+06  1.0000E+06     9.5310E-02     1.3633E-08     1.4304E-07
   191     1.0000E+06  9.6000E+05     4.0822E-02     5.2846E-09     1.2945E-07
   192     9.6000E+05  9.2000E+05     4.2560E-02     5.9938E-09     1.4083E-07
   193     9.2000E+05  8.8000E+05     4.4452E-02     6.4958E-09     1.4613E-07
   194     8.8000E+05  8.4000E+05     4.6520E-02     6.9263E-09     1.4889E-07
   195     8.4000E+05  8.0000E+05     4.8790E-02     7.7187E-09     1.5820E-07
   196     8.0000E+05  7.6000E+05     5.1293E-02     8.2869E-09     1.6156E-07
   197     7.6000E+05  7.2000E+05     5.4067E-02     8.9481E-09     1.6550E-07
   198     7.2000E+05  6.9000E+05     4.2560E-02     7.0991E-09     1.6680E-07
   199     6.9000E+05  6.6000E+05     4.4452E-02     7.0380E-09     1.5833E-07
   200     6.6000E+05  6.3000E+05     4.6520E-02     6.8509E-09     1.4727E-07
   201     6.3000E+05  6.0000E+05     4.8790E-02     6.9589E-09     1.4263E-07
   202     6.0000E+05  5.7500E+05     4.2560E-02     6.0962E-09     1.4324E-07
   203     5.7500E+05  5.5000E+05     4.4452E-02     6.3040E-09     1.4182E-07
   204     5.5000E+05  5.2500E+05     4.6520E-02     6.4094E-09     1.3778E-07
   205     5.2500E+05  5.0000E+05     4.8790E-02     6.7888E-09     1.3914E-07
   206     5.0000E+05  4.7500E+05     5.1293E-02     6.8301E-09     1.3316E-07
   207     4.7500E+05  4.5000E+05     5.4067E-02     6.6479E-09     1.2296E-07
   208     4.5000E+05  4.2500E+05     5.7158E-02     6.0470E-09     1.0579E-07
   209     4.2500E+05  4.0000E+05     6.0625E-02     6.5200E-09     1.0755E-07
   210     4.0000E+05  3.8000E+05     5.1293E-02     5.7853E-09     1.1279E-07
   211     3.8000E+05  3.6000E+05     5.4067E-02     5.8013E-09     1.0730E-07
   212     3.6000E+05  3.4000E+05     5.7158E-02     6.6962E-09     1.1715E-07
   213     3.4000E+05  3.2000E+05     6.0625E-02     6.6742E-09     1.1009E-07
   214     3.2000E+05  3.0000E+05     6.4539E-02     6.9676E-09     1.0796E-07
   215     3.0000E+05  2.8000E+05     6.8993E-02     6.9146E-09     1.0022E-07
   216     2.8000E+05  2.7000E+05     3.6368E-02     3.8858E-09     1.0685E-07
   217     2.7000E+05  2.5500E+05     5.7158E-02     6.0339E-09     1.0556E-07
   218     2.5500E+05  2.4000E+05     6.0625E-02     5.9935E-09     9.8862E-08
   219     2.4000E+05  2.3000E+05     4.2560E-02     4.0275E-09     9.4632E-08
   220     2.3000E+05  2.2000E+05     4.4452E-02     3.9868E-09     8.9688E-08
   221     2.2000E+05  2.1000E+05     4.6520E-02     4.1248E-09     8.8667E-08
   222     2.1000E+05  2.0000E+05     4.8790E-02     4.1059E-09     8.4154E-08
   223     2.0000E+05  1.9000E+05     5.1293E-02     4.4119E-09     8.6013E-08
   224     1.9000E+05  1.8000E+05     5.4067E-02     4.7048E-09     8.7018E-08
   225     1.8000E+05  1.7000E+05     5.7158E-02     4.7055E-09     8.2324E-08
   226     1.7000E+05  1.6000E+05     6.0625E-02     4.6629E-09     7.6914E-08
   227     1.6000E+05  1.5000E+05     6.4539E-02     4.6130E-09     7.1477E-08
   228     1.5000E+05  1.4250E+05     5.1293E-02     3.5597E-09     6.9399E-08
   229     1.4250E+05  1.3500E+05     5.4067E-02     4.1164E-09     7.6135E-08
   230     1.3500E+05  1.2750E+05     5.7158E-02     4.6192E-09     8.0814E-08
   231     1.2750E+05  1.2000E+05     6.0625E-02     4.4453E-09     7.3325E-08
   232     1.2000E+05  1.1500E+05     4.2560E-02     2.9210E-09     6.8633E-08
   233     1.1500E+05  1.1000E+05     4.4452E-02     3.1287E-09     7.0384E-08
   234     1.1000E+05  1.0500E+05     4.6520E-02     3.2016E-09     6.8822E-08
   235     1.0500E+05  1.0000E+05     4.8790E-02     3.1959E-09     6.5503E-08
   236     1.0000E+05  9.6000E+04     4.0822E-02     2.5136E-09     6.1575E-08
   237     9.6000E+04  9.2000E+04     4.2560E-02     2.5468E-09     5.9841E-08
   238     9.2000E+04  8.8000E+04     4.4452E-02     2.4798E-09     5.5786E-08
   239     8.8000E+04  8.4000E+04     4.6520E-02     2.5449E-09     5.4705E-08
   240     8.4000E+04  8.0000E+04     4.8790E-02     3.0167E-09     6.1830E-08
   241     8.0000E+04  7.6000E+04     5.1293E-02     3.3456E-09     6.5225E-08
   242     7.6000E+04  7.2000E+04     5.4067E-02     3.3701E-09     6.2332E-08
   243     7.2000E+04  6.9000E+04     4.2560E-02     2.6695E-09     6.2724E-08
   244     6.9000E+04  6.6000E+04     4.4452E-02     2.6605E-09     5.9851E-08
   245     6.6000E+04  6.3000E+04     4.6520E-02     2.6979E-09     5.7994E-08
   246     6.3000E+04  6.0000E+04     4.8790E-02     2.8192E-09     5.7782E-08
   247     6.0000E+04  5.7500E+04     4.2560E-02     2.4075E-09     5.6568E-08
   248     5.7500E+04  5.5000E+04     4.4452E-02     2.4704E-09     5.5575E-08
   249     5.5000E+04  5.2500E+04     4.6520E-02     2.5381E-09     5.4559E-08
   250     5.2500E+04  5.0000E+04     4.8790E-02     2.5733E-09     5.2742E-08
   251     5.0000E+04  4.7500E+04     5.1293E-02     2.7641E-09     5.3888E-08
   252     4.7500E+04  4.5000E+04     5.4067E-02     2.8753E-09     5.3180E-08
   253     4.5000E+04  4.2500E+04     5.7158E-02     2.9586E-09     5.1761E-08
   254     4.2500E+04  4.0000E+04     6.0625E-02     3.0563E-09     5.0414E-08
   255     4.0000E+04  3.8000E+04     5.1293E-02     2.4835E-09     4.8418E-08
   256     3.8000E+04  3.6000E+04     5.4067E-02     2.4373E-09     4.5079E-08
   257     3.6000E+04  3.4000E+04     5.7158E-02     2.4271E-09     4.2463E-08
   258     3.4000E+04  3.2000E+04     6.0625E-02     2.9867E-09     4.9265E-08
   259     3.2000E+04  3.0000E+04     6.4539E-02     3.3662E-09     5.2158E-08
   260     3.0000E+04  2.8000E+04     6.8993E-02     3.2740E-09     4.7454E-08
   261     2.8000E+04  2.7000E+04     3.6368E-02     1.6515E-09     4.5411E-08
   262     2.7000E+04  2.5500E+04     5.7158E-02     2.9241E-09     5.1158E-08
   263     2.5500E+04  2.4000E+04     6.0625E-02     2.9909E-09     4.9335E-08
   264     2.4000E+04  2.3000E+04     4.2560E-02     2.0207E-09     4.7479E-08
   265     2.3000E+04  2.2000E+04     4.4452E-02     2.0984E-09     4.7206E-08
   266     2.2000E+04  2.1000E+04     4.6520E-02     2.1689E-09     4.6623E-08
   267     2.1000E+04  2.0000E+04     4.8790E-02     2.2644E-09     4.6411E-08
   268     2.0000E+04  1.9000E+04     5.1293E-02     2.3688E-09     4.6181E-08
   269     1.9000E+04  1.8000E+04     5.4067E-02     2.4800E-09     4.5869E-08
   270     1.8000E+04  1.7000E+04     5.7158E-02     2.6062E-09     4.5596E-08
   271     1.7000E+04  1.6000E+04     6.0625E-02     2.7209E-09     4.4881E-08
   272     1.6000E+04  1.5000E+04     6.4539E-02     2.8447E-09     4.4078E-08
   273     1.5000E+04  1.4250E+04     5.1293E-02     2.3170E-09     4.5172E-08
   274     1.4250E+04  1.3500E+04     5.4067E-02     2.4340E-09     4.5018E-08
   275     1.3500E+04  1.2750E+04     5.7158E-02     2.5388E-09     4.4417E-08
   276     1.2750E+04  1.2000E+04     6.0625E-02     2.6859E-09     4.4304E-08
   277     1.2000E+04  1.1500E+04     4.2560E-02     1.8857E-09     4.4307E-08
   278     1.1500E+04  1.1000E+04     4.4452E-02     1.9665E-09     4.4239E-08
   279     1.1000E+04  1.0500E+04     4.6520E-02     2.0573E-09     4.4224E-08
   280     1.0500E+04  1.0000E+04     4.8790E-02     2.1519E-09     4.4105E-08
   281     1.0000E+04  9.6000E+03     4.0822E-02     1.7949E-09     4.3969E-08
   282     9.6000E+03  9.2000E+03     4.2560E-02     1.8466E-09     4.3389E-08
   283     9.2000E+03  8.8000E+03     4.4452E-02     1.9113E-09     4.2997E-08
   284     8.8000E+03  8.4000E+03     4.6520E-02     1.9880E-09     4.2734E-08
   285     8.4000E+03  8.0000E+03     4.8790E-02     2.0643E-09     4.2310E-08
   286     8.0000E+03  7.6000E+03     5.1293E-02     2.1704E-09     4.2314E-08
   287     7.6000E+03  7.2000E+03     5.4067E-02     2.3071E-09     4.2671E-08
   288     7.2000E+03  6.9000E+03     4.2560E-02     1.8236E-09     4.2848E-08
   289     6.9000E+03  6.6000E+03     4.4452E-02     1.9421E-09     4.3690E-08
   290     6.6000E+03  6.3000E+03     4.6520E-02     1.9985E-09     4.2960E-08
   291     6.3000E+03  6.0000E+03     4.8790E-02     2.0800E-09     4.2632E-08
   292     6.0000E+03  5.7500E+03     4.2560E-02     1.7182E-09     4.0372E-08
   293     5.7500E+03  5.5000E+03     4.4452E-02     1.8879E-09     4.2471E-08
   294     5.5000E+03  5.2500E+03     4.6520E-02     2.0247E-09     4.3523E-08
   295     5.2500E+03  5.0000E+03     4.8790E-02     2.1182E-09     4.3414E-08
   296     5.0000E+03  4.7500E+03     5.1293E-02     2.1984E-09     4.2859E-08
   297     4.7500E+03  4.5000E+03     5.4067E-02     2.2898E-09     4.2351E-08
   298     4.5000E+03  4.2500E+03     5.7158E-02     2.3998E-09     4.1985E-08
   299     4.2500E+03  4.0000E+03     6.0625E-02     2.6048E-09     4.2966E-08
   300     4.0000E+03  3.8000E+03     5.1293E-02     2.1515E-09     4.1945E-08
   301     3.8000E+03  3.6000E+03     5.4067E-02     2.3181E-09     4.2874E-08
   302     3.6000E+03  3.4000E+03     5.7158E-02     2.4430E-09     4.2741E-08
   303     3.4000E+03  3.2000E+03     6.0625E-02     2.5709E-09     4.2407E-08
   304     3.2000E+03  3.0000E+03     6.4539E-02     2.6990E-09     4.1820E-08
   305     3.0000E+03  2.8000E+03     6.8993E-02     2.9253E-09     4.2400E-08
   306     2.8000E+03  2.7000E+03     3.6368E-02     1.5476E-09     4.2554E-08
   307     2.7000E+03  2.5500E+03     5.7158E-02     2.3067E-09     4.0356E-08
   308     2.5500E+03  2.4000E+03     6.0625E-02     2.5513E-09     4.2084E-08
   309     2.4000E+03  2.3000E+03     4.2560E-02     1.7336E-09     4.0733E-08
   310     2.3000E+03  2.2000E+03     4.4452E-02     1.8947E-09     4.2624E-08
   311     2.2000E+03  2.1000E+03     4.6520E-02     1.9784E-09     4.2528E-08
   312     2.1000E+03  2.0000E+03     4.8790E-02     2.0171E-09     4.1342E-08
   313     2.0000E+03  1.9000E+03     5.1293E-02     2.1880E-09     4.2657E-08
   314     1.9000E+03  1.8000E+03     5.4067E-02     2.3158E-09     4.2832E-08
   315     1.8000E+03  1.7000E+03     5.7158E-02     2.4135E-09     4.2225E-08
   316     1.7000E+03  1.6000E+03     6.0625E-02     2.5797E-09     4.2552E-08
   317     1.6000E+03  1.5000E+03     6.4539E-02     2.7638E-09     4.2824E-08
   318     1.5000E+03  1.4250E+03     5.1293E-02     2.0015E-09     3.9021E-08
   319     1.4250E+03  1.3500E+03     5.4067E-02     2.3477E-09     4.3422E-08
   320     1.3500E+03  1.2750E+03     5.7158E-02     2.4064E-09     4.2101E-08
   321     1.2750E+03  1.2000E+03     6.0625E-02     2.5662E-09     4.2329E-08
   322     1.2000E+03  1.1500E+03     4.2560E-02     1.8221E-09     4.2813E-08
   323     1.1500E+03  1.1000E+03     4.4452E-02     1.7287E-09     3.8889E-08
   324     1.1000E+03  1.0500E+03     4.6520E-02     1.9867E-09     4.2706E-08
   325     1.0500E+03  1.0000E+03     4.8790E-02     2.0871E-09     4.2777E-08
   326     1.0000E+03  9.6000E+02     4.0822E-02     1.7384E-09     4.2585E-08
   327     9.6000E+02  9.2000E+02     4.2560E-02     1.8114E-09     4.2561E-08
   328     9.2000E+02  8.8000E+02     4.4452E-02     1.8402E-09     4.1398E-08
   329     8.8000E+02  8.4000E+02     4.6520E-02     1.9186E-09     4.1242E-08
   330     8.4000E+02  8.0000E+02     4.8790E-02     2.0514E-09     4.2045E-08
   331     8.0000E+02  7.6000E+02     5.1293E-02     2.1884E-09     4.2664E-08
   332     7.6000E+02  7.2000E+02     5.4067E-02     2.1522E-09     3.9806E-08
   333     7.2000E+02  6.9000E+02     4.2560E-02     1.8362E-09     4.3144E-08
   334     6.9000E+02  6.6000E+02     4.4452E-02     1.7680E-09     3.9773E-08
   335     6.6000E+02  6.3000E+02     4.6520E-02     1.9996E-09     4.2984E-08
   336     6.3000E+02  6.0000E+02     4.8790E-02     2.0863E-09     4.2761E-08
   337     6.0000E+02  5.7500E+02     4.2560E-02     1.8104E-09     4.2538E-08
   338     5.7500E+02  5.5000E+02     4.4452E-02     1.8719E-09     4.2111E-08
   339     5.5000E+02  5.2500E+02     4.6520E-02     1.9922E-09     4.2825E-08
   340     5.2500E+02  5.0000E+02     4.8790E-02     2.0672E-09     4.2369E-08
   341     5.0000E+02  4.7500E+02     5.1293E-02     2.2051E-09     4.2990E-08
   342     4.7500E+02  4.5000E+02     5.4067E-02     2.3105E-09     4.2734E-08
   343     4.5000E+02  4.2500E+02     5.7158E-02     2.3607E-09     4.1301E-08
   344     4.2500E+02  4.0000E+02     6.0625E-02     2.4837E-09     4.0969E-08
   345     4.0000E+02  3.8000E+02     5.1293E-02     1.7985E-09     3.5063E-08
   346     3.8000E+02  3.6000E+02     5.4067E-02     2.3096E-09     4.2717E-08
   347     3.6000E+02  3.4000E+02     5.7158E-02     2.2842E-09     3.9963E-08
   348     3.4000E+02  3.2000E+02     6.0625E-02     2.4923E-09     4.1110E-08
   349     3.2000E+02  3.0000E+02     6.4539E-02     2.7695E-09     4.2912E-08
   350     3.0000E+02  2.8000E+02     6.8993E-02     3.0031E-09     4.3528E-08
   351     2.8000E+02  2.7000E+02     3.6368E-02     1.5355E-09     4.2222E-08
   352     2.7000E+02  2.5500E+02     5.7158E-02     2.3941E-09     4.1885E-08
   353     2.5500E+02  2.4000E+02     6.0625E-02     2.6203E-09     4.3222E-08
   354     2.4000E+02  2.3000E+02     4.2560E-02     1.6558E-09     3.8905E-08
   355     2.3000E+02  2.2000E+02     4.4452E-02     1.7295E-09     3.8907E-08
   356     2.2000E+02  2.1000E+02     4.6520E-02     1.9355E-09     4.1606E-08
   357     2.1000E+02  2.0000E+02     4.8790E-02     2.0992E-09     4.3025E-08
   358     2.0000E+02  1.9000E+02     5.1293E-02     2.0622E-09     4.0204E-08
   359     1.9000E+02  1.8000E+02     5.4067E-02     2.3584E-09     4.3620E-08
   360     1.8000E+02  1.7000E+02     5.7158E-02     2.4612E-09     4.3059E-08
   361     1.7000E+02  1.6000E+02     6.0625E-02     2.3938E-09     3.9486E-08
   362     1.6000E+02  1.5000E+02     6.4539E-02     2.7360E-09     4.2393E-08
   363     1.5000E+02  1.4250E+02     5.1293E-02     2.1913E-09     4.2721E-08
   364     1.4250E+02  1.3500E+02     5.4067E-02     2.2516E-09     4.1644E-08
   365     1.3500E+02  1.2750E+02     5.7158E-02     2.4631E-09     4.3093E-08
   366     1.2750E+02  1.2000E+02     6.0625E-02     2.2933E-09     3.7828E-08
   367     1.2000E+02  1.1500E+02     4.2560E-02     1.7462E-09     4.1030E-08
   368     1.1500E+02  1.1000E+02     4.4452E-02     1.9125E-09     4.3024E-08
   369     1.1000E+02  1.0500E+02     4.6520E-02     1.8823E-09     4.0462E-08
   370     1.0500E+02  1.0000E+02     4.8790E-02     2.0603E-09     4.2228E-08
   371     1.0000E+02  9.6000E+01     4.0822E-02     1.5829E-09     3.8776E-08
   372     9.6000E+01  9.2000E+01     4.2560E-02     1.7910E-09     4.2082E-08
   373     9.2000E+01  8.8000E+01     4.4452E-02     1.1489E-09     2.5846E-08
   374     8.8000E+01  8.4000E+01     4.6520E-02     1.6730E-09     3.5963E-08
   375     8.4000E+01  8.0000E+01     4.8790E-02     2.0714E-09     4.2455E-08
   376     8.0000E+01  7.6000E+01     5.1293E-02     2.2033E-09     4.2955E-08
   377     7.6000E+01  7.2000E+01     5.4067E-02     2.3257E-09     4.3015E-08
   378     7.2000E+01  6.9000E+01     4.2560E-02     1.8213E-09     4.2794E-08
   379     6.9000E+01  6.6000E+01     4.4452E-02     1.5231E-09     3.4264E-08
   380     6.6000E+01  6.3000E+01     4.6520E-02     1.8772E-09     4.0353E-08
   381     6.3000E+01  6.0000E+01     4.8790E-02     2.0875E-09     4.2785E-08
   382     6.0000E+01  5.7500E+01     4.2560E-02     1.8281E-09     4.2954E-08
   383     5.7500E+01  5.5000E+01     4.4452E-02     1.8982E-09     4.2702E-08
   384     5.5000E+01  5.2500E+01     4.6520E-02     2.0021E-09     4.3037E-08
   385     5.2500E+01  5.0000E+01     4.8790E-02     2.0952E-09     4.2943E-08
   386     5.0000E+01  4.7500E+01     5.1293E-02     2.2047E-09     4.2982E-08
   387     4.7500E+01  4.5000E+01     5.4067E-02     2.3270E-09     4.3039E-08
   388     4.5000E+01  4.2500E+01     5.7158E-02     2.4596E-09     4.3031E-08
   389     4.2500E+01  4.0000E+01     6.0625E-02     2.6145E-09     4.3126E-08
   390     4.0000E+01  3.8000E+01     5.1293E-02     2.2052E-09     4.2992E-08
   391     3.8000E+01  3.6000E+01     5.4067E-02     2.3177E-09     4.2867E-08
   392     3.6000E+01  3.4000E+01     5.7158E-02     2.4493E-09     4.2851E-08
   393     3.4000E+01  3.2000E+01     6.0625E-02     2.5967E-09     4.2832E-08
   394     3.2000E+01  3.0000E+01     6.4539E-02     2.7625E-09     4.2804E-08
   395     3.0000E+01  2.8000E+01     6.8993E-02     2.9007E-09     4.2043E-08
   396     2.8000E+01  2.7000E+01     3.6368E-02     9.6194E-10     2.6450E-08
   397     2.7000E+01  2.5500E+01     5.7158E-02     2.3966E-09     4.1929E-08
   398     2.5500E+01  2.4000E+01     6.0625E-02     2.5835E-09     4.2615E-08
   399     2.4000E+01  2.3000E+01     4.2560E-02     1.8126E-09     4.2590E-08
   400     2.3000E+01  2.2000E+01     4.4452E-02     1.8998E-09     4.2738E-08
   401     2.2000E+01  2.1000E+01     4.6520E-02     1.9798E-09     4.2558E-08
   402     2.1000E+01  2.0000E+01     4.8790E-02     2.0714E-09     4.2455E-08
   403     2.0000E+01  1.9000E+01     5.1293E-02     2.1768E-09     4.2438E-08
   404     1.9000E+01  1.8000E+01     5.4067E-02     2.2213E-09     4.1084E-08
   405     1.8000E+01  1.7000E+01     5.7158E-02     2.4278E-09     4.2475E-08
   406     1.7000E+01  1.6000E+01     6.0625E-02     2.5796E-09     4.2550E-08
   407     1.6000E+01  1.5000E+01     6.4539E-02     2.7452E-09     4.2536E-08
   408     1.5000E+01  1.4250E+01     5.1293E-02     2.1782E-09     4.2466E-08
   409     1.4250E+01  1.3500E+01     5.4067E-02     2.2978E-09     4.2499E-08
   410     1.3500E+01  1.2750E+01     5.7158E-02     2.4286E-09     4.2489E-08
   411     1.2750E+01  1.2000E+01     6.0625E-02     2.5753E-09     4.2479E-08
   412     1.2000E+01  1.1500E+01     4.2560E-02     1.8014E-09     4.2327E-08
   413     1.1500E+01  1.1000E+01     4.4452E-02     1.8842E-09     4.2388E-08
   414     1.1000E+01  1.0500E+01     4.6520E-02     1.9707E-09     4.2362E-08
   415     1.0500E+01  1.0000E+01     4.8790E-02     2.0702E-09     4.2431E-08
   416     1.0000E+01  9.6000E+00     4.0822E-02     1.7351E-09     4.2504E-08
   417     9.6000E+00  9.2000E+00     4.2560E-02     1.8019E-09     4.2338E-08
   418     9.2000E+00  8.8000E+00     4.4452E-02     1.8828E-09     4.2356E-08
   419     8.8000E+00  8.4000E+00     4.6520E-02     1.9650E-09     4.2240E-08
   420     8.4000E+00  8.0000E+00     4.8790E-02     2.0628E-09     4.2279E-08
   421     8.0000E+00  7.6000E+00     5.1293E-02     2.1637E-09     4.2183E-08
   422     7.6000E+00  7.2000E+00     5.4067E-02     2.2777E-09     4.2127E-08
   423     7.2000E+00  6.9000E+00     4.2560E-02     1.7854E-09     4.1951E-08
   424     6.9000E+00  6.6000E+00     4.4452E-02     1.8578E-09     4.1794E-08
   425     6.6000E+00  6.3000E+00     4.6520E-02     1.9452E-09     4.1814E-08
   426     6.3000E+00  6.0000E+00     4.8790E-02     2.0476E-09     4.1967E-08
   427     6.0000E+00  5.7500E+00     4.2560E-02     1.7840E-09     4.1918E-08
   428     5.7500E+00  5.5000E+00     4.4452E-02     1.8633E-09     4.1917E-08
   429     5.5000E+00  5.2500E+00     4.6520E-02     1.9481E-09     4.1877E-08
   430     5.2500E+00  5.0000E+00     4.8790E-02     2.0456E-09     4.1926E-08
   431     5.0000E+00  4.7500E+00     5.1293E-02     2.1529E-09     4.1972E-08
   432     4.7500E+00  4.5000E+00     5.4067E-02     2.2671E-09     4.1931E-08
   433     4.5000E+00  4.2500E+00     5.7158E-02     2.4033E-09     4.2046E-08
   434     4.2500E+00  4.0000E+00     6.0625E-02     2.5499E-09     4.2060E-08
   435     4.0000E+00  3.8000E+00     5.1293E-02     2.1580E-09     4.2072E-08
   436     3.8000E+00  3.6000E+00     5.4067E-02     2.2733E-09     4.2046E-08
   437     3.6000E+00  3.4000E+00     5.7158E-02     2.4076E-09     4.2122E-08
   438     3.4000E+00  3.2000E+00     6.0625E-02     2.5517E-09     4.2090E-08
   439     3.2000E+00  3.0000E+00     6.4539E-02     2.7199E-09     4.2144E-08
   440     3.0000E+00  2.8000E+00     6.8993E-02     2.9009E-09     4.2046E-08
   441     2.8000E+00  2.7000E+00     3.6368E-02     1.5254E-09     4.1944E-08
   442     2.7000E+00  2.5500E+00     5.7158E-02     2.4029E-09     4.2039E-08
   443     2.5500E+00  2.4000E+00     6.0625E-02     2.5479E-09     4.2027E-08
   444     2.4000E+00  2.3000E+00     4.2560E-02     1.7858E-09     4.1960E-08
   445     2.3000E+00  2.2000E+00     4.4452E-02     1.8656E-09     4.1969E-08
   446     2.2000E+00  2.1000E+00     4.6520E-02     1.9504E-09     4.1926E-08
   447     2.1000E+00  2.0000E+00     4.8790E-02     2.0430E-09     4.1873E-08
   448     2.0000E+00  1.9000E+00     5.1293E-02     2.1424E-09     4.1768E-08
   449     1.9000E+00  1.8000E+00     5.4067E-02     2.2529E-09     4.1668E-08
   450     1.8000E+00  1.7000E+00     5.7158E-02     2.3725E-09     4.1507E-08
   451     1.7000E+00  1.6000E+00     6.0625E-02     2.5126E-09     4.1445E-08
   452     1.6000E+00  1.5000E+00     6.4539E-02     2.6668E-09     4.1321E-08
   453     1.5000E+00  1.4250E+00     5.1293E-02     2.1043E-09     4.1025E-08
   454     1.4250E+00  1.3500E+00     5.4067E-02     2.2025E-09     4.0736E-08
   455     1.3500E+00  1.2750E+00     5.7158E-02     2.3105E-09     4.0423E-08
   456     1.2750E+00  1.2000E+00     6.0625E-02     2.4214E-09     3.9941E-08
   457     1.2000E+00  1.1500E+00     4.2560E-02     1.6817E-09     3.9514E-08
   458     1.1500E+00  1.1000E+00     4.4452E-02     1.7318E-09     3.8959E-08
   459     1.1000E+00  1.0500E+00     4.6520E-02     1.7955E-09     3.8596E-08
   460     1.0500E+00  1.0000E+00     4.8790E-02     1.8476E-09     3.7868E-08
   461     1.0000E+00  9.6000E-01     4.0822E-02     1.5192E-09     3.7215E-08
   462     9.6000E-01  9.2000E-01     4.2560E-02     1.5531E-09     3.6492E-08
   463     9.2000E-01  8.8000E-01     4.4452E-02     1.5825E-09     3.5600E-08
   464     8.8000E-01  8.4000E-01     4.6520E-02     1.6125E-09     3.4662E-08
   465     8.4000E-01  8.0000E-01     4.8790E-02     1.6346E-09     3.3503E-08
   466     8.0000E-01  7.6000E-01     5.1293E-02     1.6506E-09     3.2180E-08
   467     7.6000E-01  7.2000E-01     5.4067E-02     1.6463E-09     3.0449E-08
   468     7.2000E-01  6.9000E-01     4.2560E-02     1.2238E-09     2.8755E-08
   469     6.9000E-01  6.6000E-01     4.4452E-02     1.1987E-09     2.6966E-08
   470     6.6000E-01  6.3000E-01     4.6520E-02     1.1691E-09     2.5131E-08
   471     6.3000E-01  6.0000E-01     4.8790E-02     1.1184E-09     2.2923E-08
   472     6.0000E-01  5.7500E-01     4.2560E-02     8.8350E-10     2.0759E-08
   473     5.7500E-01  5.5000E-01     4.4452E-02     8.2236E-10     1.8500E-08
   474     5.5000E-01  5.2500E-01     4.6520E-02     7.4763E-10     1.6071E-08
   475     5.2500E-01  5.0000E-01     4.8790E-02     6.5816E-10     1.3490E-08
   476     5.0000E-01  4.7500E-01     5.1293E-02     5.5419E-10     1.0804E-08
   477     4.7500E-01  4.5000E-01     5.4067E-02     4.4200E-10     8.1750E-09
   478     4.5000E-01  4.2500E-01     5.7158E-02     3.2471E-10     5.6809E-09
   479     4.2500E-01  4.0000E-01     6.0625E-02     2.1358E-10     3.5230E-09
   480     4.0000E-01  3.8000E-01     5.1293E-02     1.0247E-10     1.9977E-09
   481     3.8000E-01  3.6000E-01     5.4067E-02     5.6731E-11     1.0493E-09
   482     3.6000E-01  3.4000E-01     5.7158E-02     2.6975E-11     4.7193E-10
   483     3.4000E-01  3.2000E-01     6.0625E-02     1.2098E-11     1.9956E-10
   484     3.2000E-01  3.0000E-01     6.4539E-02     6.9686E-12     1.0798E-10
   485     3.0000E-01  2.8000E-01     6.8993E-02     5.8999E-12     8.5515E-11
   486     2.8000E-01  2.7000E-01     3.6368E-02     3.0184E-12     8.2997E-11
   487     2.7000E-01  2.5500E-01     5.7158E-02     4.8392E-12     8.4663E-11
   488     2.5500E-01  2.4000E-01     6.0625E-02     5.1118E-12     8.4319E-11
   489     2.4000E-01  2.3000E-01     4.2560E-02     3.6117E-12     8.4862E-11
   490     2.3000E-01  2.2000E-01     4.4452E-02     3.9272E-12     8.8347E-11
   491     2.2000E-01  2.1000E-01     4.6520E-02     4.2433E-12     9.1215E-11
   492     2.1000E-01  2.0000E-01     4.8790E-02     4.5856E-12     9.3986E-11
   493     2.0000E-01  1.9000E-01     5.1293E-02     5.2572E-12     1.0249E-10
   494     1.9000E-01  1.8000E-01     5.4067E-02     5.6277E-12     1.0409E-10
   495     1.8000E-01  1.7000E-01     5.7158E-02     6.5994E-12     1.1546E-10
   496     1.7000E-01  1.6000E-01     6.0625E-02     7.6324E-12     1.2590E-10
   497     1.6000E-01  1.5000E-01     6.4539E-02     9.0626E-12     1.4042E-10
   498     1.5000E-01  1.4250E-01     5.1293E-02     8.0511E-12     1.5696E-10
   499     1.4250E-01  1.3500E-01     5.4067E-02     9.2451E-12     1.7099E-10
   500     1.3500E-01  1.2750E-01     5.7158E-02     1.0636E-11     1.8608E-10
   501     1.2750E-01  1.2000E-01     6.0625E-02     1.2473E-11     2.0574E-10
   502     1.2000E-01  1.1500E-01     4.2560E-02     9.2267E-12     2.1679E-10
   503     1.1500E-01  1.1000E-01     4.4452E-02     1.0421E-11     2.3443E-10
   504     1.1000E-01  1.0500E-01     4.6520E-02     1.1384E-11     2.4471E-10
   505     1.0500E-01  1.0000E-01     4.8790E-02     1.2921E-11     2.6483E-10
   506     1.0000E-01  9.6000E-02     4.0822E-02     1.1412E-11     2.7956E-10
   507     9.6000E-02  9.2000E-02     4.2560E-02     1.1943E-11     2.8062E-10
   508     9.2000E-02  8.8000E-02     4.4452E-02     1.3098E-11     2.9466E-10
   509     8.8000E-02  8.4000E-02     4.6520E-02     1.4373E-11     3.0896E-10
   510     8.4000E-02  8.0000E-02     4.8790E-02     1.5247E-11     3.1250E-10
   511     8.0000E-02  7.6000E-02     5.1293E-02     1.6777E-11     3.2708E-10
   512     7.6000E-02  7.2000E-02     5.4067E-02     1.7686E-11     3.2711E-10
   513     7.2000E-02  6.9000E-02     4.2560E-02     1.3907E-11     3.2677E-10
   514     6.9000E-02  6.6000E-02     4.4452E-02     1.5059E-11     3.3877E-10
   515     6.6000E-02  6.3000E-02     4.6520E-02     1.6034E-11     3.4467E-10
   516     6.3000E-02  6.0000E-02     4.8790E-02     1.6397E-11     3.3607E-10
   517     6.0000E-02  5.7500E-02     4.2560E-02     1.4212E-11     3.3393E-10
   518     5.7500E-02  5.5000E-02     4.4452E-02     1.4504E-11     3.2629E-10
   519     5.5000E-02  5.2500E-02     4.6520E-02     1.5296E-11     3.2880E-10
   520     5.2500E-02  5.0000E-02     4.8790E-02     1.5635E-11     3.2045E-10
   521     5.0000E-02  4.7500E-02     5.1293E-02     1.6215E-11     3.1612E-10
   522     4.7500E-02  4.5000E-02     5.4067E-02     1.6477E-11     3.0475E-10
   523     4.5000E-02  4.2500E-02     5.7158E-02     1.6663E-11     2.9152E-10
   524     4.2500E-02  4.0000E-02     6.0625E-02     1.6842E-11     2.7781E-10
   525     4.0000E-02  3.8000E-02     5.1293E-02     1.3362E-11     2.6050E-10
   526     3.8000E-02  3.6000E-02     5.4067E-02     1.3521E-11     2.5008E-10
   527     3.6000E-02  3.4000E-02     5.7158E-02     1.3196E-11     2.3087E-10
   528     3.4000E-02  3.2000E-02     6.0625E-02     1.3459E-11     2.2201E-10
   529     3.2000E-02  3.0000E-02     6.4539E-02     1.3220E-11     2.0484E-10
   530     3.0000E-02  2.8000E-02     6.8993E-02     1.2991E-11     1.8829E-10
   531     2.8000E-02  2.7000E-02     3.6368E-02     6.4110E-12     1.7628E-10
   532     2.7000E-02  2.5500E-02     5.7158E-02     9.4026E-12     1.6450E-10
   533     2.5500E-02  2.4000E-02     6.0625E-02     9.0020E-12     1.4849E-10
   534     2.4000E-02  2.3000E-02     4.2560E-02     5.8857E-12     1.3829E-10
   535     2.3000E-02  2.2000E-02     4.4452E-02     5.6794E-12     1.2777E-10
   536     2.2000E-02  2.1000E-02     4.6520E-02     5.7896E-12     1.2445E-10
   537     2.1000E-02  2.0000E-02     4.8790E-02     5.5659E-12     1.1408E-10
   538     2.0000E-02  1.9000E-02     5.1293E-02     5.3011E-12     1.0335E-10
   539     1.9000E-02  1.8000E-02     5.4067E-02     5.1197E-12     9.4691E-11
   540     1.8000E-02  1.7000E-02     5.7158E-02     4.8896E-12     8.5545E-11
   541     1.7000E-02  1.6000E-02     6.0625E-02     4.6145E-12     7.6116E-11
   542     1.6000E-02  1.5000E-02     6.4539E-02     4.4622E-12     6.9140E-11
   543     1.5000E-02  1.4250E-02     5.1293E-02     3.1471E-12     6.1355E-11
   544     1.4250E-02  1.3500E-02     5.4067E-02     3.0178E-12     5.5816E-11
   545     1.3500E-02  1.2750E-02     5.7158E-02     2.9085E-12     5.0885E-11
   546     1.2750E-02  1.2000E-02     6.0625E-02     2.8060E-12     4.6285E-11
   547     1.2000E-02  1.1500E-02     4.2560E-02     1.7648E-12     4.1467E-11
   548     1.1500E-02  1.1000E-02     4.4452E-02     1.6301E-12     3.6671E-11
   549     1.1000E-02  1.0500E-02     4.6520E-02     1.5462E-12     3.3237E-11
   550     1.0500E-02  1.0000E-02     4.8790E-02     1.5233E-12     3.1221E-11
   551     1.0000E-02  9.6000E-03     4.0822E-02     1.1666E-12     2.8578E-11
   552     9.6000E-03  9.2000E-03     4.2560E-02     1.0860E-12     2.5517E-11
   553     9.2000E-03  8.8000E-03     4.4452E-02     1.0681E-12     2.4028E-11
   554     8.8000E-03  8.4000E-03     4.6520E-02     1.0514E-12     2.2601E-11
   555     8.4000E-03  8.0000E-03     4.8790E-02     9.5114E-13     1.9495E-11
   556     8.0000E-03  7.6000E-03     5.1293E-02     9.1829E-13     1.7903E-11
   557     7.6000E-03  7.2000E-03     5.4067E-02     8.0411E-13     1.4872E-11
   558     7.2000E-03  6.9000E-03     4.2560E-02     5.8843E-13     1.3826E-11
   559     6.9000E-03  6.6000E-03     4.4452E-02     5.6378E-13     1.2683E-11
   560     6.6000E-03  6.3000E-03     4.6520E-02     5.3219E-13     1.1440E-11
   561     6.3000E-03  6.0000E-03     4.8790E-02     5.2732E-13     1.0808E-11
   562     6.0000E-03  5.7500E-03     4.2560E-02     4.3928E-13     1.0322E-11
   563     5.7500E-03  5.5000E-03     4.4452E-02     4.0084E-13     9.0174E-12
   564     5.5000E-03  5.2500E-03     4.6520E-02     3.7061E-13     7.9667E-12
   565     5.2500E-03  5.0000E-03     4.8790E-02     3.7569E-13     7.7001E-12
   566     5.0000E-03  4.7500E-03     5.1293E-02     3.7598E-13     7.3300E-12
   567     4.7500E-03  4.5000E-03     5.4067E-02     3.3599E-13     6.2143E-12
   568     4.5000E-03  4.2500E-03     5.7158E-02     2.8098E-13     4.9158E-12
   569     4.2500E-03  4.0000E-03     6.0625E-02     2.5821E-13     4.2592E-12
   570     4.0000E-03  3.8000E-03     5.1293E-02     2.1430E-13     4.1779E-12
   571     3.8000E-03  3.6000E-03     5.4067E-02     2.0010E-13     3.7009E-12
   572     3.6000E-03  3.4000E-03     5.7158E-02     2.1324E-13     3.7307E-12
   573     3.4000E-03  3.2000E-03     6.0625E-02     1.6499E-13     2.7215E-12
   574     3.2000E-03  3.0000E-03     6.4539E-02     1.7075E-13     2.6457E-12
   575     3.0000E-03  2.8000E-03     6.8993E-02     1.4891E-13     2.1583E-12
   576     2.8000E-03  2.7000E-03     3.6368E-02     6.7915E-14     1.8675E-12
   577     2.7000E-03  2.5500E-03     5.7158E-02     9.1452E-14     1.6000E-12
   578     2.5500E-03  2.4000E-03     6.0625E-02     9.4560E-14     1.5598E-12
   579     2.4000E-03  2.3000E-03     4.2560E-02     5.7432E-14     1.3494E-12
   580     2.3000E-03  2.2000E-03     4.4452E-02     4.3801E-14     9.8536E-13
   581     2.2000E-03  2.1000E-03     4.6520E-02     4.9559E-14     1.0653E-12
   582     2.1000E-03  2.0000E-03     4.8790E-02     4.1880E-14     8.5837E-13
   583     2.0000E-03  1.9000E-03     5.1293E-02     4.7447E-14     9.2501E-13
   584     1.9000E-03  1.8000E-03     5.4067E-02     4.3425E-14     8.0317E-13
   585     1.8000E-03  1.7000E-03     5.7158E-02     3.0477E-14     5.3320E-13
   586     1.7000E-03  1.6000E-03     6.0625E-02     4.3641E-14     7.1986E-13
   587     1.6000E-03  1.5000E-03     6.4539E-02     2.4131E-14     3.7390E-13
   588     1.5000E-03  1.4250E-03     5.1293E-02     2.0039E-14     3.9067E-13
   589     1.4250E-03  1.3500E-03     5.4067E-02     1.9563E-14     3.6183E-13
   590     1.3500E-03  1.2750E-03     5.7158E-02     1.9815E-14     3.4667E-13
   591     1.2750E-03  1.2000E-03     6.0625E-02     2.7591E-14     4.5511E-13
   592     1.2000E-03  1.1500E-03     4.2560E-02     6.8811E-15     1.6168E-13
   593     1.1500E-03  1.1000E-03     4.4452E-02     2.1668E-14     4.8745E-13
   594     1.1000E-03  1.0500E-03     4.6520E-02     1.7036E-14     3.6621E-13
   595     1.0500E-03  1.0000E-03     4.8790E-02     8.9362E-15     1.8316E-13
   596     1.0000E-03  9.6000E-04     4.0822E-02     6.2736E-15     1.5368E-13
   597     9.6000E-04  9.2000E-04     4.2560E-02     1.0778E-14     2.5324E-13
   598     9.2000E-04  8.8000E-04     4.4452E-02     2.7936E-15     6.2846E-14
   599     8.8000E-04  8.4000E-04     4.6520E-02     5.0759E-15     1.0911E-13
   600     8.4000E-04  8.0000E-04     4.8790E-02     6.8601E-16     1.4060E-14
   601     8.0000E-04  7.6000E-04     5.1293E-02     1.2256E-14     2.3894E-13
   602     7.6000E-04  7.2000E-04     5.4067E-02     7.1576E-15     1.3238E-13
   603     7.2000E-04  6.9000E-04     4.2560E-02     2.8274E-15     6.6434E-14
   604     6.9000E-04  6.6000E-04     4.4452E-02     6.5824E-15     1.4808E-13
   605     6.6000E-04  6.3000E-04     4.6520E-02     4.1718E-15     8.9678E-14
   606     6.3000E-04  6.0000E-04     4.8790E-02     3.9694E-15     8.1357E-14
   607     6.0000E-04  5.7500E-04     4.2560E-02     2.0933E-15     4.9185E-14
   608     5.7500E-04  5.5000E-04     4.4452E-02     4.3487E-16     9.7830E-15
   609     5.5000E-04  5.2500E-04     4.6520E-02     3.5295E-15     7.5871E-14
   610     5.2500E-04  5.0000E-04     4.8790E-02     7.2385E-16     1.4836E-14
   611     5.0000E-04  4.7500E-04     5.1293E-02     6.2547E-16     1.2194E-14
   612     4.7500E-04  4.5000E-04     5.4067E-02     4.3273E-15     8.0036E-14
   613     4.5000E-04  4.2500E-04     5.7158E-02     2.9415E-15     5.1462E-14
   614     4.2500E-04  4.0000E-04     6.0625E-02     4.1430E-15     6.8339E-14
   615     4.0000E-04  3.8000E-04     5.1293E-02     1.1764E-15     2.2935E-14
   616     3.8000E-04  3.6000E-04     5.4067E-02     3.3663E-15     6.2261E-14
   617     3.6000E-04  3.4000E-04     5.7158E-02     1.8049E-15     3.1577E-14
   618     3.4000E-04  3.2000E-04     6.0625E-02     1.6421E-15     2.7086E-14
   619     3.2000E-04  3.0000E-04     6.4539E-02     1.4760E-15     2.2870E-14
   620     3.0000E-04  2.8000E-04     6.8993E-02     1.9289E-15     2.7958E-14
   621     2.8000E-04  2.7000E-04     3.6368E-02     0.0000E+00     0.0000E+00
   622     2.7000E-04  2.5500E-04     5.7158E-02     0.0000E+00     0.0000E+00
   623     2.5500E-04  2.4000E-04     6.0625E-02     0.0000E+00     0.0000E+00
   624     2.4000E-04  2.3000E-04     4.2560E-02     0.0000E+00     0.0000E+00
   625     2.3000E-04  2.2000E-04     4.4452E-02     0.0000E+00     0.0000E+00
   626     2.2000E-04  2.1000E-04     4.6520E-02     0.0000E+00     0.0000E+00
   627     2.1000E-04  2.0000E-04     4.8790E-02     0.0000E+00     0.0000E+00
   628     2.0000E-04  1.9000E-04     5.1293E-02     0.0000E+00     0.0000E+00
   629     1.9000E-04  1.8000E-04     5.4067E-02     0.0000E+00     0.0000E+00
   630     1.8000E-04  1.7000E-04     5.7158E-02     0.0000E+00     0.0000E+00
   631     1.7000E-04  1.6000E-04     6.0625E-02     0.0000E+00     0.0000E+00
   632     1.6000E-04  1.5000E-04     6.4539E-02     0.0000E+00     0.0000E+00
   633     1.5000E-04  1.4250E-04     5.1293E-02     0.0000E+00     0.0000E+00
   634     1.4250E-04  1.3500E-04     5.4067E-02     0.0000E+00     0.0000E+00
   635     1.3500E-04  1.2750E-04     5.7158E-02     0.0000E+00     0.0000E+00
   636     1.2750E-04  1.2000E-04     6.0625E-02     0.0000E+00     0.0000E+00
   637     1.2000E-04  1.1500E-04     4.2560E-02     0.0000E+00     0.0000E+00
   638     1.1500E-04  1.1000E-04     4.4452E-02     0.0000E+00     0.0000E+00
   639     1.1000E-04  1.0500E-04     4.6520E-02     0.0000E+00     0.0000E+00
   640     1.0500E-04  1.0000E-04     4.8790E-02     0.0000E+00     0.0000E+00
  TOTAL                                              1.0002E-06
