  GROUP      UPPER       LOWER         LETHARGY         DATA        DATA/LETHARGY

     1     2.0000E+07  1.9900E+07     5.0125E-03     1.2877E-14     2.5690E-12
     2     1.9900E+07  1.9800E+07     5.0378E-03     1.4437E-14     2.8657E-12
     3     1.9800E+07  1.9700E+07     5.0633E-03     1.3616E-14     2.6892E-12
     4     1.9700E+07  1.9600E+07     5.0891E-03     1.9829E-14     3.8964E-12
     5     1.9600E+07  1.9500E+07     5.1151E-03     1.4711E-14     2.8760E-12
     6     1.9500E+07  1.9400E+07     5.1414E-03     1.6163E-14     3.1437E-12
     7     1.9400E+07  1.9300E+07     5.1680E-03     2.9410E-14     5.6908E-12
     8     1.9300E+07  1.9200E+07     5.1948E-03     1.3443E-14     2.5878E-12
     9     1.9200E+07  1.9100E+07     5.2219E-03     1.9419E-14     3.7187E-12
    10     1.9100E+07  1.9000E+07     5.2494E-03     2.4406E-14     4.6493E-12
    11     1.9000E+07  1.8900E+07     5.2771E-03     2.4511E-14     4.6448E-12
    12     1.8900E+07  1.8800E+07     5.3051E-03     3.0117E-14     5.6770E-12
    13     1.8800E+07  1.8700E+07     5.3333E-03     3.3230E-14     6.2306E-12
    14     1.8700E+07  1.8600E+07     5.3619E-03     3.9015E-14     7.2763E-12
    15     1.8600E+07  1.8500E+07     5.3908E-03     4.7096E-14     8.7363E-12
    16     1.8500E+07  1.8400E+07     5.4201E-03     5.6966E-14     1.0510E-11
    17     1.8400E+07  1.8300E+07     5.4496E-03     5.8915E-14     1.0811E-11
    18     1.8300E+07  1.8200E+07     5.4795E-03     4.7684E-14     8.7023E-12
    19     1.8200E+07  1.8100E+07     5.5097E-03     5.2344E-14     9.5004E-12
    20     1.8100E+07  1.8000E+07     5.5402E-03     5.2703E-14     9.5129E-12
    21     1.8000E+07  1.7900E+07     5.5710E-03     6.6434E-14     1.1925E-11
    22     1.7900E+07  1.7800E+07     5.6023E-03     6.5143E-14     1.1628E-11
    23     1.7800E+07  1.7700E+07     5.6338E-03     6.2733E-14     1.1135E-11
    24     1.7700E+07  1.7600E+07     5.6657E-03     8.8594E-14     1.5637E-11
    25     1.7600E+07  1.7500E+07     5.6980E-03     8.5728E-14     1.5045E-11
    26     1.7500E+07  1.7400E+07     5.7307E-03     9.0289E-14     1.5755E-11
    27     1.7400E+07  1.7300E+07     5.7637E-03     8.5025E-14     1.4752E-11
    28     1.7300E+07  1.7200E+07     5.7971E-03     9.6156E-14     1.6587E-11
    29     1.7200E+07  1.7100E+07     5.8309E-03     1.1153E-13     1.9127E-11
    30     1.7100E+07  1.7000E+07     5.8651E-03     9.8773E-14     1.6841E-11
    31     1.7000E+07  1.6900E+07     5.8997E-03     1.1587E-13     1.9640E-11
    32     1.6900E+07  1.6800E+07     5.9347E-03     1.4398E-13     2.4261E-11
    33     1.6800E+07  1.6700E+07     5.9702E-03     1.4524E-13     2.4328E-11
    34     1.6700E+07  1.6600E+07     6.0060E-03     1.6571E-13     2.7591E-11
    35     1.6600E+07  1.6500E+07     6.0423E-03     1.6014E-13     2.6503E-11
    36     1.6500E+07  1.6400E+07     6.0790E-03     1.7878E-13     2.9409E-11
    37     1.6400E+07  1.6300E+07     6.1162E-03     1.6580E-13     2.7108E-11
    38     1.6300E+07  1.6200E+07     6.1539E-03     2.0431E-13     3.3200E-11
    39     1.6200E+07  1.6100E+07     6.1920E-03     2.1053E-13     3.4000E-11
    40     1.6100E+07  1.6000E+07     6.2305E-03     2.2787E-13     3.6573E-11
    41     1.6000E+07  1.5900E+07     6.2696E-03     2.3707E-13     3.7813E-11
    42     1.5900E+07  1.5800E+07     6.3092E-03     2.3652E-13     3.7488E-11
    43     1.5800E+07  1.5700E+07     6.3492E-03     2.6096E-13     4.1101E-11
    44     1.5700E+07  1.5600E+07     6.3898E-03     2.8576E-13     4.4721E-11
    45     1.5600E+07  1.5500E+07     6.4309E-03     3.1573E-13     4.9096E-11
    46     1.5500E+07  1.5400E+07     6.4725E-03     3.3489E-13     5.1740E-11
    47     1.5400E+07  1.5300E+07     6.5147E-03     3.6457E-13     5.5961E-11
    48     1.5300E+07  1.5200E+07     6.5574E-03     3.8304E-13     5.8413E-11
    49     1.5200E+07  1.5100E+07     6.6007E-03     3.9111E-13     5.9253E-11
    50     1.5100E+07  1.5000E+07     6.6445E-03     4.9419E-13     7.4375E-11
    51     1.5000E+07  1.4900E+07     6.6890E-03     5.0045E-13     7.4817E-11
    52     1.4900E+07  1.4800E+07     6.7340E-03     5.0513E-13     7.5012E-11
    53     1.4800E+07  1.4700E+07     6.7797E-03     5.6360E-13     8.3131E-11
    54     1.4700E+07  1.4600E+07     6.8260E-03     6.0821E-13     8.9102E-11
    55     1.4600E+07  1.4500E+07     6.8729E-03     6.9018E-13     1.0042E-10
    56     1.4500E+07  1.4400E+07     6.9204E-03     7.0338E-13     1.0164E-10
    57     1.4400E+07  1.4300E+07     6.9687E-03     7.8264E-13     1.1231E-10
    58     1.4300E+07  1.4200E+07     7.0176E-03     9.0245E-13     1.2860E-10
    59     1.4200E+07  1.4100E+07     7.0672E-03     8.8963E-13     1.2588E-10
    60     1.4100E+07  1.4000E+07     7.1175E-03     9.5366E-13     1.3399E-10
    61     1.4000E+07  1.3900E+07     7.1685E-03     1.0322E-12     1.4399E-10
    62     1.3900E+07  1.3800E+07     7.2202E-03     1.0998E-12     1.5232E-10
    63     1.3800E+07  1.3700E+07     7.2728E-03     1.2944E-12     1.7798E-10
    64     1.3700E+07  1.3600E+07     7.3260E-03     1.2822E-12     1.7502E-10
    65     1.3600E+07  1.3500E+07     7.3801E-03     1.3162E-12     1.7834E-10
    66     1.3500E+07  1.3400E+07     7.4350E-03     1.4196E-12     1.9094E-10
    67     1.3400E+07  1.3300E+07     7.4907E-03     1.6006E-12     2.1368E-10
    68     1.3300E+07  1.3200E+07     7.5472E-03     1.7421E-12     2.3083E-10
    69     1.3200E+07  1.3100E+07     7.6046E-03     1.8780E-12     2.4696E-10
    70     1.3100E+07  1.3000E+07     7.6629E-03     1.9413E-12     2.5334E-10
    71     1.3000E+07  1.2900E+07     7.7220E-03     2.2075E-12     2.8587E-10
    72     1.2900E+07  1.2800E+07     7.7821E-03     2.2516E-12     2.8933E-10
    73     1.2800E+07  1.2700E+07     7.8432E-03     2.4071E-12     3.0690E-10
    74     1.2700E+07  1.2600E+07     7.9052E-03     2.6395E-12     3.3390E-10
    75     1.2600E+07  1.2500E+07     7.9682E-03     2.8678E-12     3.5991E-10
    76     1.2500E+07  1.2400E+07     8.0322E-03     3.0994E-12     3.8587E-10
    77     1.2400E+07  1.2300E+07     8.0972E-03     3.2301E-12     3.9892E-10
    78     1.2300E+07  1.2200E+07     8.1633E-03     3.4790E-12     4.2618E-10
    79     1.2200E+07  1.2100E+07     8.2305E-03     3.9538E-12     4.8038E-10
    80     1.2100E+07  1.2000E+07     8.2988E-03     3.9846E-12     4.8014E-10
    81     1.2000E+07  1.1900E+07     8.3682E-03     4.1398E-12     4.9470E-10
    82     1.1900E+07  1.1800E+07     8.4389E-03     4.5306E-12     5.3687E-10
    83     1.1800E+07  1.1700E+07     8.5107E-03     4.8378E-12     5.6844E-10
    84     1.1700E+07  1.1600E+07     8.5837E-03     5.3513E-12     6.2342E-10
    85     1.1600E+07  1.1500E+07     8.6581E-03     5.3906E-12     6.2261E-10
    86     1.1500E+07  1.1400E+07     8.7337E-03     5.9872E-12     6.8553E-10
    87     1.1400E+07  1.1300E+07     8.8106E-03     6.3331E-12     7.1880E-10
    88     1.1300E+07  1.1200E+07     8.8889E-03     6.9172E-12     7.7818E-10
    89     1.1200E+07  1.1100E+07     8.9687E-03     7.5880E-12     8.4606E-10
    90     1.1100E+07  1.1000E+07     9.0498E-03     8.2591E-12     9.1262E-10
    91     1.1000E+07  1.0900E+07     9.1325E-03     9.4984E-12     1.0401E-09
    92     1.0900E+07  1.0800E+07     9.2167E-03     1.0420E-11     1.1306E-09
    93     1.0800E+07  1.0700E+07     9.3024E-03     1.0987E-11     1.1811E-09
    94     1.0700E+07  1.0600E+07     9.3897E-03     1.1916E-11     1.2690E-09
    95     1.0600E+07  1.0500E+07     9.4787E-03     1.2466E-11     1.3152E-09
    96     1.0500E+07  1.0400E+07     9.5695E-03     1.3195E-11     1.3789E-09
    97     1.0400E+07  1.0300E+07     9.6619E-03     1.4095E-11     1.4588E-09
    98     1.0300E+07  1.0200E+07     9.7562E-03     1.4826E-11     1.5197E-09
    99     1.0200E+07  1.0100E+07     9.8523E-03     1.5779E-11     1.6016E-09
   100     1.0100E+07  1.0000E+07     9.9503E-03     1.7141E-11     1.7227E-09
   101     1.0000E+07  9.9000E+06     1.0050E-02     1.8907E-11     1.8812E-09
   102     9.9000E+06  9.8000E+06     1.0152E-02     2.0003E-11     1.9703E-09
   103     9.8000E+06  9.7000E+06     1.0257E-02     2.1672E-11     2.1130E-09
   104     9.7000E+06  9.6000E+06     1.0363E-02     2.3486E-11     2.2664E-09
   105     9.6000E+06  9.5000E+06     1.0471E-02     2.5602E-11     2.4450E-09
   106     9.5000E+06  9.4000E+06     1.0582E-02     2.7714E-11     2.6189E-09
   107     9.4000E+06  9.3000E+06     1.0695E-02     3.0340E-11     2.8368E-09
   108     9.3000E+06  9.2000E+06     1.0811E-02     3.3104E-11     3.0621E-09
   109     9.2000E+06  9.1000E+06     1.0929E-02     3.4923E-11     3.1954E-09
   110     9.1000E+06  9.0000E+06     1.1050E-02     3.6877E-11     3.3373E-09
   111     9.0000E+06  8.9000E+06     1.1173E-02     4.0850E-11     3.6560E-09
   112     8.9000E+06  8.8000E+06     1.1300E-02     4.3108E-11     3.8150E-09
   113     8.8000E+06  8.7000E+06     1.1429E-02     4.4401E-11     3.8850E-09
   114     8.7000E+06  8.6000E+06     1.1561E-02     4.8530E-11     4.1978E-09
   115     8.6000E+06  8.5000E+06     1.1696E-02     5.2827E-11     4.5167E-09
   116     8.5000E+06  8.4000E+06     1.1834E-02     5.6215E-11     4.7501E-09
   117     8.4000E+06  8.3000E+06     1.1976E-02     5.9277E-11     4.9496E-09
   118     8.3000E+06  8.2000E+06     1.2121E-02     6.3741E-11     5.2586E-09
   119     8.2000E+06  8.1000E+06     1.2270E-02     7.1217E-11     5.8041E-09
   120     8.1000E+06  8.0000E+06     1.2423E-02     8.2870E-11     6.6709E-09
   121     8.0000E+06  7.9000E+06     1.2579E-02     8.6243E-11     6.8562E-09
   122     7.9000E+06  7.8000E+06     1.2739E-02     8.6067E-11     6.7562E-09
   123     7.8000E+06  7.7000E+06     1.2903E-02     9.4644E-11     7.3348E-09
   124     7.7000E+06  7.6000E+06     1.3072E-02     1.0541E-10     8.0638E-09
   125     7.6000E+06  7.5000E+06     1.3245E-02     1.1560E-10     8.7277E-09
   126     7.5000E+06  7.4000E+06     1.3423E-02     1.2201E-10     9.0896E-09
   127     7.4000E+06  7.3000E+06     1.3606E-02     1.2709E-10     9.3410E-09
   128     7.3000E+06  7.2000E+06     1.3793E-02     1.3463E-10     9.7605E-09
   129     7.2000E+06  7.1000E+06     1.3986E-02     1.5255E-10     1.0907E-08
   130     7.1000E+06  7.0000E+06     1.4185E-02     1.6955E-10     1.1953E-08
   131     7.0000E+06  6.9000E+06     1.4389E-02     1.8908E-10     1.3141E-08
   132     6.9000E+06  6.8000E+06     1.4599E-02     1.9384E-10     1.3278E-08
   133     6.8000E+06  6.7000E+06     1.4815E-02     2.1087E-10     1.4233E-08
   134     6.7000E+06  6.6000E+06     1.5038E-02     2.2682E-10     1.5083E-08
   135     6.6000E+06  6.5000E+06     1.5267E-02     2.5752E-10     1.6867E-08
   136     6.5000E+06  6.4000E+06     1.5504E-02     2.7072E-10     1.7461E-08
   137     6.4000E+06  6.3000E+06     1.5748E-02     2.7746E-10     1.7618E-08
   138     6.3000E+06  6.2000E+06     1.6000E-02     3.1218E-10     1.9511E-08
   139     6.2000E+06  6.1000E+06     1.6261E-02     3.3049E-10     2.0325E-08
   140     6.1000E+06  6.0000E+06     1.6529E-02     3.3856E-10     2.0482E-08
   141     6.0000E+06  5.9000E+06     1.6807E-02     3.5473E-10     2.1106E-08
   142     5.9000E+06  5.8000E+06     1.7094E-02     4.0006E-10     2.3403E-08
   143     5.8000E+06  5.7000E+06     1.7392E-02     4.1869E-10     2.4074E-08
   144     5.7000E+06  5.6000E+06     1.7700E-02     4.2042E-10     2.3753E-08
   145     5.6000E+06  5.5000E+06     1.8019E-02     5.0900E-10     2.8249E-08
   146     5.5000E+06  5.4000E+06     1.8349E-02     5.6483E-10     3.0782E-08
   147     5.4000E+06  5.3000E+06     1.8692E-02     5.9451E-10     3.1805E-08
   148     5.3000E+06  5.2000E+06     1.9048E-02     6.5465E-10     3.4368E-08
   149     5.2000E+06  5.1000E+06     1.9418E-02     6.2189E-10     3.2026E-08
   150     5.1000E+06  5.0000E+06     1.9803E-02     7.4063E-10     3.7401E-08
   151     5.0000E+06  4.9000E+06     2.0203E-02     8.3571E-10     4.1366E-08
   152     4.9000E+06  4.8000E+06     2.0619E-02     8.1729E-10     3.9637E-08
   153     4.8000E+06  4.7000E+06     2.1053E-02     9.8721E-10     4.6891E-08
   154     4.7000E+06  4.6000E+06     2.1506E-02     9.9803E-10     4.6407E-08
   155     4.6000E+06  4.5000E+06     2.1979E-02     1.0016E-09     4.5571E-08
   156     4.5000E+06  4.4000E+06     2.2473E-02     1.0780E-09     4.7969E-08
   157     4.4000E+06  4.3000E+06     2.2990E-02     1.0413E-09     4.5295E-08
   158     4.3000E+06  4.2000E+06     2.3530E-02     1.3450E-09     5.7160E-08
   159     4.2000E+06  4.1000E+06     2.4098E-02     1.4358E-09     5.9583E-08
   160     4.1000E+06  4.0000E+06     2.4693E-02     1.5627E-09     6.3286E-08
   161     4.0000E+06  3.9000E+06     2.5318E-02     1.4909E-09     5.8887E-08
   162     3.9000E+06  3.8000E+06     2.5975E-02     1.5429E-09     5.9398E-08
   163     3.8000E+06  3.7000E+06     2.6668E-02     1.4870E-09     5.5759E-08
   164     3.7000E+06  3.6000E+06     2.7399E-02     1.6585E-09     6.0531E-08
   165     3.6000E+06  3.5000E+06     2.8171E-02     1.7813E-09     6.3232E-08
   166     3.5000E+06  3.4000E+06     2.8988E-02     1.9092E-09     6.5863E-08
   167     3.4000E+06  3.3000E+06     2.9853E-02     2.0850E-09     6.9842E-08
   168     3.3000E+06  3.2000E+06     3.0772E-02     2.3250E-09     7.5557E-08
   169     3.2000E+06  3.1000E+06     3.1749E-02     2.8263E-09     8.9021E-08
   170     3.1000E+06  3.0000E+06     3.2790E-02     3.0469E-09     9.2922E-08
   171     3.0000E+06  2.9000E+06     3.3902E-02     3.1365E-09     9.2518E-08
   172     2.9000E+06  2.8000E+06     3.5091E-02     3.2764E-09     9.3368E-08
   173     2.8000E+06  2.7000E+06     3.6368E-02     3.5567E-09     9.7798E-08
   174     2.7000E+06  2.6000E+06     3.7740E-02     4.3929E-09     1.1640E-07
   175     2.6000E+06  2.5000E+06     3.9221E-02     4.8524E-09     1.2372E-07
   176     2.5000E+06  2.4000E+06     4.0822E-02     5.5058E-09     1.3487E-07
   177     2.4000E+06  2.3000E+06     4.2560E-02     6.5892E-09     1.5482E-07
   178     2.3000E+06  2.2000E+06     4.4452E-02     6.3281E-09     1.4236E-07
   179     2.2000E+06  2.1000E+06     4.6520E-02     6.3931E-09     1.3743E-07
   180     2.1000E+06  2.0000E+06     4.8790E-02     6.6578E-09     1.3646E-07
   181     2.0000E+06  1.9000E+06     5.1293E-02     6.8150E-09     1.3286E-07
   182     1.9000E+06  1.8000E+06     5.4067E-02     7.9034E-09     1.4618E-07
   183     1.8000E+06  1.7000E+06     5.7158E-02     9.2867E-09     1.6247E-07
   184     1.7000E+06  1.6000E+06     6.0625E-02     9.4802E-09     1.5638E-07
   185     1.6000E+06  1.5000E+06     6.4539E-02     1.0382E-08     1.6087E-07
   186     1.5000E+06  1.4000E+06     6.8993E-02     1.1482E-08     1.6642E-07
   187     1.4000E+06  1.3000E+06     7.4108E-02     1.1135E-08     1.5025E-07
   188     1.3000E+06  1.2000E+06     8.0043E-02     1.2742E-08     1.5919E-07
   189     1.2000E+06  1.1000E+06     8.7011E-02     1.3439E-08     1.5445E-07
   190     1.1000E+06  1.0000E+06     9.5310E-02     1.1727E-08     1.2304E-07
   191     1.0000E+06  9.6000E+05     4.0822E-02     4.4773E-09     1.0968E-07
   192     9.6000E+05  9.2000E+05     4.2560E-02     5.4336E-09     1.2767E-07
   193     9.2000E+05  8.8000E+05     4.4452E-02     6.0432E-09     1.3595E-07
   194     8.8000E+05  8.4000E+05     4.6520E-02     6.7418E-09     1.4492E-07
   195     8.4000E+05  8.0000E+05     4.8790E-02     7.8266E-09     1.6041E-07
   196     8.0000E+05  7.6000E+05     5.1293E-02     8.6678E-09     1.6899E-07
   197     7.6000E+05  7.2000E+05     5.4067E-02     9.2098E-09     1.7034E-07
   198     7.2000E+05  6.9000E+05     4.2560E-02     7.4842E-09     1.7585E-07
   199     6.9000E+05  6.6000E+05     4.4452E-02     7.1135E-09     1.6003E-07
   200     6.6000E+05  6.3000E+05     4.6520E-02     6.8308E-09     1.4684E-07
   201     6.3000E+05  6.0000E+05     4.8790E-02     6.6927E-09     1.3717E-07
   202     6.0000E+05  5.7500E+05     4.2560E-02     5.9730E-09     1.4034E-07
   203     5.7500E+05  5.5000E+05     4.4452E-02     6.2449E-09     1.4049E-07
   204     5.5000E+05  5.2500E+05     4.6520E-02     6.3536E-09     1.3658E-07
   205     5.2500E+05  5.0000E+05     4.8790E-02     6.7194E-09     1.3772E-07
   206     5.0000E+05  4.7500E+05     5.1293E-02     6.7368E-09     1.3134E-07
   207     4.7500E+05  4.5000E+05     5.4067E-02     6.3183E-09     1.1686E-07
   208     4.5000E+05  4.2500E+05     5.7158E-02     4.9557E-09     8.6701E-08
   209     4.2500E+05  4.0000E+05     6.0625E-02     5.7061E-09     9.4122E-08
   210     4.0000E+05  3.8000E+05     5.1293E-02     5.4190E-09     1.0565E-07
   211     3.8000E+05  3.6000E+05     5.4067E-02     5.6601E-09     1.0469E-07
   212     3.6000E+05  3.4000E+05     5.7158E-02     7.1554E-09     1.2519E-07
   213     3.4000E+05  3.2000E+05     6.0625E-02     6.8462E-09     1.1293E-07
   214     3.2000E+05  3.0000E+05     6.4539E-02     7.7449E-09     1.2000E-07
   215     3.0000E+05  2.8000E+05     6.8993E-02     6.9799E-09     1.0117E-07
   216     2.8000E+05  2.7000E+05     3.6368E-02     4.2065E-09     1.1567E-07
   217     2.7000E+05  2.5500E+05     5.7158E-02     6.5999E-09     1.1547E-07
   218     2.5500E+05  2.4000E+05     6.0625E-02     6.1998E-09     1.0227E-07
   219     2.4000E+05  2.3000E+05     4.2560E-02     4.1789E-09     9.8189E-08
   220     2.3000E+05  2.2000E+05     4.4452E-02     3.9289E-09     8.8386E-08
   221     2.2000E+05  2.1000E+05     4.6520E-02     4.3805E-09     9.4164E-08
   222     2.1000E+05  2.0000E+05     4.8790E-02     4.0700E-09     8.3418E-08
   223     2.0000E+05  1.9000E+05     5.1293E-02     4.2437E-09     8.2734E-08
   224     1.9000E+05  1.8000E+05     5.4067E-02     5.1938E-09     9.6062E-08
   225     1.8000E+05  1.7000E+05     5.7158E-02     4.8997E-09     8.5721E-08
   226     1.7000E+05  1.6000E+05     6.0625E-02     4.7880E-09     7.8978E-08
   227     1.6000E+05  1.5000E+05     6.4539E-02     4.5138E-09     6.9940E-08
   228     1.5000E+05  1.4250E+05     5.1293E-02     3.0349E-09     5.9168E-08
   229     1.4250E+05  1.3500E+05     5.4067E-02     4.5203E-09     8.3605E-08
   230     1.3500E+05  1.2750E+05     5.7158E-02     5.3468E-09     9.3544E-08
   231     1.2750E+05  1.2000E+05     6.0625E-02     4.7688E-09     7.8661E-08
   232     1.2000E+05  1.1500E+05     4.2560E-02     3.0201E-09     7.0962E-08
   233     1.1500E+05  1.1000E+05     4.4452E-02     3.2070E-09     7.2146E-08
   234     1.1000E+05  1.0500E+05     4.6520E-02     3.2890E-09     7.0701E-08
   235     1.0500E+05  1.0000E+05     4.8790E-02     3.1049E-09     6.3638E-08
   236     1.0000E+05  9.6000E+04     4.0822E-02     2.1772E-09     5.3334E-08
   237     9.6000E+04  9.2000E+04     4.2560E-02     2.4958E-09     5.8642E-08
   238     9.2000E+04  8.8000E+04     4.4452E-02     2.3168E-09     5.2119E-08
   239     8.8000E+04  8.4000E+04     4.6520E-02     1.8799E-09     4.0411E-08
   240     8.4000E+04  8.0000E+04     4.8790E-02     3.3125E-09     6.7893E-08
   241     8.0000E+04  7.6000E+04     5.1293E-02     3.7250E-09     7.2622E-08
   242     7.6000E+04  7.2000E+04     5.4067E-02     3.3863E-09     6.2631E-08
   243     7.2000E+04  6.9000E+04     4.2560E-02     3.2502E-09     7.6368E-08
   244     6.9000E+04  6.6000E+04     4.4452E-02     2.8625E-09     6.4396E-08
   245     6.6000E+04  6.3000E+04     4.6520E-02     2.7119E-09     5.8295E-08
   246     6.3000E+04  6.0000E+04     4.8790E-02     3.0818E-09     6.3164E-08
   247     6.0000E+04  5.7500E+04     4.2560E-02     2.4605E-09     5.7813E-08
   248     5.7500E+04  5.5000E+04     4.4452E-02     2.4901E-09     5.6018E-08
   249     5.5000E+04  5.2500E+04     4.6520E-02     2.4268E-09     5.2167E-08
   250     5.2500E+04  5.0000E+04     4.8790E-02     2.1645E-09     4.4363E-08
   251     5.0000E+04  4.7500E+04     5.1293E-02     3.0199E-09     5.8875E-08
   252     4.7500E+04  4.5000E+04     5.4067E-02     3.0928E-09     5.7203E-08
   253     4.5000E+04  4.2500E+04     5.7158E-02     2.9481E-09     5.1578E-08
   254     4.2500E+04  4.0000E+04     6.0625E-02     2.9050E-09     4.7918E-08
   255     4.0000E+04  3.8000E+04     5.1293E-02     2.2303E-09     4.3481E-08
   256     3.8000E+04  3.6000E+04     5.4067E-02     1.9468E-09     3.6007E-08
   257     3.6000E+04  3.4000E+04     5.7158E-02     1.7474E-09     3.0571E-08
   258     3.4000E+04  3.2000E+04     6.0625E-02     2.4850E-09     4.0990E-08
   259     3.2000E+04  3.0000E+04     6.4539E-02     2.8684E-09     4.4445E-08
   260     3.0000E+04  2.8000E+04     6.8993E-02     1.7367E-09     2.5172E-08
   261     2.8000E+04  2.7000E+04     3.6368E-02     8.4990E-10     2.3370E-08
   262     2.7000E+04  2.5500E+04     5.7158E-02     4.3020E-09     7.5265E-08
   263     2.5500E+04  2.4000E+04     6.0625E-02     3.9567E-09     6.5266E-08
   264     2.4000E+04  2.3000E+04     4.2560E-02     2.0813E-09     4.8903E-08
   265     2.3000E+04  2.2000E+04     4.4452E-02     2.1060E-09     4.7377E-08
   266     2.2000E+04  2.1000E+04     4.6520E-02     2.1120E-09     4.5400E-08
   267     2.1000E+04  2.0000E+04     4.8790E-02     2.2267E-09     4.5638E-08
   268     2.0000E+04  1.9000E+04     5.1293E-02     2.3434E-09     4.5686E-08
   269     1.9000E+04  1.8000E+04     5.4067E-02     2.3779E-09     4.3980E-08
   270     1.8000E+04  1.7000E+04     5.7158E-02     2.4336E-09     4.2576E-08
   271     1.7000E+04  1.6000E+04     6.0625E-02     2.3594E-09     3.8918E-08
   272     1.6000E+04  1.5000E+04     6.4539E-02     2.2064E-09     3.4187E-08
   273     1.5000E+04  1.4250E+04     5.1293E-02     2.4056E-09     4.6899E-08
   274     1.4250E+04  1.3500E+04     5.4067E-02     2.5688E-09     4.7511E-08
   275     1.3500E+04  1.2750E+04     5.7158E-02     2.4231E-09     4.2393E-08
   276     1.2750E+04  1.2000E+04     6.0625E-02     2.5489E-09     4.2044E-08
   277     1.2000E+04  1.1500E+04     4.2560E-02     1.9095E-09     4.4866E-08
   278     1.1500E+04  1.1000E+04     4.4452E-02     2.0013E-09     4.5022E-08
   279     1.1000E+04  1.0500E+04     4.6520E-02     2.0549E-09     4.4172E-08
   280     1.0500E+04  1.0000E+04     4.8790E-02     2.0812E-09     4.2656E-08
   281     1.0000E+04  9.6000E+03     4.0822E-02     1.6815E-09     4.1191E-08
   282     9.6000E+03  9.2000E+03     4.2560E-02     1.6361E-09     3.8443E-08
   283     9.2000E+03  8.8000E+03     4.4452E-02     1.4929E-09     3.3585E-08
   284     8.8000E+03  8.4000E+03     4.6520E-02     1.5241E-09     3.2762E-08
   285     8.4000E+03  8.0000E+03     4.8790E-02     1.4381E-09     2.9475E-08
   286     8.0000E+03  7.6000E+03     5.1293E-02     1.5104E-09     2.9446E-08
   287     7.6000E+03  7.2000E+03     5.4067E-02     1.9553E-09     3.6164E-08
   288     7.2000E+03  6.9000E+03     4.2560E-02     1.7845E-09     4.1929E-08
   289     6.9000E+03  6.6000E+03     4.4452E-02     2.0236E-09     4.5524E-08
   290     6.6000E+03  6.3000E+03     4.6520E-02     2.0260E-09     4.3551E-08
   291     6.3000E+03  6.0000E+03     4.8790E-02     2.0235E-09     4.1474E-08
   292     6.0000E+03  5.7500E+03     4.2560E-02     1.6193E-09     3.8048E-08
   293     5.7500E+03  5.5000E+03     4.4452E-02     1.6454E-09     3.7015E-08
   294     5.5000E+03  5.2500E+03     4.6520E-02     2.0096E-09     4.3199E-08
   295     5.2500E+03  5.0000E+03     4.8790E-02     2.1266E-09     4.3587E-08
   296     5.0000E+03  4.7500E+03     5.1293E-02     2.1290E-09     4.1506E-08
   297     4.7500E+03  4.5000E+03     5.4067E-02     2.1241E-09     3.9286E-08
   298     4.5000E+03  4.2500E+03     5.7158E-02     2.1927E-09     3.8362E-08
   299     4.2500E+03  4.0000E+03     6.0625E-02     2.3039E-09     3.8003E-08
   300     4.0000E+03  3.8000E+03     5.1293E-02     2.0014E-09     3.9019E-08
   301     3.8000E+03  3.6000E+03     5.4067E-02     2.2933E-09     4.2416E-08
   302     3.6000E+03  3.4000E+03     5.7158E-02     2.4412E-09     4.2709E-08
   303     3.4000E+03  3.2000E+03     6.0625E-02     2.5240E-09     4.1633E-08
   304     3.2000E+03  3.0000E+03     6.4539E-02     2.6221E-09     4.0628E-08
   305     3.0000E+03  2.8000E+03     6.8993E-02     2.6822E-09     3.8876E-08
   306     2.8000E+03  2.7000E+03     3.6368E-02     1.3407E-09     3.6865E-08
   307     2.7000E+03  2.5500E+03     5.7158E-02     1.9207E-09     3.3603E-08
   308     2.5500E+03  2.4000E+03     6.0625E-02     1.7712E-09     2.9216E-08
   309     2.4000E+03  2.3000E+03     4.2560E-02     1.3001E-09     3.0548E-08
   310     2.3000E+03  2.2000E+03     4.4452E-02     1.6422E-09     3.6943E-08
   311     2.2000E+03  2.1000E+03     4.6520E-02     1.9730E-09     4.2412E-08
   312     2.1000E+03  2.0000E+03     4.8790E-02     2.1519E-09     4.4105E-08
   313     2.0000E+03  1.9000E+03     5.1293E-02     2.2495E-09     4.3856E-08
   314     1.9000E+03  1.8000E+03     5.4067E-02     2.2883E-09     4.2323E-08
   315     1.8000E+03  1.7000E+03     5.7158E-02     2.3577E-09     4.1249E-08
   316     1.7000E+03  1.6000E+03     6.0625E-02     2.4086E-09     3.9730E-08
   317     1.6000E+03  1.5000E+03     6.4539E-02     2.5344E-09     3.9270E-08
   318     1.5000E+03  1.4250E+03     5.1293E-02     1.9907E-09     3.8810E-08
   319     1.4250E+03  1.3500E+03     5.4067E-02     2.1003E-09     3.8846E-08
   320     1.3500E+03  1.2750E+03     5.7158E-02     2.2098E-09     3.8661E-08
   321     1.2750E+03  1.2000E+03     6.0625E-02     2.3368E-09     3.8545E-08
   322     1.2000E+03  1.1500E+03     4.2560E-02     1.5319E-09     3.5994E-08
   323     1.1500E+03  1.1000E+03     4.4452E-02     1.3574E-09     3.0536E-08
   324     1.1000E+03  1.0500E+03     4.6520E-02     1.3830E-09     2.9729E-08
   325     1.0500E+03  1.0000E+03     4.8790E-02     1.8895E-09     3.8727E-08
   326     1.0000E+03  9.6000E+02     4.0822E-02     1.6085E-09     3.9403E-08
   327     9.6000E+02  9.2000E+02     4.2560E-02     1.6303E-09     3.8306E-08
   328     9.2000E+02  8.8000E+02     4.4452E-02     1.7068E-09     3.8397E-08
   329     8.8000E+02  8.4000E+02     4.6520E-02     1.7670E-09     3.7984E-08
   330     8.4000E+02  8.0000E+02     4.8790E-02     1.8467E-09     3.7850E-08
   331     8.0000E+02  7.6000E+02     5.1293E-02     1.9321E-09     3.7668E-08
   332     7.6000E+02  7.2000E+02     5.4067E-02     2.0185E-09     3.7333E-08
   333     7.2000E+02  6.9000E+02     4.2560E-02     1.5910E-09     3.7383E-08
   334     6.9000E+02  6.6000E+02     4.4452E-02     1.6523E-09     3.7171E-08
   335     6.6000E+02  6.3000E+02     4.6520E-02     1.7354E-09     3.7304E-08
   336     6.3000E+02  6.0000E+02     4.8790E-02     1.8075E-09     3.7046E-08
   337     6.0000E+02  5.7500E+02     4.2560E-02     1.5673E-09     3.6826E-08
   338     5.7500E+02  5.5000E+02     4.4452E-02     1.6408E-09     3.6912E-08
   339     5.5000E+02  5.2500E+02     4.6520E-02     1.7097E-09     3.6752E-08
   340     5.2500E+02  5.0000E+02     4.8790E-02     1.7797E-09     3.6477E-08
   341     5.0000E+02  4.7500E+02     5.1293E-02     1.8715E-09     3.6486E-08
   342     4.7500E+02  4.5000E+02     5.4067E-02     1.9538E-09     3.6136E-08
   343     4.5000E+02  4.2500E+02     5.7158E-02     2.0401E-09     3.5692E-08
   344     4.2500E+02  4.0000E+02     6.0625E-02     2.1008E-09     3.4653E-08
   345     4.0000E+02  3.8000E+02     5.1293E-02     1.6523E-09     3.2213E-08
   346     3.8000E+02  3.6000E+02     5.4067E-02     1.3785E-09     2.5496E-08
   347     3.6000E+02  3.4000E+02     5.7158E-02     6.5607E-10     1.1478E-08
   348     3.4000E+02  3.2000E+02     6.0625E-02     9.2926E-10     1.5328E-08
   349     3.2000E+02  3.0000E+02     6.4539E-02     2.3849E-09     3.6953E-08
   350     3.0000E+02  2.8000E+02     6.8993E-02     2.9759E-09     4.3133E-08
   351     2.8000E+02  2.7000E+02     3.6368E-02     1.5287E-09     4.2035E-08
   352     2.7000E+02  2.5500E+02     5.7158E-02     2.3144E-09     4.0491E-08
   353     2.5500E+02  2.4000E+02     6.0625E-02     2.3541E-09     3.8831E-08
   354     2.4000E+02  2.3000E+02     4.2560E-02     1.6009E-09     3.7615E-08
   355     2.3000E+02  2.2000E+02     4.4452E-02     1.6507E-09     3.7135E-08
   356     2.2000E+02  2.1000E+02     4.6520E-02     1.7106E-09     3.6771E-08
   357     2.1000E+02  2.0000E+02     4.8790E-02     1.7710E-09     3.6298E-08
   358     2.0000E+02  1.9000E+02     5.1293E-02     1.8106E-09     3.5299E-08
   359     1.9000E+02  1.8000E+02     5.4067E-02     1.9395E-09     3.5872E-08
   360     1.8000E+02  1.7000E+02     5.7158E-02     2.0341E-09     3.5587E-08
   361     1.7000E+02  1.6000E+02     6.0625E-02     2.1452E-09     3.5385E-08
   362     1.6000E+02  1.5000E+02     6.4539E-02     2.2768E-09     3.5278E-08
   363     1.5000E+02  1.4250E+02     5.1293E-02     1.8082E-09     3.5252E-08
   364     1.4250E+02  1.3500E+02     5.4067E-02     1.8947E-09     3.5043E-08
   365     1.3500E+02  1.2750E+02     5.7158E-02     2.0027E-09     3.5038E-08
   366     1.2750E+02  1.2000E+02     6.0625E-02     2.1125E-09     3.4846E-08
   367     1.2000E+02  1.1500E+02     4.2560E-02     1.4556E-09     3.4201E-08
   368     1.1500E+02  1.1000E+02     4.4452E-02     1.5422E-09     3.4694E-08
   369     1.1000E+02  1.0500E+02     4.6520E-02     1.6056E-09     3.4514E-08
   370     1.0500E+02  1.0000E+02     4.8790E-02     1.6741E-09     3.4312E-08
   371     1.0000E+02  9.6000E+01     4.0822E-02     1.4080E-09     3.4491E-08
   372     9.6000E+01  9.2000E+01     4.2560E-02     1.4611E-09     3.4331E-08
   373     9.2000E+01  8.8000E+01     4.4452E-02     1.5199E-09     3.4192E-08
   374     8.8000E+01  8.4000E+01     4.6520E-02     1.5924E-09     3.4230E-08
   375     8.4000E+01  8.0000E+01     4.8790E-02     1.6598E-09     3.4019E-08
   376     8.0000E+01  7.6000E+01     5.1293E-02     1.7506E-09     3.4129E-08
   377     7.6000E+01  7.2000E+01     5.4067E-02     1.8374E-09     3.3984E-08
   378     7.2000E+01  6.9000E+01     4.2560E-02     1.4438E-09     3.3924E-08
   379     6.9000E+01  6.6000E+01     4.4452E-02     1.4914E-09     3.3551E-08
   380     6.6000E+01  6.3000E+01     4.6520E-02     1.5722E-09     3.3796E-08
   381     6.3000E+01  6.0000E+01     4.8790E-02     1.6451E-09     3.3718E-08
   382     6.0000E+01  5.7500E+01     4.2560E-02     1.4294E-09     3.3586E-08
   383     5.7500E+01  5.5000E+01     4.4452E-02     1.4756E-09     3.3196E-08
   384     5.5000E+01  5.2500E+01     4.6520E-02     1.5534E-09     3.3392E-08
   385     5.2500E+01  5.0000E+01     4.8790E-02     1.6105E-09     3.3009E-08
   386     5.0000E+01  4.7500E+01     5.1293E-02     1.6978E-09     3.3100E-08
   387     4.7500E+01  4.5000E+01     5.4067E-02     1.7902E-09     3.3111E-08
   388     4.5000E+01  4.2500E+01     5.7158E-02     1.8853E-09     3.2984E-08
   389     4.2500E+01  4.0000E+01     6.0625E-02     1.9917E-09     3.2853E-08
   390     4.0000E+01  3.8000E+01     5.1293E-02     1.6766E-09     3.2687E-08
   391     3.8000E+01  3.6000E+01     5.4067E-02     1.7211E-09     3.1833E-08
   392     3.6000E+01  3.4000E+01     5.7158E-02     1.8167E-09     3.1784E-08
   393     3.4000E+01  3.2000E+01     6.0625E-02     1.9296E-09     3.1829E-08
   394     3.2000E+01  3.0000E+01     6.4539E-02     2.0571E-09     3.1874E-08
   395     3.0000E+01  2.8000E+01     6.8993E-02     2.2004E-09     3.1893E-08
   396     2.8000E+01  2.7000E+01     3.6368E-02     1.1538E-09     3.1726E-08
   397     2.7000E+01  2.5500E+01     5.7158E-02     1.8140E-09     3.1736E-08
   398     2.5500E+01  2.4000E+01     6.0625E-02     1.9163E-09     3.1609E-08
   399     2.4000E+01  2.3000E+01     4.2560E-02     1.3314E-09     3.1283E-08
   400     2.3000E+01  2.2000E+01     4.4452E-02     1.3984E-09     3.1459E-08
   401     2.2000E+01  2.1000E+01     4.6520E-02     1.4414E-09     3.0985E-08
   402     2.1000E+01  2.0000E+01     4.8790E-02     1.4625E-09     2.9975E-08
   403     2.0000E+01  1.9000E+01     5.1293E-02     1.5421E-09     3.0064E-08
   404     1.9000E+01  1.8000E+01     5.4067E-02     1.6434E-09     3.0395E-08
   405     1.8000E+01  1.7000E+01     5.7158E-02     1.7423E-09     3.0482E-08
   406     1.7000E+01  1.6000E+01     6.0625E-02     1.8385E-09     3.0326E-08
   407     1.6000E+01  1.5000E+01     6.4539E-02     1.9586E-09     3.0348E-08
   408     1.5000E+01  1.4250E+01     5.1293E-02     1.5529E-09     3.0275E-08
   409     1.4250E+01  1.3500E+01     5.4067E-02     1.6268E-09     3.0088E-08
   410     1.3500E+01  1.2750E+01     5.7158E-02     1.7268E-09     3.0211E-08
   411     1.2750E+01  1.2000E+01     6.0625E-02     1.7893E-09     2.9514E-08
   412     1.2000E+01  1.1500E+01     4.2560E-02     1.2522E-09     2.9422E-08
   413     1.1500E+01  1.1000E+01     4.4452E-02     1.3183E-09     2.9657E-08
   414     1.1000E+01  1.0500E+01     4.6520E-02     1.3845E-09     2.9761E-08
   415     1.0500E+01  1.0000E+01     4.8790E-02     1.4622E-09     2.9969E-08
   416     1.0000E+01  9.6000E+00     4.0822E-02     1.2411E-09     3.0403E-08
   417     9.6000E+00  9.2000E+00     4.2560E-02     1.2502E-09     2.9375E-08
   418     9.2000E+00  8.8000E+00     4.4452E-02     1.2886E-09     2.8989E-08
   419     8.8000E+00  8.4000E+00     4.6520E-02     1.3293E-09     2.8575E-08
   420     8.4000E+00  8.0000E+00     4.8790E-02     1.4243E-09     2.9192E-08
   421     8.0000E+00  7.6000E+00     5.1293E-02     1.5002E-09     2.9247E-08
   422     7.6000E+00  7.2000E+00     5.4067E-02     1.5805E-09     2.9232E-08
   423     7.2000E+00  6.9000E+00     4.2560E-02     1.2279E-09     2.8851E-08
   424     6.9000E+00  6.6000E+00     4.4452E-02     1.1873E-09     2.6710E-08
   425     6.6000E+00  6.3000E+00     4.6520E-02     1.2529E-09     2.6932E-08
   426     6.3000E+00  6.0000E+00     4.8790E-02     1.3411E-09     2.7487E-08
   427     6.0000E+00  5.7500E+00     4.2560E-02     1.1784E-09     2.7688E-08
   428     5.7500E+00  5.5000E+00     4.4452E-02     1.2302E-09     2.7675E-08
   429     5.5000E+00  5.2500E+00     4.6520E-02     1.2848E-09     2.7618E-08
   430     5.2500E+00  5.0000E+00     4.8790E-02     1.3423E-09     2.7512E-08
   431     5.0000E+00  4.7500E+00     5.1293E-02     1.4095E-09     2.7479E-08
   432     4.7500E+00  4.5000E+00     5.4067E-02     1.5002E-09     2.7747E-08
   433     4.5000E+00  4.2500E+00     5.7158E-02     1.5915E-09     2.7844E-08
   434     4.2500E+00  4.0000E+00     6.0625E-02     1.6911E-09     2.7895E-08
   435     4.0000E+00  3.8000E+00     5.1293E-02     1.4355E-09     2.7986E-08
   436     3.8000E+00  3.6000E+00     5.4067E-02     1.5006E-09     2.7754E-08
   437     3.6000E+00  3.4000E+00     5.7158E-02     1.5854E-09     2.7737E-08
   438     3.4000E+00  3.2000E+00     6.0625E-02     1.6854E-09     2.7801E-08
   439     3.2000E+00  3.0000E+00     6.4539E-02     1.7905E-09     2.7743E-08
   440     3.0000E+00  2.8000E+00     6.8993E-02     1.9160E-09     2.7771E-08
   441     2.8000E+00  2.7000E+00     3.6368E-02     1.0103E-09     2.7780E-08
   442     2.7000E+00  2.5500E+00     5.7158E-02     1.5938E-09     2.7884E-08
   443     2.5500E+00  2.4000E+00     6.0625E-02     1.6900E-09     2.7876E-08
   444     2.4000E+00  2.3000E+00     4.2560E-02     1.1863E-09     2.7874E-08
   445     2.3000E+00  2.2000E+00     4.4452E-02     1.2401E-09     2.7898E-08
   446     2.2000E+00  2.1000E+00     4.6520E-02     1.2934E-09     2.7803E-08
   447     2.1000E+00  2.0000E+00     4.8790E-02     1.3514E-09     2.7698E-08
   448     2.0000E+00  1.9000E+00     5.1293E-02     1.4259E-09     2.7799E-08
   449     1.9000E+00  1.8000E+00     5.4067E-02     1.5054E-09     2.7843E-08
   450     1.8000E+00  1.7000E+00     5.7158E-02     1.5926E-09     2.7863E-08
   451     1.7000E+00  1.6000E+00     6.0625E-02     1.6904E-09     2.7883E-08
   452     1.6000E+00  1.5000E+00     6.4539E-02     1.7975E-09     2.7852E-08
   453     1.5000E+00  1.4250E+00     5.1293E-02     1.4306E-09     2.7891E-08
   454     1.4250E+00  1.3500E+00     5.4067E-02     1.5071E-09     2.7875E-08
   455     1.3500E+00  1.2750E+00     5.7158E-02     1.5922E-09     2.7856E-08
   456     1.2750E+00  1.2000E+00     6.0625E-02     1.6828E-09     2.7758E-08
   457     1.2000E+00  1.1500E+00     4.2560E-02     1.1697E-09     2.7484E-08
   458     1.1500E+00  1.1000E+00     4.4452E-02     1.2138E-09     2.7306E-08
   459     1.1000E+00  1.0500E+00     4.6520E-02     1.2728E-09     2.7360E-08
   460     1.0500E+00  1.0000E+00     4.8790E-02     1.3317E-09     2.7294E-08
   461     1.0000E+00  9.6000E-01     4.0822E-02     1.1145E-09     2.7301E-08
   462     9.6000E-01  9.2000E-01     4.2560E-02     1.1670E-09     2.7420E-08
   463     9.2000E-01  8.8000E-01     4.4452E-02     1.2156E-09     2.7346E-08
   464     8.8000E-01  8.4000E-01     4.6520E-02     1.2754E-09     2.7416E-08
   465     8.4000E-01  8.0000E-01     4.8790E-02     1.3353E-09     2.7368E-08
   466     8.0000E-01  7.6000E-01     5.1293E-02     1.4052E-09     2.7395E-08
   467     7.6000E-01  7.2000E-01     5.4067E-02     1.4832E-09     2.7433E-08
   468     7.2000E-01  6.9000E-01     4.2560E-02     1.1686E-09     2.7458E-08
   469     6.9000E-01  6.6000E-01     4.4452E-02     1.2202E-09     2.7450E-08
   470     6.6000E-01  6.3000E-01     4.6520E-02     1.2830E-09     2.7580E-08
   471     6.3000E-01  6.0000E-01     4.8790E-02     1.3422E-09     2.7510E-08
   472     6.0000E-01  5.7500E-01     4.2560E-02     1.1703E-09     2.7498E-08
   473     5.7500E-01  5.5000E-01     4.4452E-02     1.2261E-09     2.7583E-08
   474     5.5000E-01  5.2500E-01     4.6520E-02     1.2806E-09     2.7528E-08
   475     5.2500E-01  5.0000E-01     4.8790E-02     1.3465E-09     2.7598E-08
   476     5.0000E-01  4.7500E-01     5.1293E-02     1.4097E-09     2.7483E-08
   477     4.7500E-01  4.5000E-01     5.4067E-02     1.4854E-09     2.7473E-08
   478     4.5000E-01  4.2500E-01     5.7158E-02     1.5661E-09     2.7399E-08
   479     4.2500E-01  4.0000E-01     6.0625E-02     1.6561E-09     2.7317E-08
   480     4.0000E-01  3.8000E-01     5.1293E-02     1.3942E-09     2.7181E-08
   481     3.8000E-01  3.6000E-01     5.4067E-02     1.4601E-09     2.7005E-08
   482     3.6000E-01  3.4000E-01     5.7158E-02     1.5341E-09     2.6839E-08
   483     3.4000E-01  3.2000E-01     6.0625E-02     1.6164E-09     2.6662E-08
   484     3.2000E-01  3.0000E-01     6.4539E-02     1.7125E-09     2.6535E-08
   485     3.0000E-01  2.8000E-01     6.8993E-02     1.8225E-09     2.6416E-08
   486     2.8000E-01  2.7000E-01     3.6368E-02     9.6066E-10     2.6415E-08
   487     2.7000E-01  2.5500E-01     5.7158E-02     1.5126E-09     2.6463E-08
   488     2.5500E-01  2.4000E-01     6.0625E-02     1.6152E-09     2.6643E-08
   489     2.4000E-01  2.3000E-01     4.2560E-02     1.1435E-09     2.6868E-08
   490     2.3000E-01  2.2000E-01     4.4452E-02     1.2060E-09     2.7131E-08
   491     2.2000E-01  2.1000E-01     4.6520E-02     1.2768E-09     2.7446E-08
   492     2.1000E-01  2.0000E-01     4.8790E-02     1.3610E-09     2.7895E-08
   493     2.0000E-01  1.9000E-01     5.1293E-02     1.4570E-09     2.8405E-08
   494     1.9000E-01  1.8000E-01     5.4067E-02     1.5689E-09     2.9018E-08
   495     1.8000E-01  1.7000E-01     5.7158E-02     1.7016E-09     2.9770E-08
   496     1.7000E-01  1.6000E-01     6.0625E-02     1.8639E-09     3.0745E-08
   497     1.6000E-01  1.5000E-01     6.4539E-02     2.0560E-09     3.1857E-08
   498     1.5000E-01  1.4250E-01     5.1293E-02     1.6921E-09     3.2989E-08
   499     1.4250E-01  1.3500E-01     5.4067E-02     1.8491E-09     3.4200E-08
   500     1.3500E-01  1.2750E-01     5.7158E-02     2.0241E-09     3.5412E-08
   501     1.2750E-01  1.2000E-01     6.0625E-02     2.2318E-09     3.6813E-08
   502     1.2000E-01  1.1500E-01     4.2560E-02     1.6158E-09     3.7966E-08
   503     1.1500E-01  1.1000E-01     4.4452E-02     1.7322E-09     3.8968E-08
   504     1.1000E-01  1.0500E-01     4.6520E-02     1.8637E-09     4.0062E-08
   505     1.0500E-01  1.0000E-01     4.8790E-02     2.0022E-09     4.1037E-08
   506     1.0000E-01  9.6000E-02     4.0822E-02     1.7115E-09     4.1926E-08
   507     9.6000E-02  9.2000E-02     4.2560E-02     1.8161E-09     4.2672E-08
   508     9.2000E-02  8.8000E-02     4.4452E-02     1.9260E-09     4.3328E-08
   509     8.8000E-02  8.4000E-02     4.6520E-02     2.0503E-09     4.4074E-08
   510     8.4000E-02  8.0000E-02     4.8790E-02     2.1717E-09     4.4511E-08
   511     8.0000E-02  7.6000E-02     5.1293E-02     2.3046E-09     4.4930E-08
   512     7.6000E-02  7.2000E-02     5.4067E-02     2.4358E-09     4.5051E-08
   513     7.2000E-02  6.9000E-02     4.2560E-02     1.9198E-09     4.5108E-08
   514     6.9000E-02  6.6000E-02     4.4452E-02     1.9938E-09     4.4853E-08
   515     6.6000E-02  6.3000E-02     4.6520E-02     2.0746E-09     4.4596E-08
   516     6.3000E-02  6.0000E-02     4.8790E-02     2.1505E-09     4.4077E-08
   517     6.0000E-02  5.7500E-02     4.2560E-02     1.8517E-09     4.3508E-08
   518     5.7500E-02  5.5000E-02     4.4452E-02     1.8979E-09     4.2696E-08
   519     5.5000E-02  5.2500E-02     4.6520E-02     1.9473E-09     4.1859E-08
   520     5.2500E-02  5.0000E-02     4.8790E-02     1.9933E-09     4.0855E-08
   521     5.0000E-02  4.7500E-02     5.1293E-02     2.0331E-09     3.9637E-08
   522     4.7500E-02  4.5000E-02     5.4067E-02     2.0702E-09     3.8289E-08
   523     4.5000E-02  4.2500E-02     5.7158E-02     2.0987E-09     3.6717E-08
   524     4.2500E-02  4.0000E-02     6.0625E-02     2.1184E-09     3.4943E-08
   525     4.0000E-02  3.8000E-02     5.1293E-02     1.7031E-09     3.3203E-08
   526     3.8000E-02  3.6000E-02     5.4067E-02     1.7065E-09     3.1563E-08
   527     3.6000E-02  3.4000E-02     5.7158E-02     1.7033E-09     2.9800E-08
   528     3.4000E-02  3.2000E-02     6.0625E-02     1.6941E-09     2.7944E-08
   529     3.2000E-02  3.0000E-02     6.4539E-02     1.6774E-09     2.5991E-08
   530     3.0000E-02  2.8000E-02     6.8993E-02     1.6529E-09     2.3958E-08
   531     2.8000E-02  2.7000E-02     3.6368E-02     8.1370E-10     2.2374E-08
   532     2.7000E-02  2.5500E-02     5.7158E-02     1.2045E-09     2.1073E-08
   533     2.5500E-02  2.4000E-02     6.0625E-02     1.1774E-09     1.9421E-08
   534     2.4000E-02  2.3000E-02     4.2560E-02     7.6929E-10     1.8076E-08
   535     2.3000E-02  2.2000E-02     4.4452E-02     7.5276E-10     1.6934E-08
   536     2.2000E-02  2.1000E-02     4.6520E-02     7.3707E-10     1.5844E-08
   537     2.1000E-02  2.0000E-02     4.8790E-02     7.1999E-10     1.4757E-08
   538     2.0000E-02  1.9000E-02     5.1293E-02     6.9997E-10     1.3646E-08
   539     1.9000E-02  1.8000E-02     5.4067E-02     6.7943E-10     1.2566E-08
   540     1.8000E-02  1.7000E-02     5.7158E-02     6.5531E-10     1.1465E-08
   541     1.7000E-02  1.6000E-02     6.0625E-02     6.3110E-10     1.0410E-08
   542     1.6000E-02  1.5000E-02     6.4539E-02     6.0617E-10     9.3924E-09
   543     1.5000E-02  1.4250E-02     5.1293E-02     4.3616E-10     8.5033E-09
   544     1.4250E-02  1.3500E-02     5.4067E-02     4.1905E-10     7.7505E-09
   545     1.3500E-02  1.2750E-02     5.7158E-02     4.0054E-10     7.0075E-09
   546     1.2750E-02  1.2000E-02     6.0625E-02     3.8162E-10     6.2948E-09
   547     1.2000E-02  1.1500E-02     4.2560E-02     2.4473E-10     5.7503E-09
   548     1.1500E-02  1.1000E-02     4.4452E-02     2.3552E-10     5.2983E-09
   549     1.1000E-02  1.0500E-02     4.6520E-02     2.2582E-10     4.8543E-09
   550     1.0500E-02  1.0000E-02     4.8790E-02     2.1588E-10     4.4247E-09
   551     1.0000E-02  9.6000E-03     4.0822E-02     1.6525E-10     4.0481E-09
   552     9.6000E-03  9.2000E-03     4.2560E-02     1.5989E-10     3.7568E-09
   553     9.2000E-03  8.8000E-03     4.4452E-02     1.5387E-10     3.4615E-09
   554     8.8000E-03  8.4000E-03     4.6520E-02     1.4707E-10     3.1614E-09
   555     8.4000E-03  8.0000E-03     4.8790E-02     1.4053E-10     2.8803E-09
   556     8.0000E-03  7.6000E-03     5.1293E-02     1.3343E-10     2.6013E-09
   557     7.6000E-03  7.2000E-03     5.4067E-02     1.2638E-10     2.3375E-09
   558     7.2000E-03  6.9000E-03     4.2560E-02     8.9746E-11     2.1087E-09
   559     6.9000E-03  6.6000E-03     4.4452E-02     8.7011E-11     1.9574E-09
   560     6.6000E-03  6.3000E-03     4.6520E-02     8.3115E-11     1.7867E-09
   561     6.3000E-03  6.0000E-03     4.8790E-02     7.9008E-11     1.6193E-09
   562     6.0000E-03  5.7500E-03     4.2560E-02     6.2348E-11     1.4650E-09
   563     5.7500E-03  5.5000E-03     4.4452E-02     6.0009E-11     1.3500E-09
   564     5.5000E-03  5.2500E-03     4.6520E-02     5.6476E-11     1.2140E-09
   565     5.2500E-03  5.0000E-03     4.8790E-02     5.4184E-11     1.1106E-09
   566     5.0000E-03  4.7500E-03     5.1293E-02     5.0976E-11     9.9381E-10
   567     4.7500E-03  4.5000E-03     5.4067E-02     4.7916E-11     8.8623E-10
   568     4.5000E-03  4.2500E-03     5.7158E-02     4.4793E-11     7.8366E-10
   569     4.2500E-03  4.0000E-03     6.0625E-02     4.1880E-11     6.9081E-10
   570     4.0000E-03  3.8000E-03     5.1293E-02     3.1364E-11     6.1146E-10
   571     3.8000E-03  3.6000E-03     5.4067E-02     2.9627E-11     5.4797E-10
   572     3.6000E-03  3.4000E-03     5.7158E-02     2.7903E-11     4.8817E-10
   573     3.4000E-03  3.2000E-03     6.0625E-02     2.5756E-11     4.2484E-10
   574     3.2000E-03  3.0000E-03     6.4539E-02     2.3742E-11     3.6787E-10
   575     3.0000E-03  2.8000E-03     6.8993E-02     2.2106E-11     3.2041E-10
   576     2.8000E-03  2.7000E-03     3.6368E-02     1.0525E-11     2.8941E-10
   577     2.7000E-03  2.5500E-03     5.7158E-02     1.4486E-11     2.5344E-10
   578     2.5500E-03  2.4000E-03     6.0625E-02     1.3495E-11     2.2260E-10
   579     2.4000E-03  2.3000E-03     4.2560E-02     8.4702E-12     1.9902E-10
   580     2.3000E-03  2.2000E-03     4.4452E-02     8.0672E-12     1.8148E-10
   581     2.2000E-03  2.1000E-03     4.6520E-02     7.6513E-12     1.6447E-10
   582     2.1000E-03  2.0000E-03     4.8790E-02     7.0861E-12     1.4524E-10
   583     2.0000E-03  1.9000E-03     5.1293E-02     6.6021E-12     1.2871E-10
   584     1.9000E-03  1.8000E-03     5.4067E-02     6.1024E-12     1.1287E-10
   585     1.8000E-03  1.7000E-03     5.7158E-02     5.8201E-12     1.0182E-10
   586     1.7000E-03  1.6000E-03     6.0625E-02     5.3767E-12     8.8688E-11
   587     1.6000E-03  1.5000E-03     6.4539E-02     5.0124E-12     7.7665E-11
   588     1.5000E-03  1.4250E-03     5.1293E-02     3.4376E-12     6.7019E-11
   589     1.4250E-03  1.3500E-03     5.4067E-02     3.1020E-12     5.7373E-11
   590     1.3500E-03  1.2750E-03     5.7158E-02     2.9326E-12     5.1307E-11
   591     1.2750E-03  1.2000E-03     6.0625E-02     2.7689E-12     4.5673E-11
   592     1.2000E-03  1.1500E-03     4.2560E-02     1.7449E-12     4.0999E-11
   593     1.1500E-03  1.1000E-03     4.4452E-02     1.5089E-12     3.3945E-11
   594     1.1000E-03  1.0500E-03     4.6520E-02     1.5100E-12     3.2459E-11
   595     1.0500E-03  1.0000E-03     4.8790E-02     1.4381E-12     2.9475E-11
   596     1.0000E-03  9.6000E-04     4.0822E-02     1.0360E-12     2.5378E-11
   597     9.6000E-04  9.2000E-04     4.2560E-02     1.0108E-12     2.3750E-11
   598     9.2000E-04  8.8000E-04     4.4452E-02     9.2449E-13     2.0798E-11
   599     8.8000E-04  8.4000E-04     4.6520E-02     8.7986E-13     1.8914E-11
   600     8.4000E-04  8.0000E-04     4.8790E-02     8.2657E-13     1.6941E-11
   601     8.0000E-04  7.6000E-04     5.1293E-02     7.2841E-13     1.4201E-11
   602     7.6000E-04  7.2000E-04     5.4067E-02     6.7634E-13     1.2509E-11
   603     7.2000E-04  6.9000E-04     4.2560E-02     4.5430E-13     1.0674E-11
   604     6.9000E-04  6.6000E-04     4.4452E-02     4.5975E-13     1.0343E-11
   605     6.6000E-04  6.3000E-04     4.6520E-02     4.6258E-13     9.9437E-12
   606     6.3000E-04  6.0000E-04     4.8790E-02     3.9080E-13     8.0098E-12
   607     6.0000E-04  5.7500E-04     4.2560E-02     3.0421E-13     7.1479E-12
   608     5.7500E-04  5.5000E-04     4.4452E-02     2.8834E-13     6.4866E-12
   609     5.5000E-04  5.2500E-04     4.6520E-02     2.6157E-13     5.6227E-12
   610     5.2500E-04  5.0000E-04     4.8790E-02     2.5765E-13     5.2808E-12
   611     5.0000E-04  4.7500E-04     5.1293E-02     2.2924E-13     4.4692E-12
   612     4.7500E-04  4.5000E-04     5.4067E-02     2.4425E-13     4.5175E-12
   613     4.5000E-04  4.2500E-04     5.7158E-02     2.0031E-13     3.5045E-12
   614     4.2500E-04  4.0000E-04     6.0625E-02     1.8075E-13     2.9815E-12
   615     4.0000E-04  3.8000E-04     5.1293E-02     1.3813E-13     2.6929E-12
   616     3.8000E-04  3.6000E-04     5.4067E-02     1.1514E-13     2.1296E-12
   617     3.6000E-04  3.4000E-04     5.7158E-02     9.7918E-14     1.7131E-12
   618     3.4000E-04  3.2000E-04     6.0625E-02     1.0448E-13     1.7234E-12
   619     3.2000E-04  3.0000E-04     6.4539E-02     9.7477E-14     1.5104E-12
   620     3.0000E-04  2.8000E-04     6.8993E-02     7.6004E-14     1.1016E-12
   621     2.8000E-04  2.7000E-04     3.6368E-02     3.7295E-14     1.0255E-12
   622     2.7000E-04  2.5500E-04     5.7158E-02     5.4052E-14     9.4565E-13
   623     2.5500E-04  2.4000E-04     6.0625E-02     5.0538E-14     8.3362E-13
   624     2.4000E-04  2.3000E-04     4.2560E-02     2.7925E-14     6.5614E-13
   625     2.3000E-04  2.2000E-04     4.4452E-02     3.1736E-14     7.1394E-13
   626     2.2000E-04  2.1000E-04     4.6520E-02     1.9290E-14     4.1466E-13
   627     2.1000E-04  2.0000E-04     4.8790E-02     2.1337E-14     4.3732E-13
   628     2.0000E-04  1.9000E-04     5.1293E-02     2.3571E-14     4.5953E-13
   629     1.9000E-04  1.8000E-04     5.4067E-02     2.0483E-14     3.7884E-13
   630     1.8000E-04  1.7000E-04     5.7158E-02     1.2723E-14     2.2259E-13
   631     1.7000E-04  1.6000E-04     6.0625E-02     2.0628E-14     3.4026E-13
   632     1.6000E-04  1.5000E-04     6.4539E-02     2.0373E-14     3.1567E-13
   633     1.5000E-04  1.4250E-04     5.1293E-02     1.4091E-14     2.7471E-13
   634     1.4250E-04  1.3500E-04     5.4067E-02     1.0560E-14     1.9531E-13
   635     1.3500E-04  1.2750E-04     5.7158E-02     1.3636E-14     2.3857E-13
   636     1.2750E-04  1.2000E-04     6.0625E-02     8.6026E-15     1.4190E-13
   637     1.2000E-04  1.1500E-04     4.2560E-02     6.8764E-15     1.6157E-13
   638     1.1500E-04  1.1000E-04     4.4452E-02     7.0791E-15     1.5925E-13
   639     1.1000E-04  1.0500E-04     4.6520E-02     7.2375E-15     1.5558E-13
   640     1.0500E-04  1.0000E-04     4.8790E-02     2.6108E-15     5.3511E-14
  TOTAL                                              1.0002E-06
