  GROUP      UPPER       LOWER         LETHARGY         DATA        DATA/LETHARGY

     1     1.0000E+09  9.5499E+08     4.6054E-02     0.0000E+00     0.0000E+00
     2     9.5499E+08  9.1201E+08     4.6050E-02     0.0000E+00     0.0000E+00
     3     9.1201E+08  8.7096E+08     4.6055E-02     0.0000E+00     0.0000E+00
     4     8.7096E+08  8.3176E+08     4.6052E-02     0.0000E+00     0.0000E+00
     5     8.3176E+08  7.9433E+08     4.6045E-02     0.0000E+00     0.0000E+00
     6     7.9433E+08  7.5858E+08     4.6051E-02     0.0000E+00     0.0000E+00
     7     7.5858E+08  7.2444E+08     4.6049E-02     0.0000E+00     0.0000E+00
     8     7.2444E+08  6.9183E+08     4.6059E-02     0.0000E+00     0.0000E+00
     9     6.9183E+08  6.6069E+08     4.6056E-02     0.0000E+00     0.0000E+00
    10     6.6069E+08  6.3096E+08     4.6042E-02     0.0000E+00     0.0000E+00
    11     6.3096E+08  6.0256E+08     4.6055E-02     0.0000E+00     0.0000E+00
    12     6.0256E+08  5.7544E+08     4.6052E-02     0.0000E+00     0.0000E+00
    13     5.7544E+08  5.4954E+08     4.6053E-02     0.0000E+00     0.0000E+00
    14     5.4954E+08  5.2481E+08     4.6045E-02     0.0000E+00     0.0000E+00
    15     5.2481E+08  5.0119E+08     4.6051E-02     0.0000E+00     0.0000E+00
    16     5.0119E+08  4.7863E+08     4.6057E-02     0.0000E+00     0.0000E+00
    17     4.7863E+08  4.5709E+08     4.6048E-02     0.0000E+00     0.0000E+00
    18     4.5709E+08  4.3652E+08     4.6046E-02     0.0000E+00     0.0000E+00
    19     4.3652E+08  4.1687E+08     4.6060E-02     0.0000E+00     0.0000E+00
    20     4.1687E+08  3.9811E+08     4.6046E-02     0.0000E+00     0.0000E+00
    21     3.9811E+08  3.8019E+08     4.6057E-02     0.0000E+00     0.0000E+00
    22     3.8019E+08  3.6308E+08     4.6048E-02     0.0000E+00     0.0000E+00
    23     3.6308E+08  3.4674E+08     4.6048E-02     0.0000E+00     0.0000E+00
    24     3.4674E+08  3.3113E+08     4.6064E-02     0.0000E+00     0.0000E+00
    25     3.3113E+08  3.1623E+08     4.6041E-02     0.0000E+00     0.0000E+00
    26     3.1623E+08  3.0200E+08     4.6043E-02     0.0000E+00     0.0000E+00
    27     3.0200E+08  2.8840E+08     4.6079E-02     0.0000E+00     0.0000E+00
    28     2.8840E+08  2.7542E+08     4.6051E-02     0.0000E+00     0.0000E+00
    29     2.7542E+08  2.6303E+08     4.6029E-02     0.0000E+00     0.0000E+00
    30     2.6303E+08  2.5119E+08     4.6058E-02     0.0000E+00     0.0000E+00
    31     2.5119E+08  2.3988E+08     4.6071E-02     0.0000E+00     0.0000E+00
    32     2.3988E+08  2.2909E+08     4.6024E-02     0.0000E+00     0.0000E+00
    33     2.2909E+08  2.1878E+08     4.6048E-02     0.0000E+00     0.0000E+00
    34     2.1878E+08  2.0893E+08     4.6067E-02     0.0000E+00     0.0000E+00
    35     2.0893E+08  1.9953E+08     4.6035E-02     0.0000E+00     0.0000E+00
    36     1.9953E+08  1.9055E+08     4.6050E-02     0.0000E+00     0.0000E+00
    37     1.9055E+08  1.8197E+08     4.6073E-02     0.0000E+00     0.0000E+00
    38     1.8197E+08  1.7378E+08     4.6052E-02     0.0000E+00     0.0000E+00
    39     1.7378E+08  1.6596E+08     4.6043E-02     0.0000E+00     0.0000E+00
    40     1.6596E+08  1.5849E+08     4.6055E-02     0.0000E+00     0.0000E+00
    41     1.5849E+08  1.5136E+08     4.6030E-02     0.0000E+00     0.0000E+00
    42     1.5136E+08  1.4454E+08     4.6105E-02     0.0000E+00     0.0000E+00
    43     1.4454E+08  1.3804E+08     4.6013E-02     0.0000E+00     0.0000E+00
    44     1.3804E+08  1.3183E+08     4.6030E-02     0.0000E+00     0.0000E+00
    45     1.3183E+08  1.2589E+08     4.6105E-02     0.0000E+00     0.0000E+00
    46     1.2589E+08  1.2023E+08     4.6002E-02     0.0000E+00     0.0000E+00
    47     1.2023E+08  1.1482E+08     4.6041E-02     0.0000E+00     0.0000E+00
    48     1.1482E+08  1.0965E+08     4.6072E-02     0.0000E+00     0.0000E+00
    49     1.0965E+08  1.0471E+08     4.6099E-02     0.0000E+00     0.0000E+00
    50     1.0471E+08  1.0000E+08     4.6024E-02     0.0000E+00     0.0000E+00
    51     1.0000E+08  9.5499E+07     4.6054E-02     0.0000E+00     0.0000E+00
    52     9.5499E+07  9.1201E+07     4.6050E-02     0.0000E+00     0.0000E+00
    53     9.1201E+07  8.7096E+07     4.6055E-02     0.0000E+00     0.0000E+00
    54     8.7096E+07  8.3176E+07     4.6052E-02     0.0000E+00     0.0000E+00
    55     8.3176E+07  7.9433E+07     4.6045E-02     0.0000E+00     0.0000E+00
    56     7.9433E+07  7.5858E+07     4.6051E-02     0.0000E+00     0.0000E+00
    57     7.5858E+07  7.2444E+07     4.6049E-02     0.0000E+00     0.0000E+00
    58     7.2444E+07  6.9183E+07     4.6059E-02     0.0000E+00     0.0000E+00
    59     6.9183E+07  6.6069E+07     4.6056E-02     0.0000E+00     0.0000E+00
    60     6.6069E+07  6.3096E+07     4.6042E-02     0.0000E+00     0.0000E+00
    61     6.3096E+07  6.0256E+07     4.6055E-02     0.0000E+00     0.0000E+00
    62     6.0256E+07  5.7544E+07     4.6052E-02     0.0000E+00     0.0000E+00
    63     5.7544E+07  5.4954E+07     4.6053E-02     0.0000E+00     0.0000E+00
    64     5.4954E+07  5.2481E+07     4.6045E-02     0.0000E+00     0.0000E+00
    65     5.2481E+07  5.0119E+07     4.6051E-02     0.0000E+00     0.0000E+00
    66     5.0119E+07  4.7863E+07     4.6057E-02     0.0000E+00     0.0000E+00
    67     4.7863E+07  4.5709E+07     4.6048E-02     0.0000E+00     0.0000E+00
    68     4.5709E+07  4.3652E+07     4.6046E-02     0.0000E+00     0.0000E+00
    69     4.3652E+07  4.1687E+07     4.6060E-02     0.0000E+00     0.0000E+00
    70     4.1687E+07  3.9811E+07     4.6046E-02     0.0000E+00     0.0000E+00
    71     3.9811E+07  3.8019E+07     4.6057E-02     0.0000E+00     0.0000E+00
    72     3.8019E+07  3.6308E+07     4.6048E-02     0.0000E+00     0.0000E+00
    73     3.6308E+07  3.4674E+07     4.6048E-02     0.0000E+00     0.0000E+00
    74     3.4674E+07  3.3113E+07     4.6064E-02     0.0000E+00     0.0000E+00
    75     3.3113E+07  3.1623E+07     4.6041E-02     0.0000E+00     0.0000E+00
    76     3.1623E+07  3.0200E+07     4.6043E-02     0.0000E+00     0.0000E+00
    77     3.0200E+07  3.0000E+07     6.6445E-03     0.0000E+00     0.0000E+00
    78     3.0000E+07  2.9800E+07     6.6890E-03     0.0000E+00     0.0000E+00
    79     2.9800E+07  2.9600E+07     6.7340E-03     0.0000E+00     0.0000E+00
    80     2.9600E+07  2.9400E+07     6.7797E-03     0.0000E+00     0.0000E+00
    81     2.9400E+07  2.9200E+07     6.8260E-03     0.0000E+00     0.0000E+00
    82     2.9200E+07  2.9000E+07     6.8729E-03     0.0000E+00     0.0000E+00
    83     2.9000E+07  2.8800E+07     6.9204E-03     0.0000E+00     0.0000E+00
    84     2.8800E+07  2.8600E+07     6.9687E-03     0.0000E+00     0.0000E+00
    85     2.8600E+07  2.8400E+07     7.0176E-03     0.0000E+00     0.0000E+00
    86     2.8400E+07  2.8200E+07     7.0672E-03     0.0000E+00     0.0000E+00
    87     2.8200E+07  2.8000E+07     7.1175E-03     0.0000E+00     0.0000E+00
    88     2.8000E+07  2.7800E+07     7.1685E-03     0.0000E+00     0.0000E+00
    89     2.7800E+07  2.7600E+07     7.2202E-03     0.0000E+00     0.0000E+00
    90     2.7600E+07  2.7400E+07     7.2728E-03     0.0000E+00     0.0000E+00
    91     2.7400E+07  2.7200E+07     7.3260E-03     0.0000E+00     0.0000E+00
    92     2.7200E+07  2.7000E+07     7.3801E-03     0.0000E+00     0.0000E+00
    93     2.7000E+07  2.6800E+07     7.4350E-03     0.0000E+00     0.0000E+00
    94     2.6800E+07  2.6600E+07     7.4907E-03     0.0000E+00     0.0000E+00
    95     2.6600E+07  2.6400E+07     7.5472E-03     0.0000E+00     0.0000E+00
    96     2.6400E+07  2.6200E+07     7.6046E-03     0.0000E+00     0.0000E+00
    97     2.6200E+07  2.6000E+07     7.6629E-03     0.0000E+00     0.0000E+00
    98     2.6000E+07  2.5800E+07     7.7220E-03     0.0000E+00     0.0000E+00
    99     2.5800E+07  2.5600E+07     7.7821E-03     0.0000E+00     0.0000E+00
   100     2.5600E+07  2.5400E+07     7.8432E-03     0.0000E+00     0.0000E+00
   101     2.5400E+07  2.5200E+07     7.9052E-03     0.0000E+00     0.0000E+00
   102     2.5200E+07  2.5000E+07     7.9682E-03     0.0000E+00     0.0000E+00
   103     2.5000E+07  2.4800E+07     8.0322E-03     0.0000E+00     0.0000E+00
   104     2.4800E+07  2.4600E+07     8.0972E-03     0.0000E+00     0.0000E+00
   105     2.4600E+07  2.4400E+07     8.1633E-03     0.0000E+00     0.0000E+00
   106     2.4400E+07  2.4200E+07     8.2305E-03     0.0000E+00     0.0000E+00
   107     2.4200E+07  2.4000E+07     8.2988E-03     0.0000E+00     0.0000E+00
   108     2.4000E+07  2.3800E+07     8.3682E-03     0.0000E+00     0.0000E+00
   109     2.3800E+07  2.3600E+07     8.4389E-03     0.0000E+00     0.0000E+00
   110     2.3600E+07  2.3400E+07     8.5107E-03     0.0000E+00     0.0000E+00
   111     2.3400E+07  2.3200E+07     8.5837E-03     0.0000E+00     0.0000E+00
   112     2.3200E+07  2.3000E+07     8.6581E-03     0.0000E+00     0.0000E+00
   113     2.3000E+07  2.2800E+07     8.7337E-03     0.0000E+00     0.0000E+00
   114     2.2800E+07  2.2600E+07     8.8106E-03     0.0000E+00     0.0000E+00
   115     2.2600E+07  2.2400E+07     8.8889E-03     0.0000E+00     0.0000E+00
   116     2.2400E+07  2.2200E+07     8.9687E-03     0.0000E+00     0.0000E+00
   117     2.2200E+07  2.2000E+07     9.0498E-03     0.0000E+00     0.0000E+00
   118     2.2000E+07  2.1800E+07     9.1325E-03     0.0000E+00     0.0000E+00
   119     2.1800E+07  2.1600E+07     9.2167E-03     0.0000E+00     0.0000E+00
   120     2.1600E+07  2.1400E+07     9.3024E-03     0.0000E+00     0.0000E+00
   121     2.1400E+07  2.1200E+07     9.3897E-03     0.0000E+00     0.0000E+00
   122     2.1200E+07  2.1000E+07     9.4787E-03     0.0000E+00     0.0000E+00
   123     2.1000E+07  2.0800E+07     9.5695E-03     0.0000E+00     0.0000E+00
   124     2.0800E+07  2.0600E+07     9.6619E-03     0.0000E+00     0.0000E+00
   125     2.0600E+07  2.0400E+07     9.7562E-03     0.0000E+00     0.0000E+00
   126     2.0400E+07  2.0200E+07     9.8523E-03     0.0000E+00     0.0000E+00
   127     2.0200E+07  2.0000E+07     9.9503E-03     0.0000E+00     0.0000E+00
   128     2.0000E+07  1.9800E+07     1.0050E-02     2.4666E-08     2.4542E-06
   129     1.9800E+07  1.9600E+07     1.0152E-02     2.4917E-08     2.4543E-06
   130     1.9600E+07  1.9400E+07     1.0257E-02     2.5172E-08     2.4542E-06
   131     1.9400E+07  1.9200E+07     1.0363E-02     2.5433E-08     2.4543E-06
   132     1.9200E+07  1.9000E+07     1.0471E-02     2.5700E-08     2.4543E-06
   133     1.9000E+07  1.8800E+07     1.0582E-02     2.5972E-08     2.4543E-06
   134     1.8800E+07  1.8600E+07     1.0695E-02     2.6249E-08     2.4543E-06
   135     1.8600E+07  1.8400E+07     1.0811E-02     2.6533E-08     2.4543E-06
   136     1.8400E+07  1.8200E+07     1.0929E-02     2.6823E-08     2.4543E-06
   137     1.8200E+07  1.8000E+07     1.1050E-02     2.7120E-08     2.4543E-06
   138     1.8000E+07  1.7800E+07     1.1173E-02     2.7423E-08     2.4543E-06
   139     1.7800E+07  1.7600E+07     1.1300E-02     2.7732E-08     2.4543E-06
   140     1.7600E+07  1.7400E+07     1.1429E-02     2.8049E-08     2.4543E-06
   141     1.7400E+07  1.7200E+07     1.1561E-02     5.2670E-08     4.5559E-06
   142     1.7200E+07  1.7000E+07     1.1696E-02     6.5876E-08     5.6323E-06
   143     1.7000E+07  1.6800E+07     1.1834E-02     7.9069E-08     6.6813E-06
   144     1.6800E+07  1.6600E+07     1.1976E-02     9.1314E-08     7.6246E-06
   145     1.6600E+07  1.6400E+07     1.2121E-02     1.1371E-07     9.3810E-06
   146     1.6400E+07  1.6200E+07     1.2270E-02     1.4294E-07     1.1649E-05
   147     1.6200E+07  1.6000E+07     1.2423E-02     1.4471E-07     1.1649E-05
   148     1.6000E+07  1.5800E+07     1.2579E-02     1.4653E-07     1.1649E-05
   149     1.5800E+07  1.5600E+07     1.2739E-02     1.9050E-07     1.4954E-05
   150     1.5600E+07  1.5400E+07     1.2903E-02     2.5268E-07     1.9582E-05
   151     1.5400E+07  1.5200E+07     1.3072E-02     2.5598E-07     1.9582E-05
   152     1.5200E+07  1.5000E+07     1.3245E-02     2.5938E-07     1.9583E-05
   153     1.5000E+07  1.4800E+07     1.3423E-02     3.3299E-07     2.4807E-05
   154     1.4800E+07  1.4600E+07     1.3606E-02     3.8658E-07     2.8413E-05
   155     1.4600E+07  1.4400E+07     1.3793E-02     4.8120E-07     3.4886E-05
   156     1.4400E+07  1.4200E+07     1.3986E-02     5.1790E-07     3.7029E-05
   157     1.4200E+07  1.4000E+07     1.4185E-02     6.6570E-07     4.6931E-05
   158     1.4000E+07  1.3800E+07     1.4389E-02     7.1764E-07     4.9875E-05
   159     1.3800E+07  1.3600E+07     1.4599E-02     8.7193E-07     5.9726E-05
   160     1.3600E+07  1.3400E+07     1.4815E-02     1.0623E-06     7.1704E-05
   161     1.3400E+07  1.3200E+07     1.5038E-02     1.2607E-06     8.3835E-05
   162     1.3200E+07  1.3000E+07     1.5267E-02     1.2800E-06     8.3838E-05
   163     1.3000E+07  1.2800E+07     1.5504E-02     1.4013E-06     9.0382E-05
   164     1.2800E+07  1.2600E+07     1.5748E-02     1.8326E-06     1.1637E-04
   165     1.2600E+07  1.2400E+07     1.6000E-02     2.1383E-06     1.3364E-04
   166     1.2400E+07  1.2200E+07     1.6261E-02     2.3996E-06     1.4757E-04
   167     1.2200E+07  1.2000E+07     1.6529E-02     3.1362E-06     1.8974E-04
   168     1.2000E+07  1.1800E+07     1.6807E-02     3.1889E-06     1.8974E-04
   169     1.1800E+07  1.1600E+07     1.7094E-02     3.3752E-06     1.9744E-04
   170     1.1600E+07  1.1400E+07     1.7392E-02     4.7776E-06     2.7471E-04
   171     1.1400E+07  1.1200E+07     1.7700E-02     4.8622E-06     2.7471E-04
   172     1.1200E+07  1.1000E+07     1.8019E-02     5.6737E-06     3.1488E-04
   173     1.1000E+07  1.0800E+07     1.8349E-02     7.8573E-06     4.2821E-04
   174     1.0800E+07  1.0600E+07     1.8692E-02     8.0042E-06     4.2821E-04
   175     1.0600E+07  1.0400E+07     1.9048E-02     9.7244E-06     5.1052E-04
   176     1.0400E+07  1.0200E+07     1.9418E-02     1.1132E-05     5.7328E-04
   177     1.0200E+07  1.0000E+07     1.9803E-02     1.1353E-05     5.7331E-04
   178     1.0000E+07  9.8000E+06     2.0203E-02     1.6292E-05     8.0643E-04
   179     9.8000E+06  9.6000E+06     2.0619E-02     1.6628E-05     8.0643E-04
   180     9.6000E+06  9.4000E+06     2.1053E-02     2.0778E-05     9.8692E-04
   181     9.4000E+06  9.2000E+06     2.1506E-02     2.4226E-05     1.1265E-03
   182     9.2000E+06  9.0000E+06     2.1979E-02     2.6557E-05     1.2083E-03
   183     9.0000E+06  8.8000E+06     2.2473E-02     3.2850E-05     1.4618E-03
   184     8.8000E+06  8.6000E+06     2.2990E-02     3.3946E-05     1.4766E-03
   185     8.6000E+06  8.4000E+06     2.3530E-02     4.4103E-05     1.8743E-03
   186     8.4000E+06  8.2000E+06     2.4098E-02     4.5165E-05     1.8743E-03
   187     8.2000E+06  8.0000E+06     2.4693E-02     6.0623E-05     2.4551E-03
   188     8.0000E+06  7.8000E+06     2.5318E-02     6.3143E-05     2.4940E-03
   189     7.8000E+06  7.6000E+06     2.5975E-02     8.0769E-05     3.1094E-03
   190     7.6000E+06  7.4000E+06     2.6668E-02     8.4741E-05     3.1776E-03
   191     7.4000E+06  7.2000E+06     2.7399E-02     1.0565E-04     3.8560E-03
   192     7.2000E+06  7.0000E+06     2.8171E-02     1.1620E-04     4.1248E-03
   193     7.0000E+06  6.8000E+06     2.8988E-02     1.4464E-04     4.9897E-03
   194     6.8000E+06  6.6000E+06     2.9853E-02     1.6106E-04     5.3951E-03
   195     6.6000E+06  6.4000E+06     3.0772E-02     1.9869E-04     6.4569E-03
   196     6.4000E+06  6.2000E+06     3.1749E-02     2.3309E-04     7.3417E-03
   197     6.2000E+06  6.0000E+06     3.2790E-02     2.5276E-04     7.7085E-03
   198     6.0000E+06  5.8000E+06     3.3902E-02     2.7875E-04     8.2223E-03
   199     5.8000E+06  5.6000E+06     3.5091E-02     3.2029E-04     9.1273E-03
   200     5.6000E+06  5.4000E+06     3.6368E-02     3.7251E-04     1.0243E-02
   201     5.4000E+06  5.2000E+06     3.7740E-02     4.3532E-04     1.1535E-02
   202     5.2000E+06  5.0000E+06     3.9221E-02     4.8611E-04     1.2394E-02
   203     5.0000E+06  4.7863E+06     4.3680E-02     6.3145E-04     1.4456E-02
   204     4.7863E+06  4.5709E+06     4.6048E-02     7.1012E-04     1.5421E-02
   205     4.5709E+06  4.3652E+06     4.6046E-02     7.8143E-04     1.6971E-02
   206     4.3652E+06  4.1687E+06     4.6060E-02     8.1755E-04     1.7750E-02
   207     4.1687E+06  3.9811E+06     4.6046E-02     8.4129E-04     1.8271E-02
   208     3.9811E+06  3.8019E+06     4.6057E-02     8.7003E-04     1.8890E-02
   209     3.8019E+06  3.6308E+06     4.6048E-02     8.9597E-04     1.9457E-02
   210     3.6308E+06  3.4674E+06     4.6048E-02     9.6144E-04     2.0879E-02
   211     3.4674E+06  3.3113E+06     4.6064E-02     9.8194E-04     2.1317E-02
   212     3.3113E+06  3.1623E+06     4.6041E-02     1.1447E-03     2.4862E-02
   213     3.1623E+06  3.0200E+06     4.6043E-02     1.3594E-03     2.9525E-02
   214     3.0200E+06  2.8840E+06     4.6079E-02     1.3758E-03     2.9858E-02
   215     2.8840E+06  2.7542E+06     4.6051E-02     1.4654E-03     3.1821E-02
   216     2.7542E+06  2.6303E+06     4.6029E-02     1.5874E-03     3.4487E-02
   217     2.6303E+06  2.5119E+06     4.6058E-02     1.6264E-03     3.5312E-02
   218     2.5119E+06  2.3988E+06     4.6071E-02     1.6690E-03     3.6227E-02
   219     2.3988E+06  2.2909E+06     4.6024E-02     1.8024E-03     3.9162E-02
   220     2.2909E+06  2.1878E+06     4.6048E-02     1.6114E-03     3.4994E-02
   221     2.1878E+06  2.0893E+06     4.6067E-02     1.5293E-03     3.3197E-02
   222     2.0893E+06  1.9953E+06     4.6035E-02     1.4814E-03     3.2180E-02
   223     1.9953E+06  1.9055E+06     4.6050E-02     1.4343E-03     3.1147E-02
   224     1.9055E+06  1.8197E+06     4.6073E-02     1.3977E-03     3.0337E-02
   225     1.8197E+06  1.7378E+06     4.6052E-02     1.6310E-03     3.5417E-02
   226     1.7378E+06  1.6596E+06     4.6043E-02     1.5757E-03     3.4222E-02
   227     1.6596E+06  1.5849E+06     4.6055E-02     1.5132E-03     3.2856E-02
   228     1.5849E+06  1.5136E+06     4.6030E-02     1.5730E-03     3.4173E-02
   229     1.5136E+06  1.4454E+06     4.6105E-02     1.6400E-03     3.5571E-02
   230     1.4454E+06  1.3804E+06     4.6013E-02     1.6257E-03     3.5331E-02
   231     1.3804E+06  1.3183E+06     4.6030E-02     1.4488E-03     3.1475E-02
   232     1.3183E+06  1.2589E+06     4.6105E-02     1.4916E-03     3.2352E-02
   233     1.2589E+06  1.2023E+06     4.6002E-02     1.6578E-03     3.6038E-02
   234     1.2023E+06  1.1482E+06     4.6041E-02     1.6170E-03     3.5121E-02
   235     1.1482E+06  1.0965E+06     4.6072E-02     1.4668E-03     3.1837E-02
   236     1.0965E+06  1.0471E+06     4.6099E-02     1.2397E-03     2.6892E-02
   237     1.0471E+06  1.0000E+06     4.6024E-02     1.2377E-03     2.6892E-02
   238     1.0000E+06  9.5499E+05     4.6054E-02     1.1523E-03     2.5020E-02
   239     9.5499E+05  9.1201E+05     4.6050E-02     1.3327E-03     2.8940E-02
   240     9.1201E+05  8.7096E+05     4.6055E-02     1.4780E-03     3.2092E-02
   241     8.7096E+05  8.3176E+05     4.6052E-02     1.6843E-03     3.6574E-02
   242     8.3176E+05  7.9433E+05     4.6045E-02     1.8686E-03     4.0582E-02
   243     7.9433E+05  7.5858E+05     4.6051E-02     1.8565E-03     4.0314E-02
   244     7.5858E+05  7.2444E+05     4.6049E-02     1.7432E-03     3.7855E-02
   245     7.2444E+05  6.9183E+05     4.6059E-02     1.6548E-03     3.5928E-02
   246     6.9183E+05  6.6069E+05     4.6056E-02     1.6058E-03     3.4867E-02
   247     6.6069E+05  6.3096E+05     4.6042E-02     1.5639E-03     3.3967E-02
   248     6.3096E+05  6.0256E+05     4.6055E-02     1.5214E-03     3.3034E-02
   249     6.0256E+05  5.7544E+05     4.6052E-02     1.4781E-03     3.2096E-02
   250     5.7544E+05  5.4954E+05     4.6053E-02     1.4329E-03     3.1114E-02
   251     5.4954E+05  5.2481E+05     4.6045E-02     1.3872E-03     3.0127E-02
   252     5.2481E+05  5.0119E+05     4.6051E-02     1.3418E-03     2.9137E-02
   253     5.0119E+05  4.7863E+05     4.6057E-02     1.1328E-03     2.4595E-02
   254     4.7863E+05  4.5709E+05     4.6048E-02     1.0977E-03     2.3838E-02
   255     4.5709E+05  4.3652E+05     4.6046E-02     9.1502E-04     1.9872E-02
   256     4.3652E+05  4.1687E+05     4.6060E-02     8.3091E-04     1.8040E-02
   257     4.1687E+05  3.9811E+05     4.6046E-02     9.1140E-04     1.9793E-02
   258     3.9811E+05  3.8019E+05     4.6057E-02     9.8918E-04     2.1477E-02
   259     3.8019E+05  3.6308E+05     4.6048E-02     1.0403E-03     2.2592E-02
   260     3.6308E+05  3.4674E+05     4.6048E-02     1.1373E-03     2.4698E-02
   261     3.4674E+05  3.3113E+05     4.6064E-02     1.1413E-03     2.4776E-02
   262     3.3113E+05  3.1623E+05     4.6041E-02     1.1583E-03     2.5158E-02
   263     3.1623E+05  3.0200E+05     4.6043E-02     1.1584E-03     2.5159E-02
   264     3.0200E+05  2.8840E+05     4.6079E-02     1.0797E-03     2.3432E-02
   265     2.8840E+05  2.7542E+05     4.6051E-02     1.0507E-03     2.2816E-02
   266     2.7542E+05  2.6303E+05     4.6029E-02     1.0006E-03     2.1738E-02
   267     2.6303E+05  2.5119E+05     4.6058E-02     9.9127E-04     2.1522E-02
   268     2.5119E+05  2.3988E+05     4.6071E-02     9.5390E-04     2.0705E-02
   269     2.3988E+05  2.2909E+05     4.6024E-02     9.1813E-04     1.9949E-02
   270     2.2909E+05  2.1878E+05     4.6048E-02     8.9594E-04     1.9457E-02
   271     2.1878E+05  2.0893E+05     4.6067E-02     8.7365E-04     1.8965E-02
   272     2.0893E+05  1.9953E+05     4.6035E-02     8.4862E-04     1.8434E-02
   273     1.9953E+05  1.9055E+05     4.6050E-02     8.2440E-04     1.7902E-02
   274     1.9055E+05  1.8197E+05     4.6073E-02     8.0132E-04     1.7392E-02
   275     1.8197E+05  1.7378E+05     4.6052E-02     7.8113E-04     1.6962E-02
   276     1.7378E+05  1.6596E+05     4.6043E-02     7.6191E-04     1.6548E-02
   277     1.6596E+05  1.5849E+05     4.6055E-02     7.4426E-04     1.6160E-02
   278     1.5849E+05  1.5136E+05     4.6030E-02     7.2754E-04     1.5806E-02
   279     1.5136E+05  1.4454E+05     4.6105E-02     7.1202E-04     1.5444E-02
   280     1.4454E+05  1.3804E+05     4.6013E-02     6.9394E-04     1.5081E-02
   281     1.3804E+05  1.3183E+05     4.6030E-02     6.7778E-04     1.4725E-02
   282     1.3183E+05  1.2589E+05     4.6105E-02     6.6329E-04     1.4387E-02
   283     1.2589E+05  1.2023E+05     4.6002E-02     6.4721E-04     1.4069E-02
   284     1.2023E+05  1.1482E+05     4.6041E-02     6.3395E-04     1.3769E-02
   285     1.1482E+05  1.0965E+05     4.6072E-02     6.1975E-04     1.3452E-02
   286     1.0965E+05  1.0471E+05     4.6099E-02     6.0631E-04     1.3152E-02
   287     1.0471E+05  1.0000E+05     4.6024E-02     6.0533E-04     1.3152E-02
   288     1.0000E+05  9.5499E+04     4.6054E-02     5.8766E-04     1.2760E-02
   289     9.5499E+04  9.1201E+04     4.6050E-02     5.7395E-04     1.2464E-02
   290     9.1201E+04  8.7096E+04     4.6055E-02     5.7401E-04     1.2464E-02
   291     8.7096E+04  8.3176E+04     4.6052E-02     5.5872E-04     1.2132E-02
   292     8.3176E+04  7.9433E+04     4.6045E-02     5.3939E-04     1.1714E-02
   293     7.9433E+04  7.5858E+04     4.6051E-02     5.3668E-04     1.1654E-02
   294     7.5858E+04  7.2444E+04     4.6049E-02     5.3667E-04     1.1654E-02
   295     7.2444E+04  6.9183E+04     4.6059E-02     5.1252E-04     1.1128E-02
   296     6.9183E+04  6.6069E+04     4.6056E-02     5.0648E-04     1.0997E-02
   297     6.6069E+04  6.3096E+04     4.6042E-02     5.0332E-04     1.0932E-02
   298     6.3096E+04  6.0256E+04     4.6055E-02     5.0346E-04     1.0932E-02
   299     6.0256E+04  5.7544E+04     4.6052E-02     5.0343E-04     1.0932E-02
   300     5.7544E+04  5.4954E+04     4.6053E-02     4.8780E-04     1.0592E-02
   301     5.4954E+04  5.2481E+04     4.6045E-02     4.7838E-04     1.0389E-02
   302     5.2481E+04  5.0119E+04     4.6051E-02     4.6386E-04     1.0073E-02
   303     5.0119E+04  4.7863E+04     4.6057E-02     4.6389E-04     1.0072E-02
   304     4.7863E+04  4.5709E+04     4.6048E-02     4.5598E-04     9.9024E-03
   305     4.5709E+04  4.3652E+04     4.6046E-02     4.3619E-04     9.4729E-03
   306     4.3652E+04  4.1687E+04     4.6060E-02     4.3632E-04     9.4729E-03
   307     4.1687E+04  3.9811E+04     4.6046E-02     4.3982E-04     9.5517E-03
   308     3.9811E+04  3.8019E+04     4.6057E-02     4.4268E-04     9.6115E-03
   309     3.8019E+04  3.6308E+04     4.6048E-02     4.4259E-04     9.6115E-03
   310     3.6308E+04  3.4674E+04     4.6048E-02     4.4259E-04     9.6115E-03
   311     3.4674E+04  3.3113E+04     4.6064E-02     4.2967E-04     9.3276E-03
   312     3.3113E+04  3.1623E+04     4.6041E-02     4.2439E-04     9.2176E-03
   313     3.1623E+04  3.0200E+04     4.6043E-02     4.1744E-04     9.0664E-03
   314     3.0200E+04  2.8840E+04     4.6079E-02     4.1777E-04     9.0665E-03
   315     2.8840E+04  2.7542E+04     4.6051E-02     4.1087E-04     8.9220E-03
   316     2.7542E+04  2.6303E+04     4.6029E-02     4.0619E-04     8.8246E-03
   317     2.6303E+04  2.5119E+04     4.6058E-02     4.0477E-04     8.7882E-03
   318     2.5119E+04  2.3988E+04     4.6071E-02     3.9762E-04     8.6306E-03
   319     2.3988E+04  2.2909E+04     4.6024E-02     3.9560E-04     8.5955E-03
   320     2.2909E+04  2.1878E+04     4.6048E-02     3.9847E-04     8.6533E-03
   321     2.1878E+04  2.0893E+04     4.6067E-02     3.8375E-04     8.3302E-03
   322     2.0893E+04  1.9953E+04     4.6035E-02     3.8344E-04     8.3294E-03
   323     1.9953E+04  1.9055E+04     4.6050E-02     3.8274E-04     8.3114E-03
   324     1.9055E+04  1.8197E+04     4.6073E-02     3.8085E-04     8.2663E-03
   325     1.8197E+04  1.7378E+04     4.6052E-02     3.8068E-04     8.2664E-03
   326     1.7378E+04  1.6596E+04     4.6043E-02     3.8061E-04     8.2663E-03
   327     1.6596E+04  1.5849E+04     4.6055E-02     3.8071E-04     8.2664E-03
   328     1.5849E+04  1.5136E+04     4.6030E-02     3.8050E-04     8.2663E-03
   329     1.5136E+04  1.4454E+04     4.6105E-02     3.7038E-04     8.0334E-03
   330     1.4454E+04  1.3804E+04     4.6013E-02     3.6780E-04     7.9934E-03
   331     1.3804E+04  1.3183E+04     4.6030E-02     3.6794E-04     7.9934E-03
   332     1.3183E+04  1.2589E+04     4.6105E-02     3.6853E-04     7.9933E-03
   333     1.2589E+04  1.2023E+04     4.6002E-02     3.6771E-04     7.9934E-03
   334     1.2023E+04  1.1482E+04     4.6041E-02     3.6572E-04     7.9434E-03
   335     1.1482E+04  1.0965E+04     4.6072E-02     3.6286E-04     7.8759E-03
   336     1.0965E+04  1.0471E+04     4.6099E-02     3.6113E-04     7.8338E-03
   337     1.0471E+04  1.0000E+04     4.6024E-02     3.5490E-04     7.7111E-03
   338     1.0000E+04  9.5499E+03     4.6054E-02     3.5513E-04     7.7111E-03
   339     9.5499E+03  9.1201E+03     4.6050E-02     3.5509E-04     7.7110E-03
   340     9.1201E+03  8.7096E+03     4.6055E-02     3.5260E-04     7.6561E-03
   341     8.7096E+03  8.3176E+03     4.6052E-02     3.5257E-04     7.6559E-03
   342     8.3176E+03  7.9433E+03     4.6045E-02     3.4990E-04     7.5991E-03
   343     7.9433E+03  7.5858E+03     4.6051E-02     3.4331E-04     7.4550E-03
   344     7.5858E+03  7.2444E+03     4.6049E-02     3.4330E-04     7.4551E-03
   345     7.2444E+03  6.9183E+03     4.6059E-02     3.4904E-04     7.5782E-03
   346     6.9183E+03  6.6069E+03     4.6056E-02     3.5333E-04     7.6718E-03
   347     6.6069E+03  6.3096E+03     4.6042E-02     3.5323E-04     7.6719E-03
   348     6.3096E+03  6.0256E+03     4.6055E-02     3.4289E-04     7.4452E-03
   349     6.0256E+03  5.7544E+03     4.6052E-02     3.4108E-04     7.4064E-03
   350     5.7544E+03  5.4954E+03     4.6053E-02     3.4081E-04     7.4003E-03
   351     5.4954E+03  5.2481E+03     4.6045E-02     3.3901E-04     7.3625E-03
   352     5.2481E+03  5.0119E+03     4.6051E-02     3.3906E-04     7.3627E-03
   353     5.0119E+03  4.7863E+03     4.6057E-02     3.3822E-04     7.3434E-03
   354     4.7863E+03  4.5709E+03     4.6048E-02     3.3695E-04     7.3174E-03
   355     4.5709E+03  4.3652E+03     4.6046E-02     3.3694E-04     7.3174E-03
   356     4.3652E+03  4.1687E+03     4.6060E-02     3.1535E-04     6.8465E-03
   357     4.1687E+03  3.9811E+03     4.6046E-02     3.0643E-04     6.6549E-03
   358     3.9811E+03  3.8019E+03     4.6057E-02     3.0650E-04     6.6548E-03
   359     3.8019E+03  3.6308E+03     4.6048E-02     3.5316E-04     7.6694E-03
   360     3.6308E+03  3.4674E+03     4.6048E-02     3.5332E-04     7.6729E-03
   361     3.4674E+03  3.3113E+03     4.6064E-02     3.4703E-04     7.5336E-03
   362     3.3113E+03  3.1623E+03     4.6041E-02     3.3052E-04     7.1788E-03
   363     3.1623E+03  3.0200E+03     4.6043E-02     3.3053E-04     7.1788E-03
   364     3.0200E+03  2.8840E+03     4.6079E-02     3.1610E-04     6.8600E-03
   365     2.8840E+03  2.7542E+03     4.6051E-02     3.0473E-04     6.6172E-03
   366     2.7542E+03  2.6303E+03     4.6029E-02     3.0458E-04     6.6171E-03
   367     2.6303E+03  2.5119E+03     4.6058E-02     3.3824E-04     7.3437E-03
   368     2.5119E+03  2.3988E+03     4.6071E-02     3.4408E-04     7.4685E-03
   369     2.3988E+03  2.2909E+03     4.6024E-02     3.4097E-04     7.4085E-03
   370     2.2909E+03  2.1878E+03     4.6048E-02     3.2405E-04     7.0372E-03
   371     2.1878E+03  2.0893E+03     4.6067E-02     3.2419E-04     7.0373E-03
   372     2.0893E+03  1.9953E+03     4.6035E-02     3.2309E-04     7.0184E-03
   373     1.9953E+03  1.9055E+03     4.6050E-02     3.2203E-04     6.9931E-03
   374     1.9055E+03  1.8197E+03     4.6073E-02     3.2219E-04     6.9931E-03
   375     1.8197E+03  1.7378E+03     4.6052E-02     3.1878E-04     6.9222E-03
   376     1.7378E+03  1.6596E+03     4.6043E-02     3.1739E-04     6.8933E-03
   377     1.6596E+03  1.5849E+03     4.6055E-02     3.1747E-04     6.8932E-03
   378     1.5849E+03  1.5136E+03     4.6030E-02     3.1808E-04     6.9102E-03
   379     1.5136E+03  1.4454E+03     4.6105E-02     3.1859E-04     6.9101E-03
   380     1.4454E+03  1.3804E+03     4.6013E-02     3.1763E-04     6.9031E-03
   381     1.3804E+03  1.3183E+03     4.6030E-02     3.1691E-04     6.8848E-03
   382     1.3183E+03  1.2589E+03     4.6105E-02     3.1742E-04     6.8848E-03
   383     1.2589E+03  1.2023E+03     4.6002E-02     3.1487E-04     6.8447E-03
   384     1.2023E+03  1.1482E+03     4.6041E-02     3.1373E-04     6.8142E-03
   385     1.1482E+03  1.0965E+03     4.6072E-02     3.1394E-04     6.8141E-03
   386     1.0965E+03  1.0471E+03     4.6099E-02     3.1304E-04     6.7906E-03
   387     1.0471E+03  1.0000E+03     4.6024E-02     3.1234E-04     6.7864E-03
   388     1.0000E+03  9.5499E+02     4.6054E-02     3.1067E-04     6.7457E-03
   389     9.5499E+02  9.1201E+02     4.6050E-02     2.9897E-04     6.4923E-03
   390     9.1201E+02  8.7096E+02     4.6055E-02     2.9901E-04     6.4925E-03
   391     8.7096E+02  8.3176E+02     4.6052E-02     3.0620E-04     6.6490E-03
   392     8.3176E+02  7.9433E+02     4.6045E-02     3.1590E-04     6.8607E-03
   393     7.9433E+02  7.5858E+02     4.6051E-02     3.1594E-04     6.8607E-03
   394     7.5858E+02  7.2444E+02     4.6049E-02     2.9784E-04     6.4678E-03
   395     7.2444E+02  6.9183E+02     4.6059E-02     2.9050E-04     6.3072E-03
   396     6.9183E+02  6.6069E+02     4.6056E-02     2.9048E-04     6.3072E-03
   397     6.6069E+02  6.3096E+02     4.6042E-02     3.1359E-04     6.8109E-03
   398     6.3096E+02  6.0256E+02     4.6055E-02     3.1375E-04     6.8125E-03
   399     6.0256E+02  5.7544E+02     4.6052E-02     3.0836E-04     6.6959E-03
   400     5.7544E+02  5.4954E+02     4.6053E-02     2.9480E-04     6.4013E-03
   401     5.4954E+02  5.2481E+02     4.6045E-02     2.9475E-04     6.4013E-03
   402     5.2481E+02  5.0119E+02     4.6051E-02     3.0097E-04     6.5356E-03
   403     5.0119E+02  4.7863E+02     4.6057E-02     3.0569E-04     6.6372E-03
   404     4.7863E+02  4.5709E+02     4.6048E-02     3.0563E-04     6.6373E-03
   405     4.5709E+02  4.3652E+02     4.6046E-02     2.9820E-04     6.4761E-03
   406     4.3652E+02  4.1687E+02     4.6060E-02     2.9701E-04     6.4484E-03
   407     4.1687E+02  3.9811E+02     4.6046E-02     2.9728E-04     6.4561E-03
   408     3.9811E+02  3.8019E+02     4.6057E-02     2.9955E-04     6.5039E-03
   409     3.8019E+02  3.6308E+02     4.6048E-02     2.9949E-04     6.5039E-03
   410     3.6308E+02  3.4674E+02     4.6048E-02     2.9955E-04     6.5052E-03
   411     3.4674E+02  3.3113E+02     4.6064E-02     2.9973E-04     6.5068E-03
   412     3.3113E+02  3.1623E+02     4.6041E-02     2.9958E-04     6.5068E-03
   413     3.1623E+02  3.0200E+02     4.6043E-02     2.8881E-04     6.2726E-03
   414     3.0200E+02  2.8840E+02     4.6079E-02     2.8457E-04     6.1758E-03
   415     2.8840E+02  2.7542E+02     4.6051E-02     2.8440E-04     6.1757E-03
   416     2.7542E+02  2.6303E+02     4.6029E-02     2.8776E-04     6.2517E-03
   417     2.6303E+02  2.5119E+02     4.6058E-02     2.8795E-04     6.2518E-03
   418     2.5119E+02  2.3988E+02     4.6071E-02     2.8649E-04     6.2185E-03
   419     2.3988E+02  2.2909E+02     4.6024E-02     2.8226E-04     6.1329E-03
   420     2.2909E+02  2.1878E+02     4.6048E-02     2.8241E-04     6.1329E-03
   421     2.1878E+02  2.0893E+02     4.6067E-02     2.7797E-04     6.0340E-03
   422     2.0893E+02  1.9953E+02     4.6035E-02     2.7434E-04     5.9594E-03
   423     1.9953E+02  1.9055E+02     4.6050E-02     2.7910E-04     6.0608E-03
   424     1.9055E+02  1.8197E+02     4.6073E-02     2.8389E-04     6.1618E-03
   425     1.8197E+02  1.7378E+02     4.6052E-02     2.8376E-04     6.1618E-03
   426     1.7378E+02  1.6596E+02     4.6043E-02     2.8147E-04     6.1132E-03
   427     1.6596E+02  1.5849E+02     4.6055E-02     2.8130E-04     6.1079E-03
   428     1.5849E+02  1.5136E+02     4.6030E-02     2.8115E-04     6.1079E-03
   429     1.5136E+02  1.4454E+02     4.6105E-02     2.8416E-04     6.1633E-03
   430     1.4454E+02  1.3804E+02     4.6013E-02     2.8518E-04     6.1978E-03
   431     1.3804E+02  1.3183E+02     4.6030E-02     2.8529E-04     6.1979E-03
   432     1.3183E+02  1.2589E+02     4.6105E-02     2.7472E-04     5.9586E-03
   433     1.2589E+02  1.2023E+02     4.6002E-02     2.6968E-04     5.8624E-03
   434     1.2023E+02  1.1482E+02     4.6041E-02     2.6991E-04     5.8624E-03
   435     1.1482E+02  1.0965E+02     4.6072E-02     2.6904E-04     5.8395E-03
   436     1.0965E+02  1.0471E+02     4.6099E-02     2.6627E-04     5.7761E-03
   437     1.0471E+02  1.0000E+02     4.6024E-02     2.6584E-04     5.7761E-03
   438     1.0000E+02  9.5499E+01     4.6054E-02     2.6601E-04     5.7760E-03
   439     9.5499E+01  9.1201E+01     4.6050E-02     2.6599E-04     5.7761E-03
   440     9.1201E+01  8.7096E+01     4.6055E-02     2.6412E-04     5.7349E-03
   441     8.7096E+01  8.3176E+01     4.6052E-02     2.6265E-04     5.7033E-03
   442     8.3176E+01  7.9433E+01     4.6045E-02     2.6261E-04     5.7033E-03
   443     7.9433E+01  7.5858E+01     4.6051E-02     2.6264E-04     5.7033E-03
   444     7.5858E+01  7.2444E+01     4.6049E-02     2.5790E-04     5.6005E-03
   445     7.2444E+01  6.9183E+01     4.6059E-02     2.5741E-04     5.5887E-03
   446     6.9183E+01  6.6069E+01     4.6056E-02     2.5739E-04     5.5887E-03
   447     6.6069E+01  6.3096E+01     4.6042E-02     2.5732E-04     5.5888E-03
   448     6.3096E+01  6.0256E+01     4.6055E-02     2.5739E-04     5.5887E-03
   449     6.0256E+01  5.7544E+01     4.6052E-02     2.5738E-04     5.5889E-03
   450     5.7544E+01  5.4954E+01     4.6053E-02     2.5738E-04     5.5887E-03
   451     5.4954E+01  5.2481E+01     4.6045E-02     2.5734E-04     5.5888E-03
   452     5.2481E+01  5.0119E+01     4.6051E-02     2.5737E-04     5.5888E-03
   453     5.0119E+01  4.7863E+01     4.6057E-02     2.5702E-04     5.5804E-03
   454     4.7863E+01  4.5709E+01     4.6048E-02     2.3424E-04     5.0869E-03
   455     4.5709E+01  4.3652E+01     4.6046E-02     2.3423E-04     5.0869E-03
   456     4.3652E+01  4.1687E+01     4.6060E-02     2.3430E-04     5.0869E-03
   457     4.1687E+01  3.9811E+01     4.6046E-02     2.3423E-04     5.0869E-03
   458     3.9811E+01  3.8019E+01     4.6057E-02     2.3429E-04     5.0869E-03
   459     3.8019E+01  3.6308E+01     4.6048E-02     2.3424E-04     5.0869E-03
   460     3.6308E+01  3.4674E+01     4.6048E-02     2.3424E-04     5.0869E-03
   461     3.4674E+01  3.3113E+01     4.6064E-02     2.3432E-04     5.0868E-03
   462     3.3113E+01  3.1623E+01     4.6041E-02     2.3421E-04     5.0870E-03
   463     3.1623E+01  3.0200E+01     4.6043E-02     2.3421E-04     5.0868E-03
   464     3.0200E+01  2.8840E+01     4.6079E-02     2.3440E-04     5.0870E-03
   465     2.8840E+01  2.7542E+01     4.6051E-02     2.3194E-04     5.0366E-03
   466     2.7542E+01  2.6303E+01     4.6029E-02     2.1553E-04     4.6825E-03
   467     2.6303E+01  2.5119E+01     4.6058E-02     2.1567E-04     4.6825E-03
   468     2.5119E+01  2.3988E+01     4.6071E-02     2.1573E-04     4.6826E-03
   469     2.3988E+01  2.2909E+01     4.6024E-02     2.1551E-04     4.6826E-03
   470     2.2909E+01  2.1878E+01     4.6048E-02     2.1562E-04     4.6825E-03
   471     2.1878E+01  2.0893E+01     4.6067E-02     2.1571E-04     4.6825E-03
   472     2.0893E+01  1.9953E+01     4.6035E-02     2.1556E-04     4.6826E-03
   473     1.9953E+01  1.9055E+01     4.6050E-02     2.1563E-04     4.6825E-03
   474     1.9055E+01  1.8197E+01     4.6073E-02     2.1574E-04     4.6826E-03
   475     1.8197E+01  1.7378E+01     4.6052E-02     2.1564E-04     4.6826E-03
   476     1.7378E+01  1.6596E+01     4.6043E-02     2.1560E-04     4.6825E-03
   477     1.6596E+01  1.5849E+01     4.6055E-02     2.1871E-04     4.7489E-03
   478     1.5849E+01  1.5136E+01     4.6030E-02     2.3035E-04     5.0043E-03
   479     1.5136E+01  1.4454E+01     4.6105E-02     2.3072E-04     5.0042E-03
   480     1.4454E+01  1.3804E+01     4.6013E-02     2.3026E-04     5.0043E-03
   481     1.3804E+01  1.3183E+01     4.6030E-02     2.3035E-04     5.0043E-03
   482     1.3183E+01  1.2589E+01     4.6105E-02     2.3072E-04     5.0043E-03
   483     1.2589E+01  1.2023E+01     4.6002E-02     2.3020E-04     5.0041E-03
   484     1.2023E+01  1.1482E+01     4.6041E-02     2.3040E-04     5.0042E-03
   485     1.1482E+01  1.0965E+01     4.6072E-02     2.3056E-04     5.0043E-03
   486     1.0965E+01  1.0471E+01     4.6099E-02     2.3069E-04     5.0042E-03
   487     1.0471E+01  1.0000E+01     4.6024E-02     2.3032E-04     5.0043E-03
   488     1.0000E+01  9.9750E+00     2.5031E-03     1.3080E-05     5.2255E-03
   489     9.9750E+00  9.9500E+00     2.5094E-03     1.3150E-05     5.2403E-03
   490     9.9500E+00  9.9250E+00     2.5157E-03     1.3210E-05     5.2510E-03
   491     9.9250E+00  9.9000E+00     2.5221E-03     1.3260E-05     5.2576E-03
   492     9.9000E+00  9.8750E+00     2.5284E-03     1.3310E-05     5.2641E-03
   493     9.8750E+00  9.8500E+00     2.5349E-03     1.3350E-05     5.2666E-03
   494     9.8500E+00  9.8250E+00     2.5413E-03     1.3390E-05     5.2690E-03
   495     9.8250E+00  9.8000E+00     2.5478E-03     1.3420E-05     5.2673E-03
   496     9.8000E+00  9.7750E+00     2.5543E-03     1.3450E-05     5.2657E-03
   497     9.7750E+00  9.7500E+00     2.5608E-03     1.3480E-05     5.2639E-03
   498     9.7500E+00  9.7250E+00     2.5674E-03     1.3510E-05     5.2621E-03
   499     9.7250E+00  9.7000E+00     2.5740E-03     1.3540E-05     5.2603E-03
   500     9.7000E+00  9.6750E+00     2.5806E-03     1.3570E-05     5.2584E-03
   501     9.6750E+00  9.6500E+00     2.5873E-03     1.3600E-05     5.2564E-03
   502     9.6500E+00  9.6250E+00     2.5940E-03     1.3630E-05     5.2544E-03
   503     9.6250E+00  9.6000E+00     2.6008E-03     1.3660E-05     5.2523E-03
   504     9.6000E+00  9.5750E+00     2.6076E-03     1.3690E-05     5.2501E-03
   505     9.5750E+00  9.5500E+00     2.6144E-03     1.3710E-05     5.2441E-03
   506     9.5500E+00  9.5250E+00     2.6212E-03     1.3730E-05     5.2380E-03
   507     9.5250E+00  9.5000E+00     2.6281E-03     1.3740E-05     5.2281E-03
   508     9.5000E+00  9.4750E+00     2.6350E-03     1.3740E-05     5.2143E-03
   509     9.4750E+00  9.4500E+00     2.6420E-03     1.3730E-05     5.1968E-03
   510     9.4500E+00  9.4250E+00     2.6490E-03     1.3700E-05     5.1717E-03
   511     9.4250E+00  9.4000E+00     2.6560E-03     1.3660E-05     5.1430E-03
   512     9.4000E+00  9.3750E+00     2.6631E-03     1.3610E-05     5.1106E-03
   513     9.3750E+00  9.3500E+00     2.6702E-03     1.3550E-05     5.0745E-03
   514     9.3500E+00  9.3250E+00     2.6774E-03     1.3500E-05     5.0422E-03
   515     9.3250E+00  9.3000E+00     2.6846E-03     1.3460E-05     5.0138E-03
   516     9.3000E+00  9.2750E+00     2.6918E-03     1.3450E-05     4.9967E-03
   517     9.2750E+00  9.2500E+00     2.6991E-03     1.3460E-05     4.9869E-03
   518     9.2500E+00  9.2250E+00     2.7064E-03     1.3500E-05     4.9882E-03
   519     9.2250E+00  9.2000E+00     2.7137E-03     1.3560E-05     4.9969E-03
   520     9.2000E+00  9.1750E+00     2.7211E-03     1.3630E-05     5.0090E-03
   521     9.1750E+00  9.1500E+00     2.7285E-03     1.3690E-05     5.0174E-03
   522     9.1500E+00  9.1250E+00     2.7360E-03     1.3740E-05     5.0220E-03
   523     9.1250E+00  9.1000E+00     2.7435E-03     1.3760E-05     5.0155E-03
   524     9.1000E+00  9.0750E+00     2.7510E-03     1.3750E-05     4.9981E-03
   525     9.0750E+00  9.0500E+00     2.7586E-03     1.3720E-05     4.9735E-03
   526     9.0500E+00  9.0250E+00     2.7663E-03     1.3640E-05     4.9309E-03
   527     9.0250E+00  9.0000E+00     2.7739E-03     1.3520E-05     4.8740E-03
   528     9.0000E+00  8.9750E+00     2.7816E-03     1.3350E-05     4.7993E-03
   529     8.9750E+00  8.9500E+00     2.7894E-03     1.3110E-05     4.6999E-03
   530     8.9500E+00  8.9250E+00     2.7972E-03     1.2810E-05     4.5796E-03
   531     8.9250E+00  8.9000E+00     2.8051E-03     1.2460E-05     4.4420E-03
   532     8.9000E+00  8.8750E+00     2.8129E-03     1.2060E-05     4.2873E-03
   533     8.8750E+00  8.8500E+00     2.8209E-03     1.1660E-05     4.1335E-03
   534     8.8500E+00  8.8250E+00     2.8289E-03     1.1300E-05     3.9945E-03
   535     8.8250E+00  8.8000E+00     2.8369E-03     1.1030E-05     3.8881E-03
   536     8.8000E+00  8.7750E+00     2.8450E-03     1.0860E-05     3.8173E-03
   537     8.7750E+00  8.7500E+00     2.8531E-03     1.0840E-05     3.7994E-03
   538     8.7500E+00  8.7250E+00     2.8612E-03     1.0960E-05     3.8305E-03
   539     8.7250E+00  8.7000E+00     2.8694E-03     1.1210E-05     3.9067E-03
   540     8.7000E+00  8.6750E+00     2.8777E-03     1.1560E-05     4.0171E-03
   541     8.6750E+00  8.6500E+00     2.8860E-03     1.1990E-05     4.1545E-03
   542     8.6500E+00  8.6250E+00     2.8944E-03     1.2450E-05     4.3015E-03
   543     8.6250E+00  8.6000E+00     2.9028E-03     1.2890E-05     4.4406E-03
   544     8.6000E+00  8.5750E+00     2.9112E-03     1.3300E-05     4.5685E-03
   545     8.5750E+00  8.5500E+00     2.9197E-03     1.3650E-05     4.6751E-03
   546     8.5500E+00  8.5250E+00     2.9283E-03     1.3950E-05     4.7639E-03
   547     8.5250E+00  8.5000E+00     2.9369E-03     1.4200E-05     4.8351E-03
   548     8.5000E+00  8.4750E+00     2.9455E-03     1.4410E-05     4.8922E-03
   549     8.4750E+00  8.4500E+00     2.9542E-03     1.4570E-05     4.9319E-03
   550     8.4500E+00  8.4250E+00     2.9630E-03     1.4710E-05     4.9646E-03
   551     8.4250E+00  8.4000E+00     2.9718E-03     1.4820E-05     4.9869E-03
   552     8.4000E+00  8.3750E+00     2.9806E-03     1.4900E-05     4.9989E-03
   553     8.3750E+00  8.3500E+00     2.9895E-03     1.4960E-05     5.0041E-03
   554     8.3500E+00  8.3250E+00     2.9985E-03     1.5010E-05     5.0058E-03
   555     8.3250E+00  8.3000E+00     3.0075E-03     1.5030E-05     4.9975E-03
   556     8.3000E+00  8.2750E+00     3.0166E-03     1.5030E-05     4.9824E-03
   557     8.2750E+00  8.2500E+00     3.0257E-03     1.5020E-05     4.9641E-03
   558     8.2500E+00  8.2250E+00     3.0349E-03     1.4980E-05     4.9359E-03
   559     8.2250E+00  8.2000E+00     3.0441E-03     1.4920E-05     4.9012E-03
   560     8.2000E+00  8.1750E+00     3.0534E-03     1.4840E-05     4.8601E-03
   561     8.1750E+00  8.1500E+00     3.0628E-03     1.4750E-05     4.8159E-03
   562     8.1500E+00  8.1250E+00     3.0722E-03     1.4660E-05     4.7718E-03
   563     8.1250E+00  8.1000E+00     3.0817E-03     1.4570E-05     4.7280E-03
   564     8.1000E+00  8.0750E+00     3.0912E-03     1.4500E-05     4.6907E-03
   565     8.0750E+00  8.0500E+00     3.1008E-03     1.4450E-05     4.6601E-03
   566     8.0500E+00  8.0250E+00     3.1104E-03     1.4410E-05     4.6328E-03
   567     8.0250E+00  8.0000E+00     3.1201E-03     1.4400E-05     4.6152E-03
   568     8.0000E+00  7.9750E+00     3.1299E-03     1.4400E-05     4.6008E-03
   569     7.9750E+00  7.9500E+00     3.1397E-03     1.4390E-05     4.5832E-03
   570     7.9500E+00  7.9250E+00     3.1496E-03     1.4370E-05     4.5625E-03
   571     7.9250E+00  7.9000E+00     3.1596E-03     1.4330E-05     4.5354E-03
   572     7.9000E+00  7.8750E+00     3.1696E-03     1.4280E-05     4.5053E-03
   573     7.8750E+00  7.8500E+00     3.1797E-03     1.4230E-05     4.4753E-03
   574     7.8500E+00  7.8250E+00     3.1898E-03     1.4220E-05     4.4580E-03
   575     7.8250E+00  7.8000E+00     3.2000E-03     1.4290E-05     4.4656E-03
   576     7.8000E+00  7.7750E+00     3.2103E-03     1.4350E-05     4.4700E-03
   577     7.7750E+00  7.7500E+00     3.2206E-03     1.4530E-05     4.5116E-03
   578     7.7500E+00  7.7250E+00     3.2310E-03     1.4730E-05     4.5589E-03
   579     7.7250E+00  7.7000E+00     3.2415E-03     1.4940E-05     4.6090E-03
   580     7.7000E+00  7.6750E+00     3.2520E-03     1.5130E-05     4.6525E-03
   581     7.6750E+00  7.6500E+00     3.2626E-03     1.5300E-05     4.6894E-03
   582     7.6500E+00  7.6250E+00     3.2733E-03     1.5430E-05     4.7139E-03
   583     7.6250E+00  7.6000E+00     3.2841E-03     1.5520E-05     4.7258E-03
   584     7.6000E+00  7.5750E+00     3.2949E-03     1.5590E-05     4.7316E-03
   585     7.5750E+00  7.5500E+00     3.3058E-03     1.5630E-05     4.7281E-03
   586     7.5500E+00  7.5250E+00     3.3168E-03     1.5650E-05     4.7185E-03
   587     7.5250E+00  7.5000E+00     3.3278E-03     1.5650E-05     4.7028E-03
   588     7.5000E+00  7.4750E+00     3.3389E-03     1.5630E-05     4.6812E-03
   589     7.4750E+00  7.4500E+00     3.3501E-03     1.5590E-05     4.6536E-03
   590     7.4500E+00  7.4250E+00     3.3613E-03     1.5550E-05     4.6261E-03
   591     7.4250E+00  7.4000E+00     3.3727E-03     1.5480E-05     4.5898E-03
   592     7.4000E+00  7.3750E+00     3.3841E-03     1.5410E-05     4.5537E-03
   593     7.3750E+00  7.3500E+00     3.3956E-03     1.5310E-05     4.5088E-03
   594     7.3500E+00  7.3250E+00     3.4072E-03     1.5200E-05     4.4612E-03
   595     7.3250E+00  7.3000E+00     3.4188E-03     1.5060E-05     4.4050E-03
   596     7.3000E+00  7.2750E+00     3.4305E-03     1.4890E-05     4.3404E-03
   597     7.2750E+00  7.2500E+00     3.4423E-03     1.4680E-05     4.2645E-03
   598     7.2500E+00  7.2250E+00     3.4542E-03     1.4420E-05     4.1746E-03
   599     7.2250E+00  7.2000E+00     3.4662E-03     1.4120E-05     4.0736E-03
   600     7.2000E+00  7.1750E+00     3.4783E-03     1.3750E-05     3.9531E-03
   601     7.1750E+00  7.1500E+00     3.4904E-03     1.3340E-05     3.8219E-03
   602     7.1500E+00  7.1250E+00     3.5026E-03     1.2890E-05     3.6801E-03
   603     7.1250E+00  7.1000E+00     3.5149E-03     1.2420E-05     3.5335E-03
   604     7.1000E+00  7.0750E+00     3.5273E-03     1.1940E-05     3.3850E-03
   605     7.0750E+00  7.0500E+00     3.5398E-03     1.1450E-05     3.2346E-03
   606     7.0500E+00  7.0250E+00     3.5524E-03     1.0910E-05     3.0712E-03
   607     7.0250E+00  7.0000E+00     3.5651E-03     1.0310E-05     2.8920E-03
   608     7.0000E+00  6.9750E+00     3.5778E-03     9.5870E-06     2.6796E-03
   609     6.9750E+00  6.9500E+00     3.5907E-03     8.7070E-06     2.4249E-03
   610     6.9500E+00  6.9250E+00     3.6036E-03     7.6019E-06     2.1095E-03
   611     6.9250E+00  6.9000E+00     3.6166E-03     6.2170E-06     1.7190E-03
   612     6.9000E+00  6.8750E+00     3.6298E-03     4.5950E-06     1.2659E-03
   613     6.8750E+00  6.8500E+00     3.6430E-03     2.9990E-06     8.2322E-04
   614     6.8500E+00  6.8250E+00     3.6563E-03     1.7650E-06     4.8273E-04
   615     6.8250E+00  6.8000E+00     3.6697E-03     1.0270E-06     2.7986E-04
   616     6.8000E+00  6.7750E+00     3.6832E-03     5.9341E-07     1.6111E-04
   617     6.7750E+00  6.7500E+00     3.6969E-03     3.6760E-07     9.9436E-05
   618     6.7500E+00  6.7250E+00     3.7106E-03     2.5140E-07     6.7752E-05
   619     6.7250E+00  6.7000E+00     3.7244E-03     1.9280E-07     5.1767E-05
   620     6.7000E+00  6.6750E+00     3.7383E-03     1.6710E-07     4.4699E-05
   621     6.6750E+00  6.6500E+00     3.7523E-03     1.6420E-07     4.3759E-05
   622     6.6500E+00  6.6250E+00     3.7665E-03     1.8300E-07     4.8586E-05
   623     6.6250E+00  6.6000E+00     3.7807E-03     2.3060E-07     6.0994E-05
   624     6.6000E+00  6.5750E+00     3.7951E-03     3.2630E-07     8.5980E-05
   625     6.5750E+00  6.5500E+00     3.8095E-03     5.1249E-07     1.3453E-04
   626     6.5500E+00  6.5250E+00     3.8241E-03     8.7280E-07     2.2824E-04
   627     6.5250E+00  6.5000E+00     3.8388E-03     1.5270E-06     3.9778E-04
   628     6.5000E+00  6.4750E+00     3.8536E-03     2.6340E-06     6.8352E-04
   629     6.4750E+00  6.4500E+00     3.8685E-03     4.0990E-06     1.0596E-03
   630     6.4500E+00  6.4250E+00     3.8835E-03     5.5579E-06     1.4312E-03
   631     6.4250E+00  6.4000E+00     3.8986E-03     6.7390E-06     1.7286E-03
   632     6.4000E+00  6.3750E+00     3.9139E-03     7.6680E-06     1.9592E-03
   633     6.3750E+00  6.3500E+00     3.9293E-03     8.4830E-06     2.1589E-03
   634     6.3500E+00  6.3250E+00     3.9448E-03     9.2800E-06     2.3525E-03
   635     6.3250E+00  6.3000E+00     3.9604E-03     1.0080E-05     2.5452E-03
   636     6.3000E+00  6.2750E+00     3.9761E-03     1.0860E-05     2.7313E-03
   637     6.2750E+00  6.2500E+00     3.9920E-03     1.1590E-05     2.9033E-03
   638     6.2500E+00  6.2250E+00     4.0080E-03     1.2240E-05     3.0539E-03
   639     6.2250E+00  6.2000E+00     4.0242E-03     1.2800E-05     3.1808E-03
   640     6.2000E+00  6.1750E+00     4.0404E-03     1.3270E-05     3.2843E-03
   641     6.1750E+00  6.1500E+00     4.0568E-03     1.3680E-05     3.3721E-03
   642     6.1500E+00  6.1250E+00     4.0733E-03     1.4040E-05     3.4468E-03
   643     6.1250E+00  6.1000E+00     4.0900E-03     1.4340E-05     3.5061E-03
   644     6.1000E+00  6.0750E+00     4.1068E-03     1.4580E-05     3.5502E-03
   645     6.0750E+00  6.0500E+00     4.1237E-03     1.4760E-05     3.5793E-03
   646     6.0500E+00  6.0250E+00     4.1408E-03     1.4890E-05     3.5959E-03
   647     6.0250E+00  6.0000E+00     4.1580E-03     1.4990E-05     3.6051E-03
   648     6.0000E+00  5.9750E+00     4.1754E-03     1.5040E-05     3.6021E-03
   649     5.9750E+00  5.9500E+00     4.1929E-03     1.5080E-05     3.5966E-03
   650     5.9500E+00  5.9250E+00     4.2105E-03     1.5150E-05     3.5981E-03
   651     5.9250E+00  5.9000E+00     4.2283E-03     1.5250E-05     3.6066E-03
   652     5.9000E+00  5.8750E+00     4.2463E-03     1.5390E-05     3.6243E-03
   653     5.8750E+00  5.8500E+00     4.2644E-03     1.5590E-05     3.6558E-03
   654     5.8500E+00  5.8250E+00     4.2827E-03     1.5820E-05     3.6940E-03
   655     5.8250E+00  5.8000E+00     4.3011E-03     1.6070E-05     3.7363E-03
   656     5.8000E+00  5.7750E+00     4.3197E-03     1.6320E-05     3.7781E-03
   657     5.7750E+00  5.7500E+00     4.3384E-03     1.6550E-05     3.8148E-03
   658     5.7500E+00  5.7250E+00     4.3573E-03     1.6750E-05     3.8441E-03
   659     5.7250E+00  5.7000E+00     4.3764E-03     1.6880E-05     3.8571E-03
   660     5.7000E+00  5.6750E+00     4.3956E-03     1.6970E-05     3.8607E-03
   661     5.6750E+00  5.6500E+00     4.4150E-03     1.7000E-05     3.8505E-03
   662     5.6500E+00  5.6250E+00     4.4346E-03     1.6950E-05     3.8222E-03
   663     5.6250E+00  5.6000E+00     4.4544E-03     1.6770E-05     3.7649E-03
   664     5.6000E+00  5.5750E+00     4.4743E-03     1.6400E-05     3.6654E-03
   665     5.5750E+00  5.5500E+00     4.4944E-03     1.5730E-05     3.4999E-03
   666     5.5500E+00  5.5250E+00     4.5147E-03     1.4800E-05     3.2782E-03
   667     5.5250E+00  5.5000E+00     4.5352E-03     1.3740E-05     3.0297E-03
   668     5.5000E+00  5.4750E+00     4.5558E-03     1.2790E-05     2.8074E-03
   669     5.4750E+00  5.4500E+00     4.5767E-03     1.2190E-05     2.6635E-03
   670     5.4500E+00  5.4250E+00     4.5977E-03     1.2080E-05     2.6274E-03
   671     5.4250E+00  5.4000E+00     4.6189E-03     1.2460E-05     2.6976E-03
   672     5.4000E+00  5.3750E+00     4.6404E-03     1.3250E-05     2.8554E-03
   673     5.3750E+00  5.3500E+00     4.6620E-03     1.4290E-05     3.0652E-03
   674     5.3500E+00  5.3250E+00     4.6838E-03     1.5370E-05     3.2815E-03
   675     5.3250E+00  5.3000E+00     4.7059E-03     1.6320E-05     3.4680E-03
   676     5.3000E+00  5.2750E+00     4.7281E-03     1.7040E-05     3.6040E-03
   677     5.2750E+00  5.2500E+00     4.7506E-03     1.7560E-05     3.6964E-03
   678     5.2500E+00  5.2250E+00     4.7733E-03     1.7880E-05     3.7459E-03
   679     5.2250E+00  5.2000E+00     4.7962E-03     1.8070E-05     3.7676E-03
   680     5.2000E+00  5.1750E+00     4.8193E-03     1.8230E-05     3.7827E-03
   681     5.1750E+00  5.1500E+00     4.8426E-03     1.8490E-05     3.8182E-03
   682     5.1500E+00  5.1250E+00     4.8662E-03     1.8910E-05     3.8860E-03
   683     5.1250E+00  5.1000E+00     4.8900E-03     1.9500E-05     3.9877E-03
   684     5.1000E+00  5.0750E+00     4.9140E-03     2.0180E-05     4.1066E-03
   685     5.0750E+00  5.0500E+00     4.9383E-03     2.0820E-05     4.2160E-03
   686     5.0500E+00  5.0250E+00     4.9628E-03     2.1360E-05     4.3040E-03
   687     5.0250E+00  5.0000E+00     4.9875E-03     2.1760E-05     4.3629E-03
   688     5.0000E+00  4.9750E+00     5.0125E-03     2.2020E-05     4.3930E-03
   689     4.9750E+00  4.9500E+00     5.0378E-03     2.2160E-05     4.3988E-03
   690     4.9500E+00  4.9250E+00     5.0633E-03     2.2180E-05     4.3805E-03
   691     4.9250E+00  4.9000E+00     5.0891E-03     2.2120E-05     4.3466E-03
   692     4.9000E+00  4.8750E+00     5.1151E-03     2.2030E-05     4.3069E-03
   693     4.8750E+00  4.8500E+00     5.1414E-03     2.2030E-05     4.2848E-03
   694     4.8500E+00  4.8250E+00     5.1680E-03     2.2170E-05     4.2899E-03
   695     4.8250E+00  4.8000E+00     5.1948E-03     2.2480E-05     4.3274E-03
   696     4.8000E+00  4.7750E+00     5.2219E-03     2.2920E-05     4.3892E-03
   697     4.7750E+00  4.7500E+00     5.2494E-03     2.3380E-05     4.4539E-03
   698     4.7500E+00  4.7250E+00     5.2771E-03     2.3810E-05     4.5120E-03
   699     4.7250E+00  4.7000E+00     5.3051E-03     2.4160E-05     4.5541E-03
   700     4.7000E+00  4.6750E+00     5.3333E-03     2.4450E-05     4.5844E-03
   701     4.6750E+00  4.6500E+00     5.3619E-03     2.4690E-05     4.6047E-03
   702     4.6500E+00  4.6250E+00     5.3908E-03     2.4900E-05     4.6189E-03
   703     4.6250E+00  4.6000E+00     5.4201E-03     2.5080E-05     4.6272E-03
   704     4.6000E+00  4.5750E+00     5.4496E-03     2.5290E-05     4.6407E-03
   705     4.5750E+00  4.5500E+00     5.4795E-03     2.5430E-05     4.6410E-03
   706     4.5500E+00  4.5250E+00     5.5097E-03     2.5590E-05     4.6446E-03
   707     4.5250E+00  4.5000E+00     5.5402E-03     2.5700E-05     4.6388E-03
   708     4.5000E+00  4.4750E+00     5.5710E-03     2.5780E-05     4.6275E-03
   709     4.4750E+00  4.4500E+00     5.6023E-03     2.5800E-05     4.6053E-03
   710     4.4500E+00  4.4250E+00     5.6338E-03     2.5790E-05     4.5777E-03
   711     4.4250E+00  4.4000E+00     5.6657E-03     2.5790E-05     4.5519E-03
   712     4.4000E+00  4.3750E+00     5.6980E-03     2.5840E-05     4.5349E-03
   713     4.3750E+00  4.3500E+00     5.7307E-03     2.5940E-05     4.5265E-03
   714     4.3500E+00  4.3250E+00     5.7637E-03     2.6120E-05     4.5318E-03
   715     4.3250E+00  4.3000E+00     5.7971E-03     2.6360E-05     4.5471E-03
   716     4.3000E+00  4.2750E+00     5.8309E-03     2.6660E-05     4.5722E-03
   717     4.2750E+00  4.2500E+00     5.8651E-03     2.7020E-05     4.6069E-03
   718     4.2500E+00  4.2250E+00     5.8997E-03     2.7420E-05     4.6477E-03
   719     4.2250E+00  4.2000E+00     5.9347E-03     2.7830E-05     4.6893E-03
   720     4.2000E+00  4.1750E+00     5.9702E-03     2.8220E-05     4.7268E-03
   721     4.1750E+00  4.1500E+00     6.0060E-03     2.8590E-05     4.7602E-03
   722     4.1500E+00  4.1250E+00     6.0423E-03     2.8950E-05     4.7912E-03
   723     4.1250E+00  4.1000E+00     6.0790E-03     2.9330E-05     4.8248E-03
   724     4.1000E+00  4.0750E+00     6.1162E-03     2.9790E-05     4.8706E-03
   725     4.0750E+00  4.0500E+00     6.1539E-03     3.0380E-05     4.9367E-03
   726     4.0500E+00  4.0250E+00     6.1920E-03     3.1210E-05     5.0404E-03
   727     4.0250E+00  4.0000E+00     6.2305E-03     3.2480E-05     5.2130E-03
   728     4.0000E+00  3.9750E+00     6.2696E-03     3.2060E-05     5.1136E-03
   729     3.9750E+00  3.9500E+00     6.3092E-03     3.1280E-05     4.9579E-03
   730     3.9500E+00  3.9250E+00     6.3492E-03     3.0350E-05     4.7801E-03
   731     3.9250E+00  3.9000E+00     6.3898E-03     3.0450E-05     4.7654E-03
   732     3.9000E+00  3.8750E+00     6.4309E-03     3.0860E-05     4.7987E-03
   733     3.8750E+00  3.8500E+00     6.4725E-03     3.1210E-05     4.8219E-03
   734     3.8500E+00  3.8250E+00     6.5147E-03     3.1410E-05     4.8214E-03
   735     3.8250E+00  3.8000E+00     6.5574E-03     3.1700E-05     4.8342E-03
   736     3.8000E+00  3.7750E+00     6.6007E-03     3.2090E-05     4.8616E-03
   737     3.7750E+00  3.7500E+00     6.6445E-03     3.2330E-05     4.8656E-03
   738     3.7500E+00  3.7250E+00     6.6890E-03     3.2490E-05     4.8572E-03
   739     3.7250E+00  3.7000E+00     6.7340E-03     3.2540E-05     4.8322E-03
   740     3.7000E+00  3.6750E+00     6.7797E-03     3.2490E-05     4.7923E-03
   741     3.6750E+00  3.6500E+00     6.8260E-03     3.2310E-05     4.7334E-03
   742     3.6500E+00  3.6250E+00     6.8729E-03     3.2270E-05     4.6953E-03
   743     3.6250E+00  3.6000E+00     6.9204E-03     3.2320E-05     4.6702E-03
   744     3.6000E+00  3.5750E+00     6.9687E-03     3.2650E-05     4.6853E-03
   745     3.5750E+00  3.5500E+00     7.0176E-03     3.3060E-05     4.7110E-03
   746     3.5500E+00  3.5250E+00     7.0672E-03     3.3640E-05     4.7600E-03
   747     3.5250E+00  3.5000E+00     7.1175E-03     3.4120E-05     4.7938E-03
   748     3.5000E+00  3.4750E+00     7.1685E-03     3.4630E-05     4.8309E-03
   749     3.4750E+00  3.4500E+00     7.2202E-03     3.4980E-05     4.8447E-03
   750     3.4500E+00  3.4250E+00     7.2728E-03     3.5340E-05     4.8592E-03
   751     3.4250E+00  3.4000E+00     7.3260E-03     3.5710E-05     4.8744E-03
   752     3.4000E+00  3.3750E+00     7.3801E-03     3.5890E-05     4.8631E-03
   753     3.3750E+00  3.3500E+00     7.4350E-03     3.6160E-05     4.8635E-03
   754     3.3500E+00  3.3250E+00     7.4907E-03     3.6450E-05     4.8661E-03
   755     3.3250E+00  3.3000E+00     7.5472E-03     3.6680E-05     4.8601E-03
   756     3.3000E+00  3.2750E+00     7.6046E-03     3.6810E-05     4.8405E-03
   757     3.2750E+00  3.2500E+00     7.6629E-03     3.6960E-05     4.8233E-03
   758     3.2500E+00  3.2250E+00     7.7220E-03     3.7100E-05     4.8044E-03
   759     3.2250E+00  3.2000E+00     7.7821E-03     3.7190E-05     4.7789E-03
   760     3.2000E+00  3.1750E+00     7.8432E-03     3.7190E-05     4.7417E-03
   761     3.1750E+00  3.1500E+00     7.9052E-03     3.7290E-05     4.7172E-03
   762     3.1500E+00  3.1250E+00     7.9682E-03     3.7490E-05     4.7050E-03
   763     3.1250E+00  3.1000E+00     8.0322E-03     3.7800E-05     4.7061E-03
   764     3.1000E+00  3.0750E+00     8.0972E-03     3.8180E-05     4.7152E-03
   765     3.0750E+00  3.0500E+00     8.1633E-03     3.8710E-05     4.7419E-03
   766     3.0500E+00  3.0250E+00     8.2305E-03     3.9310E-05     4.7761E-03
   767     3.0250E+00  3.0000E+00     8.2988E-03     3.9740E-05     4.7886E-03
   768     3.0000E+00  2.9750E+00     8.3682E-03     4.0270E-05     4.8122E-03
   769     2.9750E+00  2.9500E+00     8.4389E-03     4.0720E-05     4.8253E-03
   770     2.9500E+00  2.9250E+00     8.5107E-03     4.1280E-05     4.8504E-03
   771     2.9250E+00  2.9000E+00     8.5837E-03     4.1640E-05     4.8510E-03
   772     2.9000E+00  2.8750E+00     8.6581E-03     4.2110E-05     4.8637E-03
   773     2.8750E+00  2.8500E+00     8.7337E-03     4.2650E-05     4.8834E-03
   774     2.8500E+00  2.8250E+00     8.8106E-03     4.3080E-05     4.8895E-03
   775     2.8250E+00  2.8000E+00     8.8889E-03     4.3520E-05     4.8960E-03
   776     2.8000E+00  2.7750E+00     8.9687E-03     4.3960E-05     4.9015E-03
   777     2.7750E+00  2.7500E+00     9.0498E-03     4.4330E-05     4.8984E-03
   778     2.7500E+00  2.7250E+00     9.1325E-03     4.4620E-05     4.8859E-03
   779     2.7250E+00  2.7000E+00     9.2167E-03     4.4890E-05     4.8705E-03
   780     2.7000E+00  2.6750E+00     9.3024E-03     4.5120E-05     4.8504E-03
   781     2.6750E+00  2.6500E+00     9.3897E-03     4.5550E-05     4.8510E-03
   782     2.6500E+00  2.6250E+00     9.4787E-03     4.6260E-05     4.8804E-03
   783     2.6250E+00  2.6000E+00     9.5695E-03     4.6940E-05     4.9052E-03
   784     2.6000E+00  2.5750E+00     9.6619E-03     4.7770E-05     4.9442E-03
   785     2.5750E+00  2.5500E+00     9.7562E-03     4.8190E-05     4.9394E-03
   786     2.5500E+00  2.5250E+00     9.8523E-03     4.8710E-05     4.9440E-03
   787     2.5250E+00  2.5000E+00     9.9503E-03     4.9400E-05     4.9647E-03
   788     2.5000E+00  2.4750E+00     1.0050E-02     4.9740E-05     4.9491E-03
   789     2.4750E+00  2.4500E+00     1.0152E-02     5.0300E-05     4.9545E-03
   790     2.4500E+00  2.4250E+00     1.0257E-02     5.0820E-05     4.9549E-03
   791     2.4250E+00  2.4000E+00     1.0363E-02     5.1480E-05     4.9678E-03
   792     2.4000E+00  2.3750E+00     1.0471E-02     5.2060E-05     4.9717E-03
   793     2.3750E+00  2.3500E+00     1.0582E-02     5.2800E-05     4.9896E-03
   794     2.3500E+00  2.3250E+00     1.0695E-02     5.3260E-05     4.9798E-03
   795     2.3250E+00  2.3000E+00     1.0811E-02     5.4060E-05     5.0005E-03
   796     2.3000E+00  2.2750E+00     1.0929E-02     5.4610E-05     4.9968E-03
   797     2.2750E+00  2.2500E+00     1.1050E-02     5.5290E-05     5.0037E-03
   798     2.2500E+00  2.2250E+00     1.1173E-02     5.5870E-05     5.0003E-03
   799     2.2250E+00  2.2000E+00     1.1300E-02     5.6600E-05     5.0090E-03
   800     2.2000E+00  2.1750E+00     1.1429E-02     5.7330E-05     5.0163E-03
   801     2.1750E+00  2.1500E+00     1.1561E-02     5.7810E-05     5.0005E-03
   802     2.1500E+00  2.1250E+00     1.1696E-02     5.8410E-05     4.9940E-03
   803     2.1250E+00  2.1000E+00     1.1834E-02     5.8950E-05     4.9812E-03
   804     2.1000E+00  2.0750E+00     1.1976E-02     5.9200E-05     4.9431E-03
   805     2.0750E+00  2.0500E+00     1.2121E-02     5.9530E-05     4.9112E-03
   806     2.0500E+00  2.0250E+00     1.2270E-02     5.9960E-05     4.8867E-03
   807     2.0250E+00  2.0000E+00     1.2423E-02     6.0970E-05     4.9080E-03
   808     2.0000E+00  1.9750E+00     1.2579E-02     6.2860E-05     4.9973E-03
   809     1.9750E+00  1.9500E+00     1.2739E-02     6.4130E-05     5.0341E-03
   810     1.9500E+00  1.9250E+00     1.2903E-02     6.5330E-05     5.0630E-03
   811     1.9250E+00  1.9000E+00     1.3072E-02     6.6470E-05     5.0849E-03
   812     1.9000E+00  1.8750E+00     1.3245E-02     6.7400E-05     5.0886E-03
   813     1.8750E+00  1.8500E+00     1.3423E-02     6.8500E-05     5.1032E-03
   814     1.8500E+00  1.8250E+00     1.3606E-02     6.9410E-05     5.1016E-03
   815     1.8250E+00  1.8000E+00     1.3793E-02     7.0670E-05     5.1235E-03
   816     1.8000E+00  1.7750E+00     1.3986E-02     7.1530E-05     5.1143E-03
   817     1.7750E+00  1.7500E+00     1.4185E-02     7.2590E-05     5.1175E-03
   818     1.7500E+00  1.7250E+00     1.4389E-02     7.3680E-05     5.1207E-03
   819     1.7250E+00  1.7000E+00     1.4599E-02     7.4750E-05     5.1203E-03
   820     1.7000E+00  1.6750E+00     1.4815E-02     7.6150E-05     5.1400E-03
   821     1.6750E+00  1.6500E+00     1.5038E-02     7.7150E-05     5.1304E-03
   822     1.6500E+00  1.6250E+00     1.5267E-02     7.8400E-05     5.1351E-03
   823     1.6250E+00  1.6000E+00     1.5504E-02     7.9650E-05     5.1373E-03
   824     1.6000E+00  1.5750E+00     1.5748E-02     8.0860E-05     5.1345E-03
   825     1.5750E+00  1.5500E+00     1.6000E-02     8.2330E-05     5.1455E-03
   826     1.5500E+00  1.5250E+00     1.6261E-02     8.3300E-05     5.1228E-03
   827     1.5250E+00  1.5000E+00     1.6529E-02     8.4500E-05     5.1121E-03
   828     1.5000E+00  1.4750E+00     1.6807E-02     8.5720E-05     5.1002E-03
   829     1.4750E+00  1.4500E+00     1.7094E-02     8.7010E-05     5.0900E-03
   830     1.4500E+00  1.4250E+00     1.7392E-02     8.8640E-05     5.0967E-03
   831     1.4250E+00  1.4000E+00     1.7700E-02     8.9920E-05     5.0803E-03
   832     1.4000E+00  1.3750E+00     1.8019E-02     9.0920E-05     5.0459E-03
   833     1.3750E+00  1.3500E+00     1.8349E-02     9.1930E-05     5.0100E-03
   834     1.3500E+00  1.3250E+00     1.8692E-02     9.2720E-05     4.9604E-03
   835     1.3250E+00  1.3000E+00     1.9048E-02     9.3770E-05     4.9228E-03
   836     1.3000E+00  1.2750E+00     1.9418E-02     9.4430E-05     4.8630E-03
   837     1.2750E+00  1.2500E+00     1.9803E-02     9.4870E-05     4.7908E-03
   838     1.2500E+00  1.2250E+00     2.0203E-02     9.5410E-05     4.7226E-03
   839     1.2250E+00  1.2000E+00     2.0619E-02     9.5460E-05     4.6296E-03
   840     1.2000E+00  1.1750E+00     2.1053E-02     9.4990E-05     4.5119E-03
   841     1.1750E+00  1.1500E+00     2.1506E-02     9.2600E-05     4.3057E-03
   842     1.1500E+00  1.1250E+00     2.1979E-02     8.6050E-05     3.9151E-03
   843     1.1250E+00  1.1000E+00     2.2473E-02     7.2140E-05     3.2101E-03
   844     1.1000E+00  1.0750E+00     2.2990E-02     5.4080E-05     2.3524E-03
   845     1.0750E+00  1.0500E+00     2.3530E-02     4.4100E-05     1.8742E-03
   846     1.0500E+00  1.0250E+00     2.4098E-02     4.7590E-05     1.9749E-03
   847     1.0250E+00  1.0000E+00     2.4693E-02     6.5040E-05     2.6340E-03
   848     1.0000E+00  9.7500E-01     2.5318E-02     8.7960E-05     3.4742E-03
   849     9.7500E-01  9.5000E-01     2.5975E-02     1.0420E-04     4.0115E-03
   850     9.5000E-01  9.2500E-01     2.6668E-02     1.1490E-04     4.3085E-03
   851     9.2500E-01  9.0000E-01     2.7399E-02     1.2200E-04     4.4527E-03
   852     9.0000E-01  8.7500E-01     2.8171E-02     1.2840E-04     4.5579E-03
   853     8.7500E-01  8.5000E-01     2.8988E-02     1.3500E-04     4.6572E-03
   854     8.5000E-01  8.2500E-01     2.9853E-02     1.4040E-04     4.7031E-03
   855     8.2500E-01  8.0000E-01     3.0772E-02     1.4740E-04     4.7901E-03
   856     8.0000E-01  7.7500E-01     3.1749E-02     1.5340E-04     4.8317E-03
   857     7.7500E-01  7.5000E-01     3.2790E-02     1.5940E-04     4.8613E-03
   858     7.5000E-01  7.2500E-01     3.3902E-02     1.6620E-04     4.9024E-03
   859     7.2500E-01  7.0000E-01     3.5091E-02     1.7410E-04     4.9613E-03
   860     7.0000E-01  6.7500E-01     3.6368E-02     1.8200E-04     5.0044E-03
   861     6.7500E-01  6.5000E-01     3.7740E-02     1.9000E-04     5.0344E-03
   862     6.5000E-01  6.2500E-01     3.9221E-02     1.9730E-04     5.0305E-03
   863     6.2500E-01  6.0000E-01     4.0822E-02     2.0690E-04     5.0683E-03
   864     6.0000E-01  5.7500E-01     4.2560E-02     2.1800E-04     5.1222E-03
   865     5.7500E-01  5.5000E-01     4.4452E-02     2.2910E-04     5.1539E-03
   866     5.5000E-01  5.2481E-01     4.6882E-02     2.4217E-04     5.1655E-03
   867     5.2481E-01  5.0119E-01     4.6051E-02     2.3747E-04     5.1567E-03
   868     5.0119E-01  4.7863E-01     4.6057E-02     2.3818E-04     5.1714E-03
   869     4.7863E-01  4.5709E-01     4.6048E-02     2.3899E-04     5.1901E-03
   870     4.5709E-01  4.3652E-01     4.6046E-02     2.3869E-04     5.1837E-03
   871     4.3652E-01  4.1687E-01     4.6060E-02     2.3768E-04     5.1603E-03
   872     4.1687E-01  3.9811E-01     4.6046E-02     2.3601E-04     5.1255E-03
   873     3.9811E-01  3.8019E-01     4.6057E-02     2.3229E-04     5.0435E-03
   874     3.8019E-01  3.6308E-01     4.6048E-02     2.2683E-04     4.9260E-03
   875     3.6308E-01  3.4674E-01     4.6048E-02     2.2322E-04     4.8476E-03
   876     3.4674E-01  3.3113E-01     4.6064E-02     2.1818E-04     4.7364E-03
   877     3.3113E-01  3.1623E-01     4.6041E-02     2.1297E-04     4.6256E-03
   878     3.1623E-01  3.0200E-01     4.6043E-02     2.0950E-04     4.5501E-03
   879     3.0200E-01  2.8840E-01     4.6079E-02     2.2108E-04     4.7979E-03
   880     2.8840E-01  2.7542E-01     4.6051E-02     2.2287E-04     4.8396E-03
   881     2.7542E-01  2.6303E-01     4.6029E-02     2.5920E-04     5.6312E-03
   882     2.6303E-01  2.5119E-01     4.6058E-02     2.6062E-04     5.6585E-03
   883     2.5119E-01  2.3988E-01     4.6071E-02     3.1204E-04     6.7730E-03
   884     2.3988E-01  2.2909E-01     4.6024E-02     3.1761E-04     6.9010E-03
   885     2.2909E-01  2.1878E-01     4.6048E-02     3.5702E-04     7.7532E-03
   886     2.1878E-01  2.0893E-01     4.6067E-02     3.8240E-04     8.3009E-03
   887     2.0893E-01  1.9953E-01     4.6035E-02     3.8443E-04     8.3509E-03
   888     1.9953E-01  1.9055E-01     4.6050E-02     4.2725E-04     9.2780E-03
   889     1.9055E-01  1.8197E-01     4.6073E-02     4.5770E-04     9.9343E-03
   890     1.8197E-01  1.7378E-01     4.6052E-02     4.7844E-04     1.0389E-02
   891     1.7378E-01  1.6596E-01     4.6043E-02     4.9617E-04     1.0776E-02
   892     1.6596E-01  1.5849E-01     4.6055E-02     5.1145E-04     1.1105E-02
   893     1.5849E-01  1.5136E-01     4.6030E-02     5.2743E-04     1.1458E-02
   894     1.5136E-01  1.4454E-01     4.6105E-02     5.4170E-04     1.1749E-02
   895     1.4454E-01  1.3804E-01     4.6013E-02     5.4757E-04     1.1900E-02
   896     1.3804E-01  1.3183E-01     4.6030E-02     5.5615E-04     1.2082E-02
   897     1.3183E-01  1.2589E-01     4.6105E-02     5.6119E-04     1.2172E-02
   898     1.2589E-01  1.2023E-01     4.6002E-02     5.6173E-04     1.2211E-02
   899     1.2023E-01  1.1482E-01     4.6041E-02     5.6094E-04     1.2184E-02
   900     1.1482E-01  1.0965E-01     4.6072E-02     5.6029E-04     1.2161E-02
   901     1.0965E-01  1.0471E-01     4.6099E-02     5.4752E-04     1.1877E-02
   902     1.0471E-01  1.0000E-01     4.6024E-02     5.4663E-04     1.1877E-02
   903     1.0000E-01  9.5499E-02     4.6054E-02     5.3983E-04     1.1722E-02
   904     9.5499E-02  9.1201E-02     4.6050E-02     5.3978E-04     1.1722E-02
   905     9.1201E-02  8.7096E-02     4.6055E-02     5.1906E-04     1.1270E-02
   906     8.7096E-02  8.3176E-02     4.6052E-02     5.1063E-04     1.1088E-02
   907     8.3176E-02  7.9433E-02     4.6045E-02     5.0413E-04     1.0949E-02
   908     7.9433E-02  7.5858E-02     4.6051E-02     4.6902E-04     1.0185E-02
   909     7.5858E-02  7.2444E-02     4.6049E-02     4.6901E-04     1.0185E-02
   910     7.2444E-02  6.9183E-02     4.6059E-02     4.5532E-04     9.8856E-03
   911     6.9183E-02  6.6069E-02     4.6056E-02     4.1499E-04     9.0106E-03
   912     6.6069E-02  6.3096E-02     4.6042E-02     4.1487E-04     9.0106E-03
   913     6.3096E-02  6.0256E-02     4.6055E-02     4.1499E-04     9.0107E-03
   914     6.0256E-02  5.7544E-02     4.6052E-02     3.5517E-04     7.7123E-03
   915     5.7544E-02  5.4954E-02     4.6053E-02     3.4909E-04     7.5801E-03
   916     5.4954E-02  5.2481E-02     4.6045E-02     3.4902E-04     7.5799E-03
   917     5.2481E-02  5.0119E-02     4.6051E-02     3.4907E-04     7.5801E-03
   918     5.0119E-02  4.7863E-02     4.6057E-02     2.9637E-04     6.4348E-03
   919     4.7863E-02  4.5709E-02     4.6048E-02     2.9343E-04     6.3723E-03
   920     4.5709E-02  4.3652E-02     4.6046E-02     2.6653E-04     5.7883E-03
   921     4.3652E-02  4.1687E-02     4.6060E-02     2.5278E-04     5.4881E-03
   922     4.1687E-02  3.9811E-02     4.6046E-02     2.4842E-04     5.3950E-03
   923     3.9811E-02  3.8019E-02     4.6057E-02     2.1116E-04     4.5847E-03
   924     3.8019E-02  3.6308E-02     4.6048E-02     2.1112E-04     4.5848E-03
   925     3.6308E-02  3.4674E-02     4.6048E-02     2.0267E-04     4.4013E-03
   926     3.4674E-02  3.3113E-02     4.6064E-02     1.6961E-04     3.6820E-03
   927     3.3113E-02  3.1623E-02     4.6041E-02     1.6953E-04     3.6821E-03
   928     3.1623E-02  3.0200E-02     4.6043E-02     1.6953E-04     3.6820E-03
   929     3.0200E-02  2.8840E-02     4.6079E-02     1.3601E-04     2.9517E-03
   930     2.8840E-02  2.7542E-02     4.6051E-02     1.3026E-04     2.8286E-03
   931     2.7542E-02  2.6303E-02     4.6029E-02     1.3019E-04     2.8284E-03
   932     2.6303E-02  2.5119E-02     4.6058E-02     1.3028E-04     2.8286E-03
   933     2.5119E-02  2.3988E-02     4.6071E-02     9.6097E-05     2.0859E-03
   934     2.3988E-02  2.2909E-02     4.6024E-02     9.2071E-05     2.0005E-03
   935     2.2909E-02  2.1878E-02     4.6048E-02     9.2120E-05     2.0005E-03
   936     2.1878E-02  2.0893E-02     4.6067E-02     9.2158E-05     2.0005E-03
   937     2.0893E-02  1.9953E-02     4.6035E-02     9.0360E-05     1.9629E-03
   938     1.9953E-02  1.9055E-02     4.6050E-02     5.8218E-05     1.2642E-03
   939     1.9055E-02  1.8197E-02     4.6073E-02     5.8247E-05     1.2642E-03
   940     1.8197E-02  1.7378E-02     4.6052E-02     5.8221E-05     1.2643E-03
   941     1.7378E-02  1.6596E-02     4.6043E-02     5.8210E-05     1.2642E-03
   942     1.6596E-02  1.5849E-02     4.6055E-02     5.8225E-05     1.2642E-03
   943     1.5849E-02  1.5136E-02     4.6030E-02     5.8194E-05     1.2643E-03
   944     1.5136E-02  1.4454E-02     4.6105E-02     3.5882E-05     7.7827E-04
   945     1.4454E-02  1.3804E-02     4.6013E-02     3.0368E-05     6.5999E-04
   946     1.3804E-02  1.3183E-02     4.6030E-02     3.0379E-05     6.5998E-04
   947     1.3183E-02  1.2589E-02     4.6105E-02     3.0428E-05     6.5998E-04
   948     1.2589E-02  1.2023E-02     4.6002E-02     3.0360E-05     6.5997E-04
   949     1.2023E-02  1.1482E-02     4.6041E-02     3.0386E-05     6.5998E-04
   950     1.1482E-02  1.0965E-02     4.6072E-02     3.0407E-05     6.5999E-04
   951     1.0965E-02  1.0471E-02     4.6099E-02     3.0424E-05     6.5997E-04
   952     1.0471E-02  1.0000E-02     4.6024E-02     3.0375E-05     6.5998E-04
   953     1.0000E-02  9.5499E-03     4.6054E-02     1.0591E-05     2.2997E-04
   954     9.5499E-03  9.1201E-03     4.6050E-02     1.0590E-05     2.2997E-04
   955     9.1201E-03  8.7096E-03     4.6055E-02     1.0591E-05     2.2996E-04
   956     8.7096E-03  8.3176E-03     4.6052E-02     1.0590E-05     2.2996E-04
   957     8.3176E-03  7.9433E-03     4.6045E-02     1.0589E-05     2.2997E-04
   958     7.9433E-03  7.5858E-03     4.6051E-02     1.0590E-05     2.2996E-04
   959     7.5858E-03  7.2444E-03     4.6049E-02     1.0590E-05     2.2997E-04
   960     7.2444E-03  6.9183E-03     4.6059E-02     1.0592E-05     2.2997E-04
   961     6.9183E-03  6.6069E-03     4.6056E-02     1.0591E-05     2.2996E-04
   962     6.6069E-03  6.3096E-03     4.6042E-02     1.0588E-05     2.2996E-04
   963     6.3096E-03  6.0256E-03     4.6055E-02     1.0591E-05     2.2996E-04
   964     6.0256E-03  5.7544E-03     4.6052E-02     1.0590E-05     2.2996E-04
   965     5.7544E-03  5.4954E-03     4.6053E-02     1.0591E-05     2.2997E-04
   966     5.4954E-03  5.2481E-03     4.6045E-02     1.0589E-05     2.2997E-04
   967     5.2481E-03  5.0119E-03     4.6051E-02     1.0590E-05     2.2996E-04
   968     5.0119E-03  4.7863E-03     4.6057E-02     1.8017E-06     3.9119E-05
   969     4.7863E-03  4.5709E-03     4.6048E-02     1.3231E-06     2.8733E-05
   970     4.5709E-03  4.3652E-03     4.6046E-02     1.3230E-06     2.8732E-05
   971     4.3652E-03  4.1687E-03     4.6060E-02     1.3234E-06     2.8732E-05
   972     4.1687E-03  3.9811E-03     4.6046E-02     1.3230E-06     2.8732E-05
   973     3.9811E-03  3.8019E-03     4.6057E-02     1.3233E-06     2.8732E-05
   974     3.8019E-03  3.6308E-03     4.6048E-02     1.3231E-06     2.8733E-05
   975     3.6308E-03  3.4674E-03     4.6048E-02     1.3231E-06     2.8733E-05
   976     3.4674E-03  3.3113E-03     4.6064E-02     1.3235E-06     2.8732E-05
   977     3.3113E-03  3.1623E-03     4.6041E-02     1.3229E-06     2.8733E-05
   978     3.1623E-03  3.0200E-03     4.6043E-02     1.3229E-06     2.8732E-05
   979     3.0200E-03  2.8840E-03     4.6079E-02     1.3239E-06     2.8731E-05
   980     2.8840E-03  2.7542E-03     4.6051E-02     1.3232E-06     2.8733E-05
   981     2.7542E-03  2.6303E-03     4.6029E-02     1.3225E-06     2.8732E-05
   982     2.6303E-03  2.5119E-03     4.6058E-02     1.3234E-06     2.8733E-05
   983     2.5119E-03  2.3988E-03     4.6071E-02     1.3237E-06     2.8732E-05
   984     2.3988E-03  2.2909E-03     4.6024E-02     1.3224E-06     2.8733E-05
   985     2.2909E-03  2.1878E-03     4.6048E-02     1.3231E-06     2.8733E-05
   986     2.1878E-03  2.0893E-03     4.6067E-02     1.3236E-06     2.8732E-05
   987     2.0893E-03  1.9953E-03     4.6035E-02     1.3227E-06     2.8733E-05
   988     1.9953E-03  1.9055E-03     4.6050E-02     1.3231E-06     2.8732E-05
   989     1.9055E-03  1.8197E-03     4.6073E-02     1.3238E-06     2.8733E-05
   990     1.8197E-03  1.7378E-03     4.6052E-02     1.3232E-06     2.8733E-05
   991     1.7378E-03  1.6596E-03     4.6043E-02     1.3229E-06     2.8732E-05
   992     1.6596E-03  1.5849E-03     4.6055E-02     1.3233E-06     2.8733E-05
   993     1.5849E-03  1.5136E-03     4.6030E-02     1.3226E-06     2.8733E-05
   994     1.5136E-03  1.4454E-03     4.6105E-02     1.3247E-06     2.8732E-05
   995     1.4454E-03  1.3804E-03     4.6013E-02     1.3221E-06     2.8733E-05
   996     1.3804E-03  1.3183E-03     4.6030E-02     1.3226E-06     2.8733E-05
   997     1.3183E-03  1.2589E-03     4.6105E-02     1.3247E-06     2.8732E-05
   998     1.2589E-03  1.2023E-03     4.6002E-02     1.3217E-06     2.8731E-05
   999     1.2023E-03  1.1482E-03     4.6041E-02     1.3229E-06     2.8733E-05
  1000     1.1482E-03  1.0965E-03     4.6072E-02     1.3238E-06     2.8733E-05
  1001     1.0965E-03  1.0471E-03     4.6099E-02     1.3245E-06     2.8732E-05
  1002     1.0471E-03  1.0000E-03     4.6024E-02     1.3195E-06     2.8670E-05
  1003     1.0000E-03  9.5499E-04     4.6054E-02     0.0000E+00     0.0000E+00
  1004     9.5499E-04  9.1201E-04     4.6050E-02     0.0000E+00     0.0000E+00
  1005     9.1201E-04  8.7096E-04     4.6055E-02     0.0000E+00     0.0000E+00
  1006     8.7096E-04  8.3176E-04     4.6052E-02     0.0000E+00     0.0000E+00
  1007     8.3176E-04  7.9433E-04     4.6045E-02     0.0000E+00     0.0000E+00
  1008     7.9433E-04  7.5858E-04     4.6051E-02     0.0000E+00     0.0000E+00
  1009     7.5858E-04  7.2444E-04     4.6049E-02     0.0000E+00     0.0000E+00
  1010     7.2444E-04  6.9183E-04     4.6059E-02     0.0000E+00     0.0000E+00
  1011     6.9183E-04  6.6069E-04     4.6056E-02     0.0000E+00     0.0000E+00
  1012     6.6069E-04  6.3096E-04     4.6042E-02     0.0000E+00     0.0000E+00
  1013     6.3096E-04  6.0256E-04     4.6055E-02     0.0000E+00     0.0000E+00
  1014     6.0256E-04  5.7544E-04     4.6052E-02     0.0000E+00     0.0000E+00
  1015     5.7544E-04  5.4954E-04     4.6053E-02     0.0000E+00     0.0000E+00
  1016     5.4954E-04  5.2481E-04     4.6045E-02     0.0000E+00     0.0000E+00
  1017     5.2481E-04  5.0119E-04     4.6051E-02     0.0000E+00     0.0000E+00
  1018     5.0119E-04  4.7863E-04     4.6057E-02     0.0000E+00     0.0000E+00
  1019     4.7863E-04  4.5709E-04     4.6048E-02     0.0000E+00     0.0000E+00
  1020     4.5709E-04  4.3652E-04     4.6046E-02     0.0000E+00     0.0000E+00
  1021     4.3652E-04  4.1687E-04     4.6060E-02     0.0000E+00     0.0000E+00
  1022     4.1687E-04  3.9811E-04     4.6046E-02     0.0000E+00     0.0000E+00
  1023     3.9811E-04  3.8019E-04     4.6057E-02     0.0000E+00     0.0000E+00
  1024     3.8019E-04  3.6308E-04     4.6048E-02     0.0000E+00     0.0000E+00
  1025     3.6308E-04  3.4674E-04     4.6048E-02     0.0000E+00     0.0000E+00
  1026     3.4674E-04  3.3113E-04     4.6064E-02     0.0000E+00     0.0000E+00
  1027     3.3113E-04  3.1623E-04     4.6041E-02     0.0000E+00     0.0000E+00
  1028     3.1623E-04  3.0200E-04     4.6043E-02     0.0000E+00     0.0000E+00
  1029     3.0200E-04  2.8840E-04     4.6079E-02     0.0000E+00     0.0000E+00
  1030     2.8840E-04  2.7542E-04     4.6051E-02     0.0000E+00     0.0000E+00
  1031     2.7542E-04  2.6303E-04     4.6029E-02     0.0000E+00     0.0000E+00
  1032     2.6303E-04  2.5119E-04     4.6058E-02     0.0000E+00     0.0000E+00
  1033     2.5119E-04  2.3988E-04     4.6071E-02     0.0000E+00     0.0000E+00
  1034     2.3988E-04  2.2909E-04     4.6024E-02     0.0000E+00     0.0000E+00
  1035     2.2909E-04  2.1878E-04     4.6048E-02     0.0000E+00     0.0000E+00
  1036     2.1878E-04  2.0893E-04     4.6067E-02     0.0000E+00     0.0000E+00
  1037     2.0893E-04  1.9953E-04     4.6035E-02     0.0000E+00     0.0000E+00
  1038     1.9953E-04  1.9055E-04     4.6050E-02     0.0000E+00     0.0000E+00
  1039     1.9055E-04  1.8197E-04     4.6073E-02     0.0000E+00     0.0000E+00
  1040     1.8197E-04  1.7378E-04     4.6052E-02     0.0000E+00     0.0000E+00
  1041     1.7378E-04  1.6596E-04     4.6043E-02     0.0000E+00     0.0000E+00
  1042     1.6596E-04  1.5849E-04     4.6055E-02     0.0000E+00     0.0000E+00
  1043     1.5849E-04  1.5136E-04     4.6030E-02     0.0000E+00     0.0000E+00
  1044     1.5136E-04  1.4454E-04     4.6105E-02     0.0000E+00     0.0000E+00
  1045     1.4454E-04  1.3804E-04     4.6013E-02     0.0000E+00     0.0000E+00
  1046     1.3804E-04  1.3183E-04     4.6030E-02     0.0000E+00     0.0000E+00
  1047     1.3183E-04  1.2589E-04     4.6105E-02     0.0000E+00     0.0000E+00
  1048     1.2589E-04  1.2023E-04     4.6002E-02     0.0000E+00     0.0000E+00
  1049     1.2023E-04  1.1482E-04     4.6041E-02     0.0000E+00     0.0000E+00
  1050     1.1482E-04  1.0965E-04     4.6072E-02     0.0000E+00     0.0000E+00
  1051     1.0965E-04  1.0471E-04     4.6099E-02     0.0000E+00     0.0000E+00
  1052     1.0471E-04  1.0000E-04     4.6024E-02     0.0000E+00     0.0000E+00
  1053     1.0000E-04  9.5499E-05     4.6054E-02     0.0000E+00     0.0000E+00
  1054     9.5499E-05  9.1201E-05     4.6050E-02     0.0000E+00     0.0000E+00
  1055     9.1201E-05  8.7096E-05     4.6055E-02     0.0000E+00     0.0000E+00
  1056     8.7096E-05  8.3176E-05     4.6052E-02     0.0000E+00     0.0000E+00
  1057     8.3176E-05  7.9433E-05     4.6045E-02     0.0000E+00     0.0000E+00
  1058     7.9433E-05  7.5858E-05     4.6051E-02     0.0000E+00     0.0000E+00
  1059     7.5858E-05  7.2444E-05     4.6049E-02     0.0000E+00     0.0000E+00
  1060     7.2444E-05  6.9183E-05     4.6059E-02     0.0000E+00     0.0000E+00
  1061     6.9183E-05  6.6069E-05     4.6056E-02     0.0000E+00     0.0000E+00
  1062     6.6069E-05  6.3096E-05     4.6042E-02     0.0000E+00     0.0000E+00
  1063     6.3096E-05  6.0256E-05     4.6055E-02     0.0000E+00     0.0000E+00
  1064     6.0256E-05  5.7544E-05     4.6052E-02     0.0000E+00     0.0000E+00
  1065     5.7544E-05  5.4954E-05     4.6053E-02     0.0000E+00     0.0000E+00
  1066     5.4954E-05  5.2481E-05     4.6045E-02     0.0000E+00     0.0000E+00
  1067     5.2481E-05  5.0119E-05     4.6051E-02     0.0000E+00     0.0000E+00
  1068     5.0119E-05  4.7863E-05     4.6057E-02     0.0000E+00     0.0000E+00
  1069     4.7863E-05  4.5709E-05     4.6048E-02     0.0000E+00     0.0000E+00
  1070     4.5709E-05  4.3652E-05     4.6046E-02     0.0000E+00     0.0000E+00
  1071     4.3652E-05  4.1687E-05     4.6060E-02     0.0000E+00     0.0000E+00
  1072     4.1687E-05  3.9811E-05     4.6046E-02     0.0000E+00     0.0000E+00
  1073     3.9811E-05  3.8019E-05     4.6057E-02     0.0000E+00     0.0000E+00
  1074     3.8019E-05  3.6308E-05     4.6048E-02     0.0000E+00     0.0000E+00
  1075     3.6308E-05  3.4674E-05     4.6048E-02     0.0000E+00     0.0000E+00
  1076     3.4674E-05  3.3113E-05     4.6064E-02     0.0000E+00     0.0000E+00
  1077     3.3113E-05  3.1623E-05     4.6041E-02     0.0000E+00     0.0000E+00
  1078     3.1623E-05  3.0200E-05     4.6043E-02     0.0000E+00     0.0000E+00
  1079     3.0200E-05  2.8840E-05     4.6079E-02     0.0000E+00     0.0000E+00
  1080     2.8840E-05  2.7542E-05     4.6051E-02     0.0000E+00     0.0000E+00
  1081     2.7542E-05  2.6303E-05     4.6029E-02     0.0000E+00     0.0000E+00
  1082     2.6303E-05  2.5119E-05     4.6058E-02     0.0000E+00     0.0000E+00
  1083     2.5119E-05  2.3988E-05     4.6071E-02     0.0000E+00     0.0000E+00
  1084     2.3988E-05  2.2909E-05     4.6024E-02     0.0000E+00     0.0000E+00
  1085     2.2909E-05  2.1878E-05     4.6048E-02     0.0000E+00     0.0000E+00
  1086     2.1878E-05  2.0893E-05     4.6067E-02     0.0000E+00     0.0000E+00
  1087     2.0893E-05  1.9953E-05     4.6035E-02     0.0000E+00     0.0000E+00
  1088     1.9953E-05  1.9055E-05     4.6050E-02     0.0000E+00     0.0000E+00
  1089     1.9055E-05  1.8197E-05     4.6073E-02     0.0000E+00     0.0000E+00
  1090     1.8197E-05  1.7378E-05     4.6052E-02     0.0000E+00     0.0000E+00
  1091     1.7378E-05  1.6596E-05     4.6043E-02     0.0000E+00     0.0000E+00
  1092     1.6596E-05  1.5849E-05     4.6055E-02     0.0000E+00     0.0000E+00
  1093     1.5849E-05  1.5136E-05     4.6030E-02     0.0000E+00     0.0000E+00
  1094     1.5136E-05  1.4454E-05     4.6105E-02     0.0000E+00     0.0000E+00
  1095     1.4454E-05  1.3804E-05     4.6013E-02     0.0000E+00     0.0000E+00
  1096     1.3804E-05  1.3183E-05     4.6030E-02     0.0000E+00     0.0000E+00
  1097     1.3183E-05  1.2589E-05     4.6105E-02     0.0000E+00     0.0000E+00
  1098     1.2589E-05  1.2023E-05     4.6002E-02     0.0000E+00     0.0000E+00
  1099     1.2023E-05  1.1482E-05     4.6041E-02     0.0000E+00     0.0000E+00
  1100     1.1482E-05  1.0965E-05     4.6072E-02     0.0000E+00     0.0000E+00
  1101     1.0965E-05  1.0471E-05     4.6099E-02     0.0000E+00     0.0000E+00
  1102     1.0471E-05  1.0001E-03    -4.5592E+00     0.0000E+00     0.0000E+00
  TOTAL                                              2.0652E-01
