  GROUP      UPPER       LOWER         LETHARGY         DATA        DATA/LETHARGY

     1     1.0000E+09  9.5499E+08     4.6054E-02     0.0000E+00     0.0000E+00
     2     9.5499E+08  9.1201E+08     4.6050E-02     0.0000E+00     0.0000E+00
     3     9.1201E+08  8.7096E+08     4.6055E-02     0.0000E+00     0.0000E+00
     4     8.7096E+08  8.3176E+08     4.6052E-02     0.0000E+00     0.0000E+00
     5     8.3176E+08  7.9433E+08     4.6045E-02     0.0000E+00     0.0000E+00
     6     7.9433E+08  7.5858E+08     4.6051E-02     0.0000E+00     0.0000E+00
     7     7.5858E+08  7.2444E+08     4.6049E-02     0.0000E+00     0.0000E+00
     8     7.2444E+08  6.9183E+08     4.6059E-02     0.0000E+00     0.0000E+00
     9     6.9183E+08  6.6069E+08     4.6056E-02     0.0000E+00     0.0000E+00
    10     6.6069E+08  6.3096E+08     4.6042E-02     0.0000E+00     0.0000E+00
    11     6.3096E+08  6.0256E+08     4.6055E-02     0.0000E+00     0.0000E+00
    12     6.0256E+08  5.7544E+08     4.6052E-02     0.0000E+00     0.0000E+00
    13     5.7544E+08  5.4954E+08     4.6053E-02     0.0000E+00     0.0000E+00
    14     5.4954E+08  5.2481E+08     4.6045E-02     0.0000E+00     0.0000E+00
    15     5.2481E+08  5.0119E+08     4.6051E-02     0.0000E+00     0.0000E+00
    16     5.0119E+08  4.7863E+08     4.6057E-02     0.0000E+00     0.0000E+00
    17     4.7863E+08  4.5709E+08     4.6048E-02     0.0000E+00     0.0000E+00
    18     4.5709E+08  4.3652E+08     4.6046E-02     0.0000E+00     0.0000E+00
    19     4.3652E+08  4.1687E+08     4.6060E-02     0.0000E+00     0.0000E+00
    20     4.1687E+08  3.9811E+08     4.6046E-02     0.0000E+00     0.0000E+00
    21     3.9811E+08  3.8019E+08     4.6057E-02     0.0000E+00     0.0000E+00
    22     3.8019E+08  3.6308E+08     4.6048E-02     0.0000E+00     0.0000E+00
    23     3.6308E+08  3.4674E+08     4.6048E-02     0.0000E+00     0.0000E+00
    24     3.4674E+08  3.3113E+08     4.6064E-02     0.0000E+00     0.0000E+00
    25     3.3113E+08  3.1623E+08     4.6041E-02     0.0000E+00     0.0000E+00
    26     3.1623E+08  3.0200E+08     4.6043E-02     0.0000E+00     0.0000E+00
    27     3.0200E+08  2.8840E+08     4.6079E-02     0.0000E+00     0.0000E+00
    28     2.8840E+08  2.7542E+08     4.6051E-02     0.0000E+00     0.0000E+00
    29     2.7542E+08  2.6303E+08     4.6029E-02     0.0000E+00     0.0000E+00
    30     2.6303E+08  2.5119E+08     4.6058E-02     0.0000E+00     0.0000E+00
    31     2.5119E+08  2.3988E+08     4.6071E-02     0.0000E+00     0.0000E+00
    32     2.3988E+08  2.2909E+08     4.6024E-02     0.0000E+00     0.0000E+00
    33     2.2909E+08  2.1878E+08     4.6048E-02     0.0000E+00     0.0000E+00
    34     2.1878E+08  2.0893E+08     4.6067E-02     0.0000E+00     0.0000E+00
    35     2.0893E+08  1.9953E+08     4.6035E-02     0.0000E+00     0.0000E+00
    36     1.9953E+08  1.9055E+08     4.6050E-02     0.0000E+00     0.0000E+00
    37     1.9055E+08  1.8197E+08     4.6073E-02     0.0000E+00     0.0000E+00
    38     1.8197E+08  1.7378E+08     4.6052E-02     0.0000E+00     0.0000E+00
    39     1.7378E+08  1.6596E+08     4.6043E-02     0.0000E+00     0.0000E+00
    40     1.6596E+08  1.5849E+08     4.6055E-02     0.0000E+00     0.0000E+00
    41     1.5849E+08  1.5136E+08     4.6030E-02     0.0000E+00     0.0000E+00
    42     1.5136E+08  1.4454E+08     4.6105E-02     0.0000E+00     0.0000E+00
    43     1.4454E+08  1.3804E+08     4.6013E-02     0.0000E+00     0.0000E+00
    44     1.3804E+08  1.3183E+08     4.6030E-02     0.0000E+00     0.0000E+00
    45     1.3183E+08  1.2589E+08     4.6105E-02     0.0000E+00     0.0000E+00
    46     1.2589E+08  1.2023E+08     4.6002E-02     0.0000E+00     0.0000E+00
    47     1.2023E+08  1.1482E+08     4.6041E-02     0.0000E+00     0.0000E+00
    48     1.1482E+08  1.0965E+08     4.6072E-02     0.0000E+00     0.0000E+00
    49     1.0965E+08  1.0471E+08     4.6099E-02     0.0000E+00     0.0000E+00
    50     1.0471E+08  1.0000E+08     4.6024E-02     0.0000E+00     0.0000E+00
    51     1.0000E+08  9.5499E+07     4.6054E-02     0.0000E+00     0.0000E+00
    52     9.5499E+07  9.1201E+07     4.6050E-02     0.0000E+00     0.0000E+00
    53     9.1201E+07  8.7096E+07     4.6055E-02     0.0000E+00     0.0000E+00
    54     8.7096E+07  8.3176E+07     4.6052E-02     0.0000E+00     0.0000E+00
    55     8.3176E+07  7.9433E+07     4.6045E-02     0.0000E+00     0.0000E+00
    56     7.9433E+07  7.5858E+07     4.6051E-02     0.0000E+00     0.0000E+00
    57     7.5858E+07  7.2444E+07     4.6049E-02     0.0000E+00     0.0000E+00
    58     7.2444E+07  6.9183E+07     4.6059E-02     0.0000E+00     0.0000E+00
    59     6.9183E+07  6.6069E+07     4.6056E-02     0.0000E+00     0.0000E+00
    60     6.6069E+07  6.3096E+07     4.6042E-02     0.0000E+00     0.0000E+00
    61     6.3096E+07  6.0256E+07     4.6055E-02     0.0000E+00     0.0000E+00
    62     6.0256E+07  5.7544E+07     4.6052E-02     0.0000E+00     0.0000E+00
    63     5.7544E+07  5.4954E+07     4.6053E-02     0.0000E+00     0.0000E+00
    64     5.4954E+07  5.2481E+07     4.6045E-02     0.0000E+00     0.0000E+00
    65     5.2481E+07  5.0119E+07     4.6051E-02     0.0000E+00     0.0000E+00
    66     5.0119E+07  4.7863E+07     4.6057E-02     0.0000E+00     0.0000E+00
    67     4.7863E+07  4.5709E+07     4.6048E-02     0.0000E+00     0.0000E+00
    68     4.5709E+07  4.3652E+07     4.6046E-02     0.0000E+00     0.0000E+00
    69     4.3652E+07  4.1687E+07     4.6060E-02     0.0000E+00     0.0000E+00
    70     4.1687E+07  3.9811E+07     4.6046E-02     0.0000E+00     0.0000E+00
    71     3.9811E+07  3.8019E+07     4.6057E-02     0.0000E+00     0.0000E+00
    72     3.8019E+07  3.6308E+07     4.6048E-02     0.0000E+00     0.0000E+00
    73     3.6308E+07  3.4674E+07     4.6048E-02     0.0000E+00     0.0000E+00
    74     3.4674E+07  3.3113E+07     4.6064E-02     0.0000E+00     0.0000E+00
    75     3.3113E+07  3.1623E+07     4.6041E-02     0.0000E+00     0.0000E+00
    76     3.1623E+07  3.0200E+07     4.6043E-02     0.0000E+00     0.0000E+00
    77     3.0200E+07  3.0000E+07     6.6445E-03     0.0000E+00     0.0000E+00
    78     3.0000E+07  2.9800E+07     6.6890E-03     0.0000E+00     0.0000E+00
    79     2.9800E+07  2.9600E+07     6.7340E-03     0.0000E+00     0.0000E+00
    80     2.9600E+07  2.9400E+07     6.7797E-03     0.0000E+00     0.0000E+00
    81     2.9400E+07  2.9200E+07     6.8260E-03     0.0000E+00     0.0000E+00
    82     2.9200E+07  2.9000E+07     6.8729E-03     0.0000E+00     0.0000E+00
    83     2.9000E+07  2.8800E+07     6.9204E-03     0.0000E+00     0.0000E+00
    84     2.8800E+07  2.8600E+07     6.9687E-03     0.0000E+00     0.0000E+00
    85     2.8600E+07  2.8400E+07     7.0176E-03     0.0000E+00     0.0000E+00
    86     2.8400E+07  2.8200E+07     7.0672E-03     0.0000E+00     0.0000E+00
    87     2.8200E+07  2.8000E+07     7.1175E-03     0.0000E+00     0.0000E+00
    88     2.8000E+07  2.7800E+07     7.1685E-03     0.0000E+00     0.0000E+00
    89     2.7800E+07  2.7600E+07     7.2202E-03     0.0000E+00     0.0000E+00
    90     2.7600E+07  2.7400E+07     7.2728E-03     0.0000E+00     0.0000E+00
    91     2.7400E+07  2.7200E+07     7.3260E-03     0.0000E+00     0.0000E+00
    92     2.7200E+07  2.7000E+07     7.3801E-03     0.0000E+00     0.0000E+00
    93     2.7000E+07  2.6800E+07     7.4350E-03     0.0000E+00     0.0000E+00
    94     2.6800E+07  2.6600E+07     7.4907E-03     0.0000E+00     0.0000E+00
    95     2.6600E+07  2.6400E+07     7.5472E-03     0.0000E+00     0.0000E+00
    96     2.6400E+07  2.6200E+07     7.6046E-03     0.0000E+00     0.0000E+00
    97     2.6200E+07  2.6000E+07     7.6629E-03     0.0000E+00     0.0000E+00
    98     2.6000E+07  2.5800E+07     7.7220E-03     0.0000E+00     0.0000E+00
    99     2.5800E+07  2.5600E+07     7.7821E-03     0.0000E+00     0.0000E+00
   100     2.5600E+07  2.5400E+07     7.8432E-03     0.0000E+00     0.0000E+00
   101     2.5400E+07  2.5200E+07     7.9052E-03     0.0000E+00     0.0000E+00
   102     2.5200E+07  2.5000E+07     7.9682E-03     0.0000E+00     0.0000E+00
   103     2.5000E+07  2.4800E+07     8.0322E-03     0.0000E+00     0.0000E+00
   104     2.4800E+07  2.4600E+07     8.0972E-03     0.0000E+00     0.0000E+00
   105     2.4600E+07  2.4400E+07     8.1633E-03     0.0000E+00     0.0000E+00
   106     2.4400E+07  2.4200E+07     8.2305E-03     0.0000E+00     0.0000E+00
   107     2.4200E+07  2.4000E+07     8.2988E-03     0.0000E+00     0.0000E+00
   108     2.4000E+07  2.3800E+07     8.3682E-03     0.0000E+00     0.0000E+00
   109     2.3800E+07  2.3600E+07     8.4389E-03     0.0000E+00     0.0000E+00
   110     2.3600E+07  2.3400E+07     8.5107E-03     0.0000E+00     0.0000E+00
   111     2.3400E+07  2.3200E+07     8.5837E-03     0.0000E+00     0.0000E+00
   112     2.3200E+07  2.3000E+07     8.6581E-03     0.0000E+00     0.0000E+00
   113     2.3000E+07  2.2800E+07     8.7337E-03     0.0000E+00     0.0000E+00
   114     2.2800E+07  2.2600E+07     8.8106E-03     0.0000E+00     0.0000E+00
   115     2.2600E+07  2.2400E+07     8.8889E-03     0.0000E+00     0.0000E+00
   116     2.2400E+07  2.2200E+07     8.9687E-03     0.0000E+00     0.0000E+00
   117     2.2200E+07  2.2000E+07     9.0498E-03     0.0000E+00     0.0000E+00
   118     2.2000E+07  2.1800E+07     9.1325E-03     0.0000E+00     0.0000E+00
   119     2.1800E+07  2.1600E+07     9.2167E-03     0.0000E+00     0.0000E+00
   120     2.1600E+07  2.1400E+07     9.3024E-03     0.0000E+00     0.0000E+00
   121     2.1400E+07  2.1200E+07     9.3897E-03     0.0000E+00     0.0000E+00
   122     2.1200E+07  2.1000E+07     9.4787E-03     0.0000E+00     0.0000E+00
   123     2.1000E+07  2.0800E+07     9.5695E-03     0.0000E+00     0.0000E+00
   124     2.0800E+07  2.0600E+07     9.6619E-03     0.0000E+00     0.0000E+00
   125     2.0600E+07  2.0400E+07     9.7562E-03     0.0000E+00     0.0000E+00
   126     2.0400E+07  2.0200E+07     9.8523E-03     0.0000E+00     0.0000E+00
   127     2.0200E+07  2.0000E+07     9.9503E-03     0.0000E+00     0.0000E+00
   128     2.0000E+07  1.9800E+07     1.0050E-02     2.1409E-08     2.1302E-06
   129     1.9800E+07  1.9600E+07     1.0152E-02     2.1627E-08     2.1302E-06
   130     1.9600E+07  1.9400E+07     1.0257E-02     2.1849E-08     2.1303E-06
   131     1.9400E+07  1.9200E+07     1.0363E-02     2.2075E-08     2.1302E-06
   132     1.9200E+07  1.9000E+07     1.0471E-02     2.2306E-08     2.1302E-06
   133     1.9000E+07  1.8800E+07     1.0582E-02     2.2542E-08     2.1302E-06
   134     1.8800E+07  1.8600E+07     1.0695E-02     2.2783E-08     2.1302E-06
   135     1.8600E+07  1.8400E+07     1.0811E-02     2.3030E-08     2.1303E-06
   136     1.8400E+07  1.8200E+07     1.0929E-02     2.3281E-08     2.1302E-06
   137     1.8200E+07  1.8000E+07     1.1050E-02     2.3539E-08     2.1303E-06
   138     1.8000E+07  1.7800E+07     1.1173E-02     2.3802E-08     2.1303E-06
   139     1.7800E+07  1.7600E+07     1.1300E-02     2.4071E-08     2.1303E-06
   140     1.7600E+07  1.7400E+07     1.1429E-02     2.4346E-08     2.1303E-06
   141     1.7400E+07  1.7200E+07     1.1561E-02     4.6528E-08     4.0246E-06
   142     1.7200E+07  1.7000E+07     1.1696E-02     5.8421E-08     4.9949E-06
   143     1.7000E+07  1.6800E+07     1.1834E-02     7.0445E-08     5.9525E-06
   144     1.6800E+07  1.6600E+07     1.1976E-02     8.1604E-08     6.8139E-06
   145     1.6600E+07  1.6400E+07     1.2121E-02     1.0219E-07     8.4306E-06
   146     1.6400E+07  1.6200E+07     1.2270E-02     1.2905E-07     1.0517E-05
   147     1.6200E+07  1.6000E+07     1.2423E-02     1.3065E-07     1.0517E-05
   148     1.6000E+07  1.5800E+07     1.2579E-02     1.3229E-07     1.0517E-05
   149     1.5800E+07  1.5600E+07     1.2739E-02     1.7307E-07     1.3586E-05
   150     1.5600E+07  1.5400E+07     1.2903E-02     2.3078E-07     1.7885E-05
   151     1.5400E+07  1.5200E+07     1.3072E-02     2.3379E-07     1.7885E-05
   152     1.5200E+07  1.5000E+07     1.3245E-02     2.3689E-07     1.7885E-05
   153     1.5000E+07  1.4800E+07     1.3423E-02     3.0562E-07     2.2768E-05
   154     1.4800E+07  1.4600E+07     1.3606E-02     3.5564E-07     2.6139E-05
   155     1.4600E+07  1.4400E+07     1.3793E-02     4.4449E-07     3.2225E-05
   156     1.4400E+07  1.4200E+07     1.3986E-02     4.7888E-07     3.4239E-05
   157     1.4200E+07  1.4000E+07     1.4185E-02     6.1849E-07     4.3603E-05
   158     1.4000E+07  1.3800E+07     1.4389E-02     6.6749E-07     4.6390E-05
   159     1.3800E+07  1.3600E+07     1.4599E-02     8.1341E-07     5.5718E-05
   160     1.3600E+07  1.3400E+07     1.4815E-02     9.9508E-07     6.7167E-05
   161     1.3400E+07  1.3200E+07     1.5038E-02     1.1844E-06     7.8761E-05
   162     1.3200E+07  1.3000E+07     1.5267E-02     1.2025E-06     7.8762E-05
   163     1.3000E+07  1.2800E+07     1.5504E-02     1.3182E-06     8.5022E-05
   164     1.2800E+07  1.2600E+07     1.5748E-02     1.7305E-06     1.0988E-04
   165     1.2600E+07  1.2400E+07     1.6000E-02     2.0243E-06     1.2652E-04
   166     1.2400E+07  1.2200E+07     1.6261E-02     2.2752E-06     1.3992E-04
   167     1.2200E+07  1.2000E+07     1.6529E-02     2.9822E-06     1.8042E-04
   168     1.2000E+07  1.1800E+07     1.6807E-02     3.0324E-06     1.8042E-04
   169     1.1800E+07  1.1600E+07     1.7094E-02     3.2124E-06     1.8792E-04
   170     1.1600E+07  1.1400E+07     1.7392E-02     4.5757E-06     2.6310E-04
   171     1.1400E+07  1.1200E+07     1.7700E-02     4.6566E-06     2.6309E-04
   172     1.1200E+07  1.1000E+07     1.8019E-02     5.4457E-06     3.0223E-04
   173     1.1000E+07  1.0800E+07     1.8349E-02     7.5710E-06     4.1261E-04
   174     1.0800E+07  1.0600E+07     1.8692E-02     7.7126E-06     4.1261E-04
   175     1.0600E+07  1.0400E+07     1.9048E-02     9.4144E-06     4.9424E-04
   176     1.0400E+07  1.0200E+07     1.9418E-02     1.0806E-05     5.5649E-04
   177     1.0200E+07  1.0000E+07     1.9803E-02     1.1020E-05     5.5649E-04
   178     1.0000E+07  9.8000E+06     2.0203E-02     1.5912E-05     7.8762E-04
   179     9.8000E+06  9.6000E+06     2.0619E-02     1.6240E-05     7.8761E-04
   180     9.6000E+06  9.4000E+06     2.1053E-02     2.0368E-05     9.6744E-04
   181     9.4000E+06  9.2000E+06     2.1506E-02     2.3796E-05     1.1065E-03
   182     9.2000E+06  9.0000E+06     2.1979E-02     2.6131E-05     1.1889E-03
   183     9.0000E+06  8.8000E+06     2.2473E-02     3.2459E-05     1.4444E-03
   184     8.8000E+06  8.6000E+06     2.2990E-02     3.3550E-05     1.4594E-03
   185     8.6000E+06  8.4000E+06     2.3530E-02     4.3816E-05     1.8621E-03
   186     8.4000E+06  8.2000E+06     2.4098E-02     4.4872E-05     1.8621E-03
   187     8.2000E+06  8.0000E+06     2.4693E-02     6.0465E-05     2.4487E-03
   188     8.0000E+06  7.8000E+06     2.5318E-02     6.2991E-05     2.4880E-03
   189     7.8000E+06  7.6000E+06     2.5975E-02     8.0955E-05     3.1166E-03
   190     7.6000E+06  7.4000E+06     2.6668E-02     8.4975E-05     3.1864E-03
   191     7.4000E+06  7.2000E+06     2.7399E-02     1.0636E-04     3.8819E-03
   192     7.2000E+06  7.0000E+06     2.8171E-02     1.1709E-04     4.1564E-03
   193     7.0000E+06  6.8000E+06     2.8988E-02     1.4609E-04     5.0398E-03
   194     6.8000E+06  6.6000E+06     2.9853E-02     1.6284E-04     5.4547E-03
   195     6.6000E+06  6.4000E+06     3.0772E-02     2.0135E-04     6.5434E-03
   196     6.4000E+06  6.2000E+06     3.1749E-02     2.3673E-04     7.4564E-03
   197     6.2000E+06  6.0000E+06     3.2790E-02     2.5702E-04     7.8384E-03
   198     6.0000E+06  5.8000E+06     3.3902E-02     2.8397E-04     8.3763E-03
   199     5.8000E+06  5.6000E+06     3.5091E-02     3.2701E-04     9.3188E-03
   200     5.6000E+06  5.4000E+06     3.6368E-02     3.8075E-04     1.0469E-02
   201     5.4000E+06  5.2000E+06     3.7740E-02     4.4539E-04     1.1801E-02
   202     5.2000E+06  5.0000E+06     3.9221E-02     4.9820E-04     1.2702E-02
   203     5.0000E+06  4.7863E+06     4.3680E-02     6.4012E-04     1.4655E-02
   204     4.7863E+06  4.5709E+06     4.6048E-02     7.1989E-04     1.5634E-02
   205     4.5709E+06  4.3652E+06     4.6046E-02     7.9398E-04     1.7243E-02
   206     4.3652E+06  4.1687E+06     4.6060E-02     8.3137E-04     1.8050E-02
   207     4.1687E+06  3.9811E+06     4.6046E-02     8.5720E-04     1.8616E-02
   208     3.9811E+06  3.8019E+06     4.6057E-02     8.8845E-04     1.9290E-02
   209     3.8019E+06  3.6308E+06     4.6048E-02     9.1584E-04     1.9889E-02
   210     3.6308E+06  3.4674E+06     4.6048E-02     9.8492E-04     2.1389E-02
   211     3.4674E+06  3.3113E+06     4.6064E-02     1.0061E-03     2.1841E-02
   212     3.3113E+06  3.1623E+06     4.6041E-02     1.1743E-03     2.5505E-02
   213     3.1623E+06  3.0200E+06     4.6043E-02     1.3953E-03     3.0304E-02
   214     3.0200E+06  2.8840E+06     4.6079E-02     1.4135E-03     3.0676E-02
   215     2.8840E+06  2.7542E+06     4.6051E-02     1.5071E-03     3.2727E-02
   216     2.7542E+06  2.6303E+06     4.6029E-02     1.6333E-03     3.5484E-02
   217     2.6303E+06  2.5119E+06     4.6058E-02     1.6746E-03     3.6358E-02
   218     2.5119E+06  2.3988E+06     4.6071E-02     1.7193E-03     3.7319E-02
   219     2.3988E+06  2.2909E+06     4.6024E-02     1.8581E-03     4.0373E-02
   220     2.2909E+06  2.1878E+06     4.6048E-02     1.6643E-03     3.6143E-02
   221     2.1878E+06  2.0893E+06     4.6067E-02     1.5805E-03     3.4308E-02
   222     2.0893E+06  1.9953E+06     4.6035E-02     1.5320E-03     3.3279E-02
   223     1.9953E+06  1.9055E+06     4.6050E-02     1.4846E-03     3.2239E-02
   224     1.9055E+06  1.8197E+06     4.6073E-02     1.4472E-03     3.1411E-02
   225     1.8197E+06  1.7378E+06     4.6052E-02     1.6881E-03     3.6657E-02
   226     1.7378E+06  1.6596E+06     4.6043E-02     1.6319E-03     3.5443E-02
   227     1.6596E+06  1.5849E+06     4.6055E-02     1.5677E-03     3.4040E-02
   228     1.5849E+06  1.5136E+06     4.6030E-02     1.6296E-03     3.5403E-02
   229     1.5136E+06  1.4454E+06     4.6105E-02     1.6992E-03     3.6855E-02
   230     1.4454E+06  1.3804E+06     4.6013E-02     1.6849E-03     3.6618E-02
   231     1.3804E+06  1.3183E+06     4.6030E-02     1.5025E-03     3.2642E-02
   232     1.3183E+06  1.2589E+06     4.6105E-02     1.5472E-03     3.3558E-02
   233     1.2589E+06  1.2023E+06     4.6002E-02     1.7194E-03     3.7377E-02
   234     1.2023E+06  1.1482E+06     4.6041E-02     1.6772E-03     3.6428E-02
   235     1.1482E+06  1.0965E+06     4.6072E-02     1.5219E-03     3.3033E-02
   236     1.0965E+06  1.0471E+06     4.6099E-02     1.2878E-03     2.7936E-02
   237     1.0471E+06  1.0000E+06     4.6024E-02     1.2857E-03     2.7935E-02
   238     1.0000E+06  9.5499E+05     4.6054E-02     1.2126E-03     2.6330E-02
   239     9.5499E+05  9.1201E+05     4.6050E-02     1.4017E-03     3.0439E-02
   240     9.1201E+05  8.7096E+05     4.6055E-02     1.5544E-03     3.3751E-02
   241     8.7096E+05  8.3176E+05     4.6052E-02     1.7712E-03     3.8461E-02
   242     8.3176E+05  7.9433E+05     4.6045E-02     1.9645E-03     4.2665E-02
   243     7.9433E+05  7.5858E+05     4.6051E-02     1.9521E-03     4.2390E-02
   244     7.5858E+05  7.2444E+05     4.6049E-02     1.8336E-03     3.9818E-02
   245     7.2444E+05  6.9183E+05     4.6059E-02     1.7410E-03     3.7800E-02
   246     6.9183E+05  6.6069E+05     4.6056E-02     1.6899E-03     3.6693E-02
   247     6.6069E+05  6.3096E+05     4.6042E-02     1.6462E-03     3.5754E-02
   248     6.3096E+05  6.0256E+05     4.6055E-02     1.6019E-03     3.4782E-02
   249     6.0256E+05  5.7544E+05     4.6052E-02     1.5561E-03     3.3790E-02
   250     5.7544E+05  5.4954E+05     4.6053E-02     1.5092E-03     3.2771E-02
   251     5.4954E+05  5.2481E+05     4.6045E-02     1.4608E-03     3.1725E-02
   252     5.2481E+05  5.0119E+05     4.6051E-02     1.4129E-03     3.0681E-02
   253     5.0119E+05  4.7863E+05     4.6057E-02     1.1939E-03     2.5922E-02
   254     4.7863E+05  4.5709E+05     4.6048E-02     1.1571E-03     2.5128E-02
   255     4.5709E+05  4.3652E+05     4.6046E-02     9.6465E-04     2.0950E-02
   256     4.3652E+05  4.1687E+05     4.6060E-02     8.7605E-04     1.9020E-02
   257     4.1687E+05  3.9811E+05     4.6046E-02     9.6078E-04     2.0866E-02
   258     3.9811E+05  3.8019E+05     4.6057E-02     1.0426E-03     2.2637E-02
   259     3.8019E+05  3.6308E+05     4.6048E-02     1.0962E-03     2.3806E-02
   260     3.6308E+05  3.4674E+05     4.6048E-02     1.1981E-03     2.6019E-02
   261     3.4674E+05  3.3113E+05     4.6064E-02     1.2024E-03     2.6103E-02
   262     3.3113E+05  3.1623E+05     4.6041E-02     1.2205E-03     2.6509E-02
   263     3.1623E+05  3.0200E+05     4.6043E-02     1.2205E-03     2.6508E-02
   264     3.0200E+05  2.8840E+05     4.6079E-02     1.1372E-03     2.4680E-02
   265     2.8840E+05  2.7542E+05     4.6051E-02     1.1069E-03     2.4036E-02
   266     2.7542E+05  2.6303E+05     4.6029E-02     1.0537E-03     2.2892E-02
   267     2.6303E+05  2.5119E+05     4.6058E-02     1.0438E-03     2.2662E-02
   268     2.5119E+05  2.3988E+05     4.6071E-02     1.0046E-03     2.1806E-02
   269     2.3988E+05  2.2909E+05     4.6024E-02     9.6673E-04     2.1005E-02
   270     2.2909E+05  2.1878E+05     4.6048E-02     9.4347E-04     2.0489E-02
   271     2.1878E+05  2.0893E+05     4.6067E-02     9.2025E-04     1.9976E-02
   272     2.0893E+05  1.9953E+05     4.6035E-02     8.9373E-04     1.9414E-02
   273     1.9953E+05  1.9055E+05     4.6050E-02     8.6821E-04     1.8854E-02
   274     1.9055E+05  1.8197E+05     4.6073E-02     8.4392E-04     1.8317E-02
   275     1.8197E+05  1.7378E+05     4.6052E-02     8.2266E-04     1.7864E-02
   276     1.7378E+05  1.6596E+05     4.6043E-02     8.0237E-04     1.7426E-02
   277     1.6596E+05  1.5849E+05     4.6055E-02     7.8379E-04     1.7018E-02
   278     1.5849E+05  1.5136E+05     4.6030E-02     7.6616E-04     1.6645E-02
   279     1.5136E+05  1.4454E+05     4.6105E-02     7.4972E-04     1.6261E-02
   280     1.4454E+05  1.3804E+05     4.6013E-02     7.3063E-04     1.5879E-02
   281     1.3804E+05  1.3183E+05     4.6030E-02     7.1357E-04     1.5502E-02
   282     1.3183E+05  1.2589E+05     4.6105E-02     6.9827E-04     1.5145E-02
   283     1.2589E+05  1.2023E+05     4.6002E-02     6.8130E-04     1.4810E-02
   284     1.2023E+05  1.1482E+05     4.6041E-02     6.6734E-04     1.4495E-02
   285     1.1482E+05  1.0965E+05     4.6072E-02     6.5236E-04     1.4160E-02
   286     1.0965E+05  1.0471E+05     4.6099E-02     6.3803E-04     1.3840E-02
   287     1.0471E+05  1.0000E+05     4.6024E-02     6.3700E-04     1.3840E-02
   288     1.0000E+05  9.5499E+04     4.6054E-02     6.1830E-04     1.3425E-02
   289     9.5499E+04  9.1201E+04     4.6050E-02     6.0379E-04     1.3112E-02
   290     9.1201E+04  8.7096E+04     4.6055E-02     6.0385E-04     1.3112E-02
   291     8.7096E+04  8.3176E+04     4.6052E-02     5.8791E-04     1.2766E-02
   292     8.3176E+04  7.9433E+04     4.6045E-02     5.6762E-04     1.2328E-02
   293     7.9433E+04  7.5858E+04     4.6051E-02     5.6456E-04     1.2260E-02
   294     7.5858E+04  7.2444E+04     4.6049E-02     5.6455E-04     1.2260E-02
   295     7.2444E+04  6.9183E+04     4.6059E-02     5.3923E-04     1.1707E-02
   296     6.9183E+04  6.6069E+04     4.6056E-02     5.3292E-04     1.1571E-02
   297     6.6069E+04  6.3096E+04     4.6042E-02     5.2963E-04     1.1503E-02
   298     6.3096E+04  6.0256E+04     4.6055E-02     5.2978E-04     1.1503E-02
   299     6.0256E+04  5.7544E+04     4.6052E-02     5.2974E-04     1.1503E-02
   300     5.7544E+04  5.4954E+04     4.6053E-02     5.1317E-04     1.1143E-02
   301     5.4954E+04  5.2481E+04     4.6045E-02     5.0318E-04     1.0928E-02
   302     5.2481E+04  5.0119E+04     4.6051E-02     4.8781E-04     1.0593E-02
   303     5.0119E+04  4.7863E+04     4.6057E-02     4.8784E-04     1.0592E-02
   304     4.7863E+04  4.5709E+04     4.6048E-02     4.7950E-04     1.0413E-02
   305     4.5709E+04  4.3652E+04     4.6046E-02     4.5866E-04     9.9609E-03
   306     4.3652E+04  4.1687E+04     4.6060E-02     4.5880E-04     9.9610E-03
   307     4.1687E+04  3.9811E+04     4.6046E-02     4.6253E-04     1.0045E-02
   308     3.9811E+04  3.8019E+04     4.6057E-02     4.6558E-04     1.0109E-02
   309     3.8019E+04  3.6308E+04     4.6048E-02     4.6548E-04     1.0109E-02
   310     3.6308E+04  3.4674E+04     4.6048E-02     4.6548E-04     1.0109E-02
   311     3.4674E+04  3.3113E+04     4.6064E-02     4.5177E-04     9.8074E-03
   312     3.3113E+04  3.1623E+04     4.6041E-02     4.4622E-04     9.6917E-03
   313     3.1623E+04  3.0200E+04     4.6043E-02     4.3913E-04     9.5374E-03
   314     3.0200E+04  2.8840E+04     4.6079E-02     4.3947E-04     9.5374E-03
   315     2.8840E+04  2.7542E+04     4.6051E-02     4.3200E-04     9.3809E-03
   316     2.7542E+04  2.6303E+04     4.6029E-02     4.2701E-04     9.2770E-03
   317     2.6303E+04  2.5119E+04     4.6058E-02     4.2544E-04     9.2370E-03
   318     2.5119E+04  2.3988E+04     4.6071E-02     4.1794E-04     9.0717E-03
   319     2.3988E+04  2.2909E+04     4.6024E-02     4.1578E-04     9.0340E-03
   320     2.2909E+04  2.1878E+04     4.6048E-02     4.1885E-04     9.0959E-03
   321     2.1878E+04  2.0893E+04     4.6067E-02     4.0329E-04     8.7543E-03
   322     2.0893E+04  1.9953E+04     4.6035E-02     4.0296E-04     8.7534E-03
   323     1.9953E+04  1.9055E+04     4.6050E-02     4.0274E-04     8.7457E-03
   324     1.9055E+04  1.8197E+04     4.6073E-02     4.0204E-04     8.7262E-03
   325     1.8197E+04  1.7378E+04     4.6052E-02     4.0186E-04     8.7263E-03
   326     1.7378E+04  1.6596E+04     4.6043E-02     4.0179E-04     8.7263E-03
   327     1.6596E+04  1.5849E+04     4.6055E-02     4.0189E-04     8.7262E-03
   328     1.5849E+04  1.5136E+04     4.6030E-02     4.0167E-04     8.7262E-03
   329     1.5136E+04  1.4454E+04     4.6105E-02     3.9080E-04     8.4763E-03
   330     1.4454E+04  1.3804E+04     4.6013E-02     3.8805E-04     8.4335E-03
   331     1.3804E+04  1.3183E+04     4.6030E-02     3.8819E-04     8.4334E-03
   332     1.3183E+04  1.2589E+04     4.6105E-02     3.8882E-04     8.4334E-03
   333     1.2589E+04  1.2023E+04     4.6002E-02     3.8796E-04     8.4336E-03
   334     1.2023E+04  1.1482E+04     4.6041E-02     3.8591E-04     8.3819E-03
   335     1.1482E+04  1.0965E+04     4.6072E-02     3.8295E-04     8.3120E-03
   336     1.0965E+04  1.0471E+04     4.6099E-02     3.8112E-04     8.2675E-03
   337     1.0471E+04  1.0000E+04     4.6024E-02     3.7453E-04     8.1376E-03
   338     1.0000E+04  9.5499E+03     4.6054E-02     3.7477E-04     8.1375E-03
   339     9.5499E+03  9.1201E+03     4.6050E-02     3.7474E-04     8.1377E-03
   340     9.1201E+03  8.7096E+03     4.6055E-02     3.7213E-04     8.0801E-03
   341     8.7096E+03  8.3176E+03     4.6052E-02     3.7210E-04     8.0800E-03
   342     8.3176E+03  7.9433E+03     4.6045E-02     3.6925E-04     8.0193E-03
   343     7.9433E+03  7.5858E+03     4.6051E-02     3.6221E-04     7.8655E-03
   344     7.5858E+03  7.2444E+03     4.6049E-02     3.6220E-04     7.8655E-03
   345     7.2444E+03  6.9183E+03     4.6059E-02     3.6811E-04     7.9922E-03
   346     6.9183E+03  6.6069E+03     4.6056E-02     3.7253E-04     8.0887E-03
   347     6.6069E+03  6.3096E+03     4.6042E-02     3.7242E-04     8.0887E-03
   348     6.3096E+03  6.0256E+03     4.6055E-02     3.6158E-04     7.8510E-03
   349     6.0256E+03  5.7544E+03     4.6052E-02     3.5969E-04     7.8105E-03
   350     5.7544E+03  5.4954E+03     4.6053E-02     3.5967E-04     7.8098E-03
   351     5.4954E+03  5.2481E+03     4.6045E-02     3.5942E-04     7.8058E-03
   352     5.2481E+03  5.0119E+03     4.6051E-02     3.5947E-04     7.8059E-03
   353     5.0119E+03  4.7863E+03     4.6057E-02     3.5855E-04     7.7848E-03
   354     4.7863E+03  4.5709E+03     4.6048E-02     3.5717E-04     7.7565E-03
   355     4.5709E+03  4.3652E+03     4.6046E-02     3.5716E-04     7.7566E-03
   356     4.3652E+03  4.1687E+03     4.6060E-02     3.3427E-04     7.2573E-03
   357     4.1687E+03  3.9811E+03     4.6046E-02     3.2481E-04     7.0540E-03
   358     3.9811E+03  3.8019E+03     4.6057E-02     3.2489E-04     7.0541E-03
   359     3.8019E+03  3.6308E+03     4.6048E-02     3.7408E-04     8.1237E-03
   360     3.6308E+03  3.4674E+03     4.6048E-02     3.7425E-04     8.1274E-03
   361     3.4674E+03  3.3113E+03     4.6064E-02     3.6761E-04     7.9804E-03
   362     3.3113E+03  3.1623E+03     4.6041E-02     3.5022E-04     7.6067E-03
   363     3.1623E+03  3.0200E+03     4.6043E-02     3.5023E-04     7.6066E-03
   364     3.0200E+03  2.8840E+03     4.6079E-02     3.3493E-04     7.2687E-03
   365     2.8840E+03  2.7542E+03     4.6051E-02     3.2286E-04     7.0109E-03
   366     2.7542E+03  2.6303E+03     4.6029E-02     3.2270E-04     7.0108E-03
   367     2.6303E+03  2.5119E+03     4.6058E-02     3.5825E-04     7.7782E-03
   368     2.5119E+03  2.3988E+03     4.6071E-02     3.6442E-04     7.9100E-03
   369     2.3988E+03  2.2909E+03     4.6024E-02     3.6110E-04     7.8459E-03
   370     2.2909E+03  2.1878E+03     4.6048E-02     3.4299E-04     7.4485E-03
   371     2.1878E+03  2.0893E+03     4.6067E-02     3.4313E-04     7.4484E-03
   372     2.0893E+03  1.9953E+03     4.6035E-02     3.4196E-04     7.4283E-03
   373     1.9953E+03  1.9055E+03     4.6050E-02     3.4082E-04     7.4011E-03
   374     1.9055E+03  1.8197E+03     4.6073E-02     3.4099E-04     7.4011E-03
   375     1.8197E+03  1.7378E+03     4.6052E-02     3.3725E-04     7.3233E-03
   376     1.7378E+03  1.6596E+03     4.6043E-02     3.3573E-04     7.2916E-03
   377     1.6596E+03  1.5849E+03     4.6055E-02     3.3582E-04     7.2917E-03
   378     1.5849E+03  1.5136E+03     4.6030E-02     3.3653E-04     7.3110E-03
   379     1.5136E+03  1.4454E+03     4.6105E-02     3.3707E-04     7.3109E-03
   380     1.4454E+03  1.3804E+03     4.6013E-02     3.3603E-04     7.3030E-03
   381     1.3804E+03  1.3183E+03     4.6030E-02     3.3521E-04     7.2824E-03
   382     1.3183E+03  1.2589E+03     4.6105E-02     3.3575E-04     7.2823E-03
   383     1.2589E+03  1.2023E+03     4.6002E-02     3.3285E-04     7.2356E-03
   384     1.2023E+03  1.1482E+03     4.6041E-02     3.3148E-04     7.1997E-03
   385     1.1482E+03  1.0965E+03     4.6072E-02     3.3171E-04     7.1998E-03
   386     1.0965E+03  1.0471E+03     4.6099E-02     3.3090E-04     7.1781E-03
   387     1.0471E+03  1.0000E+03     4.6024E-02     3.3020E-04     7.1744E-03
   388     1.0000E+03  9.5499E+02     4.6054E-02     3.2839E-04     7.1305E-03
   389     9.5499E+02  9.1201E+02     4.6050E-02     3.1581E-04     6.8580E-03
   390     9.1201E+02  8.7096E+02     4.6055E-02     3.1585E-04     6.8581E-03
   391     8.7096E+02  8.3176E+02     4.6052E-02     3.2339E-04     7.0223E-03
   392     8.3176E+02  7.9433E+02     4.6045E-02     3.3358E-04     7.2447E-03
   393     7.9433E+02  7.5858E+02     4.6051E-02     3.3362E-04     7.2446E-03
   394     7.5858E+02  7.2444E+02     4.6049E-02     3.1428E-04     6.8249E-03
   395     7.2444E+02  6.9183E+02     4.6059E-02     3.0642E-04     6.6528E-03
   396     6.9183E+02  6.6069E+02     4.6056E-02     3.0640E-04     6.6528E-03
   397     6.6069E+02  6.3096E+02     4.6042E-02     3.3080E-04     7.1847E-03
   398     6.3096E+02  6.0256E+02     4.6055E-02     3.3096E-04     7.1862E-03
   399     6.0256E+02  5.7544E+02     4.6052E-02     3.2537E-04     7.0652E-03
   400     5.7544E+02  5.4954E+02     4.6053E-02     3.1131E-04     6.7598E-03
   401     5.4954E+02  5.2481E+02     4.6045E-02     3.1125E-04     6.7597E-03
   402     5.2481E+02  5.0119E+02     4.6051E-02     3.1747E-04     6.8939E-03
   403     5.0119E+02  4.7863E+02     4.6057E-02     3.2219E-04     6.9954E-03
   404     4.7863E+02  4.5709E+02     4.6048E-02     3.2212E-04     6.9954E-03
   405     4.5709E+02  4.3652E+02     4.6046E-02     3.1465E-04     6.8334E-03
   406     4.3652E+02  4.1687E+02     4.6060E-02     3.1346E-04     6.8055E-03
   407     4.1687E+02  3.9811E+02     4.6046E-02     3.1377E-04     6.8143E-03
   408     3.9811E+02  3.8019E+02     4.6057E-02     3.1628E-04     6.8671E-03
   409     3.8019E+02  3.6308E+02     4.6048E-02     3.1621E-04     6.8670E-03
   410     3.6308E+02  3.4674E+02     4.6048E-02     3.1593E-04     6.8609E-03
   411     3.4674E+02  3.3113E+02     4.6064E-02     3.1566E-04     6.8526E-03
   412     3.3113E+02  3.1623E+02     4.6041E-02     3.1550E-04     6.8526E-03
   413     3.1623E+02  3.0200E+02     4.6043E-02     3.0508E-04     6.6260E-03
   414     3.0200E+02  2.8840E+02     4.6079E-02     3.0100E-04     6.5323E-03
   415     2.8840E+02  2.7542E+02     4.6051E-02     3.0082E-04     6.5323E-03
   416     2.7542E+02  2.6303E+02     4.6029E-02     3.0284E-04     6.5793E-03
   417     2.6303E+02  2.5119E+02     4.6058E-02     3.0304E-04     6.5795E-03
   418     2.5119E+02  2.3988E+02     4.6071E-02     3.0133E-04     6.5406E-03
   419     2.3988E+02  2.2909E+02     4.6024E-02     2.9643E-04     6.4408E-03
   420     2.2909E+02  2.1878E+02     4.6048E-02     2.9659E-04     6.4408E-03
   421     2.1878E+02  2.0893E+02     4.6067E-02     2.9236E-04     6.3464E-03
   422     2.0893E+02  1.9953E+02     4.6035E-02     2.8888E-04     6.2753E-03
   423     1.9953E+02  1.9055E+02     4.6050E-02     2.9364E-04     6.3766E-03
   424     1.9055E+02  1.8197E+02     4.6073E-02     2.9843E-04     6.4774E-03
   425     1.8197E+02  1.7378E+02     4.6052E-02     2.9830E-04     6.4775E-03
   426     1.7378E+02  1.6596E+02     4.6043E-02     2.9598E-04     6.4283E-03
   427     1.6596E+02  1.5849E+02     4.6055E-02     2.9582E-04     6.4231E-03
   428     1.5849E+02  1.5136E+02     4.6030E-02     2.9566E-04     6.4231E-03
   429     1.5136E+02  1.4454E+02     4.6105E-02     2.9836E-04     6.4713E-03
   430     1.4454E+02  1.3804E+02     4.6013E-02     2.9916E-04     6.5017E-03
   431     1.3804E+02  1.3183E+02     4.6030E-02     2.9927E-04     6.5016E-03
   432     1.3183E+02  1.2589E+02     4.6105E-02     2.8905E-04     6.2694E-03
   433     1.2589E+02  1.2023E+02     4.6002E-02     2.8411E-04     6.1760E-03
   434     1.2023E+02  1.1482E+02     4.6041E-02     2.8435E-04     6.1760E-03
   435     1.1482E+02  1.0965E+02     4.6072E-02     2.8333E-04     6.1497E-03
   436     1.0965E+02  1.0471E+02     4.6099E-02     2.8012E-04     6.0765E-03
   437     1.0471E+02  1.0000E+02     4.6024E-02     2.7966E-04     6.0763E-03
   438     1.0000E+02  9.5499E+01     4.6054E-02     2.7985E-04     6.0765E-03
   439     9.5499E+01  9.1201E+01     4.6050E-02     2.7982E-04     6.0764E-03
   440     9.1201E+01  8.7096E+01     4.6055E-02     2.7848E-04     6.0467E-03
   441     8.7096E+01  8.3176E+01     4.6052E-02     2.7742E-04     6.0240E-03
   442     8.3176E+01  7.9433E+01     4.6045E-02     2.7738E-04     6.0241E-03
   443     7.9433E+01  7.5858E+01     4.6051E-02     2.7741E-04     6.0240E-03
   444     7.5858E+01  7.2444E+01     4.6049E-02     2.7104E-04     5.8859E-03
   445     7.2444E+01  6.9183E+01     4.6059E-02     2.7037E-04     5.8701E-03
   446     6.9183E+01  6.6069E+01     4.6056E-02     2.7035E-04     5.8701E-03
   447     6.6069E+01  6.3096E+01     4.6042E-02     2.7027E-04     5.8700E-03
   448     6.3096E+01  6.0256E+01     4.6055E-02     2.7035E-04     5.8701E-03
   449     6.0256E+01  5.7544E+01     4.6052E-02     2.7033E-04     5.8701E-03
   450     5.7544E+01  5.4954E+01     4.6053E-02     2.7034E-04     5.8701E-03
   451     5.4954E+01  5.2481E+01     4.6045E-02     2.7029E-04     5.8701E-03
   452     5.2481E+01  5.0119E+01     4.6051E-02     2.7032E-04     5.8700E-03
   453     5.0119E+01  4.7863E+01     4.6057E-02     2.6994E-04     5.8609E-03
   454     4.7863E+01  4.5709E+01     4.6048E-02     2.4534E-04     5.3280E-03
   455     4.5709E+01  4.3652E+01     4.6046E-02     2.4533E-04     5.3279E-03
   456     4.3652E+01  4.1687E+01     4.6060E-02     2.4540E-04     5.3279E-03
   457     4.1687E+01  3.9811E+01     4.6046E-02     2.4533E-04     5.3279E-03
   458     3.9811E+01  3.8019E+01     4.6057E-02     2.4539E-04     5.3279E-03
   459     3.8019E+01  3.6308E+01     4.6048E-02     2.4534E-04     5.3279E-03
   460     3.6308E+01  3.4674E+01     4.6048E-02     2.4534E-04     5.3279E-03
   461     3.4674E+01  3.3113E+01     4.6064E-02     2.4543E-04     5.3280E-03
   462     3.3113E+01  3.1623E+01     4.6041E-02     2.4530E-04     5.3278E-03
   463     3.1623E+01  3.0200E+01     4.6043E-02     2.4531E-04     5.3279E-03
   464     3.0200E+01  2.8840E+01     4.6079E-02     2.4550E-04     5.3279E-03
   465     2.8840E+01  2.7542E+01     4.6051E-02     2.4262E-04     5.2685E-03
   466     2.7542E+01  2.6303E+01     4.6029E-02     2.2325E-04     4.8502E-03
   467     2.6303E+01  2.5119E+01     4.6058E-02     2.2339E-04     4.8501E-03
   468     2.5119E+01  2.3988E+01     4.6071E-02     2.2345E-04     4.8501E-03
   469     2.3988E+01  2.2909E+01     4.6024E-02     2.2322E-04     4.8501E-03
   470     2.2909E+01  2.1878E+01     4.6048E-02     2.2334E-04     4.8501E-03
   471     2.1878E+01  2.0893E+01     4.6067E-02     2.2344E-04     4.8503E-03
   472     2.0893E+01  1.9953E+01     4.6035E-02     2.2328E-04     4.8503E-03
   473     1.9953E+01  1.9055E+01     4.6050E-02     2.2335E-04     4.8502E-03
   474     1.9055E+01  1.8197E+01     4.6073E-02     2.2346E-04     4.8502E-03
   475     1.8197E+01  1.7378E+01     4.6052E-02     2.2336E-04     4.8502E-03
   476     1.7378E+01  1.6596E+01     4.6043E-02     2.2332E-04     4.8502E-03
   477     1.6596E+01  1.5849E+01     4.6055E-02     2.2823E-04     4.9556E-03
   478     1.5849E+01  1.5136E+01     4.6030E-02     2.4680E-04     5.3617E-03
   479     1.5136E+01  1.4454E+01     4.6105E-02     2.4720E-04     5.3617E-03
   480     1.4454E+01  1.3804E+01     4.6013E-02     2.4671E-04     5.3618E-03
   481     1.3804E+01  1.3183E+01     4.6030E-02     2.4680E-04     5.3617E-03
   482     1.3183E+01  1.2589E+01     4.6105E-02     2.4720E-04     5.3617E-03
   483     1.2589E+01  1.2023E+01     4.6002E-02     2.4665E-04     5.3617E-03
   484     1.2023E+01  1.1482E+01     4.6041E-02     2.4686E-04     5.3618E-03
   485     1.1482E+01  1.0965E+01     4.6072E-02     2.4702E-04     5.3616E-03
   486     1.0965E+01  1.0471E+01     4.6099E-02     2.4717E-04     5.3617E-03
   487     1.0471E+01  1.0000E+01     4.6024E-02     2.4677E-04     5.3617E-03
   488     1.0000E+01  9.9750E+00     2.5031E-03     1.3830E-05     5.5251E-03
   489     9.9750E+00  9.9500E+00     2.5094E-03     1.3900E-05     5.5391E-03
   490     9.9500E+00  9.9250E+00     2.5157E-03     1.3960E-05     5.5491E-03
   491     9.9250E+00  9.9000E+00     2.5221E-03     1.4010E-05     5.5550E-03
   492     9.9000E+00  9.8750E+00     2.5284E-03     1.4050E-05     5.5568E-03
   493     9.8750E+00  9.8500E+00     2.5349E-03     1.4080E-05     5.5546E-03
   494     9.8500E+00  9.8250E+00     2.5413E-03     1.4110E-05     5.5523E-03
   495     9.8250E+00  9.8000E+00     2.5478E-03     1.4140E-05     5.5499E-03
   496     9.8000E+00  9.7750E+00     2.5543E-03     1.4160E-05     5.5436E-03
   497     9.7750E+00  9.7500E+00     2.5608E-03     1.4180E-05     5.5373E-03
   498     9.7500E+00  9.7250E+00     2.5674E-03     1.4200E-05     5.5309E-03
   499     9.7250E+00  9.7000E+00     2.5740E-03     1.4230E-05     5.5284E-03
   500     9.7000E+00  9.6750E+00     2.5806E-03     1.4250E-05     5.5219E-03
   501     9.6750E+00  9.6500E+00     2.5873E-03     1.4280E-05     5.5192E-03
   502     9.6500E+00  9.6250E+00     2.5940E-03     1.4310E-05     5.5165E-03
   503     9.6250E+00  9.6000E+00     2.6008E-03     1.4340E-05     5.5137E-03
   504     9.6000E+00  9.5750E+00     2.6076E-03     1.4370E-05     5.5109E-03
   505     9.5750E+00  9.5500E+00     2.6144E-03     1.4380E-05     5.5003E-03
   506     9.5500E+00  9.5250E+00     2.6212E-03     1.4390E-05     5.4898E-03
   507     9.5250E+00  9.5000E+00     2.6281E-03     1.4380E-05     5.4716E-03
   508     9.5000E+00  9.4750E+00     2.6350E-03     1.4360E-05     5.4496E-03
   509     9.4750E+00  9.4500E+00     2.6420E-03     1.4320E-05     5.4201E-03
   510     9.4500E+00  9.4250E+00     2.6490E-03     1.4250E-05     5.3794E-03
   511     9.4250E+00  9.4000E+00     2.6560E-03     1.4160E-05     5.3312E-03
   512     9.4000E+00  9.3750E+00     2.6631E-03     1.4060E-05     5.2795E-03
   513     9.3750E+00  9.3500E+00     2.6702E-03     1.3950E-05     5.2243E-03
   514     9.3500E+00  9.3250E+00     2.6774E-03     1.3850E-05     5.1730E-03
   515     9.3250E+00  9.3000E+00     2.6846E-03     1.3770E-05     5.1293E-03
   516     9.3000E+00  9.2750E+00     2.6918E-03     1.3730E-05     5.1007E-03
   517     9.2750E+00  9.2500E+00     2.6991E-03     1.3730E-05     5.0870E-03
   518     9.2500E+00  9.2250E+00     2.7064E-03     1.3770E-05     5.0880E-03
   519     9.2250E+00  9.2000E+00     2.7137E-03     1.3840E-05     5.1000E-03
   520     9.2000E+00  9.1750E+00     2.7211E-03     1.3930E-05     5.1193E-03
   521     9.1750E+00  9.1500E+00     2.7285E-03     1.4000E-05     5.1310E-03
   522     9.1500E+00  9.1250E+00     2.7360E-03     1.4050E-05     5.1353E-03
   523     9.1250E+00  9.1000E+00     2.7435E-03     1.4070E-05     5.1285E-03
   524     9.1000E+00  9.0750E+00     2.7510E-03     1.4040E-05     5.1035E-03
   525     9.0750E+00  9.0500E+00     2.7586E-03     1.3970E-05     5.0641E-03
   526     9.0500E+00  9.0250E+00     2.7663E-03     1.3830E-05     4.9995E-03
   527     9.0250E+00  9.0000E+00     2.7739E-03     1.3630E-05     4.9136E-03
   528     9.0000E+00  8.9750E+00     2.7816E-03     1.3350E-05     4.7993E-03
   529     8.9750E+00  8.9500E+00     2.7894E-03     1.2990E-05     4.6569E-03
   530     8.9500E+00  8.9250E+00     2.7972E-03     1.2530E-05     4.4795E-03
   531     8.9250E+00  8.9000E+00     2.8051E-03     1.2000E-05     4.2780E-03
   532     8.9000E+00  8.8750E+00     2.8129E-03     1.1430E-05     4.0634E-03
   533     8.8750E+00  8.8500E+00     2.8209E-03     1.0870E-05     3.8534E-03
   534     8.8500E+00  8.8250E+00     2.8289E-03     1.0380E-05     3.6693E-03
   535     8.8250E+00  8.8000E+00     2.8369E-03     1.0010E-05     3.5285E-03
   536     8.8000E+00  8.7750E+00     2.8450E-03     9.7912E-06     3.4416E-03
   537     8.7750E+00  8.7500E+00     2.8531E-03     9.7549E-06     3.4191E-03
   538     8.7500E+00  8.7250E+00     2.8612E-03     9.9048E-06     3.4617E-03
   539     8.7250E+00  8.7000E+00     2.8694E-03     1.0230E-05     3.5652E-03
   540     8.7000E+00  8.6750E+00     2.8777E-03     1.0710E-05     3.7217E-03
   541     8.6750E+00  8.6500E+00     2.8860E-03     1.1290E-05     3.9120E-03
   542     8.6500E+00  8.6250E+00     2.8944E-03     1.1930E-05     4.1218E-03
   543     8.6250E+00  8.6000E+00     2.9028E-03     1.2570E-05     4.3304E-03
   544     8.6000E+00  8.5750E+00     2.9112E-03     1.3170E-05     4.5239E-03
   545     8.5750E+00  8.5500E+00     2.9197E-03     1.3690E-05     4.6888E-03
   546     8.5500E+00  8.5250E+00     2.9283E-03     1.4130E-05     4.8254E-03
   547     8.5250E+00  8.5000E+00     2.9369E-03     1.4510E-05     4.9407E-03
   548     8.5000E+00  8.4750E+00     2.9455E-03     1.4810E-05     5.0280E-03
   549     8.4750E+00  8.4500E+00     2.9542E-03     1.5070E-05     5.1012E-03
   550     8.4500E+00  8.4250E+00     2.9630E-03     1.5280E-05     5.1570E-03
   551     8.4250E+00  8.4000E+00     2.9718E-03     1.5460E-05     5.2023E-03
   552     8.4000E+00  8.3750E+00     2.9806E-03     1.5620E-05     5.2405E-03
   553     8.3750E+00  8.3500E+00     2.9895E-03     1.5750E-05     5.2684E-03
   554     8.3500E+00  8.3250E+00     2.9985E-03     1.5870E-05     5.2926E-03
   555     8.3250E+00  8.3000E+00     3.0075E-03     1.5980E-05     5.3133E-03
   556     8.3000E+00  8.2750E+00     3.0166E-03     1.6070E-05     5.3272E-03
   557     8.2750E+00  8.2500E+00     3.0257E-03     1.6160E-05     5.3409E-03
   558     8.2500E+00  8.2250E+00     3.0349E-03     1.6240E-05     5.3511E-03
   559     8.2250E+00  8.2000E+00     3.0441E-03     1.6310E-05     5.3578E-03
   560     8.2000E+00  8.1750E+00     3.0534E-03     1.6380E-05     5.3644E-03
   561     8.1750E+00  8.1500E+00     3.0628E-03     1.6430E-05     5.3644E-03
   562     8.1500E+00  8.1250E+00     3.0722E-03     1.6490E-05     5.3675E-03
   563     8.1250E+00  8.1000E+00     3.0817E-03     1.6540E-05     5.3672E-03
   564     8.1000E+00  8.0750E+00     3.0912E-03     1.6590E-05     5.3669E-03
   565     8.0750E+00  8.0500E+00     3.1008E-03     1.6630E-05     5.3632E-03
   566     8.0500E+00  8.0250E+00     3.1104E-03     1.6670E-05     5.3594E-03
   567     8.0250E+00  8.0000E+00     3.1201E-03     1.6700E-05     5.3523E-03
   568     8.0000E+00  7.9750E+00     3.1299E-03     1.6740E-05     5.3484E-03
   569     7.9750E+00  7.9500E+00     3.1397E-03     1.6760E-05     5.3381E-03
   570     7.9500E+00  7.9250E+00     3.1496E-03     1.6790E-05     5.3308E-03
   571     7.9250E+00  7.9000E+00     3.1596E-03     1.6800E-05     5.3172E-03
   572     7.9000E+00  7.8750E+00     3.1696E-03     1.6810E-05     5.3036E-03
   573     7.8750E+00  7.8500E+00     3.1797E-03     1.6820E-05     5.2899E-03
   574     7.8500E+00  7.8250E+00     3.1898E-03     1.6830E-05     5.2762E-03
   575     7.8250E+00  7.8000E+00     3.2000E-03     1.6860E-05     5.2687E-03
   576     7.8000E+00  7.7750E+00     3.2103E-03     1.6800E-05     5.2332E-03
   577     7.7750E+00  7.7500E+00     3.2206E-03     1.6830E-05     5.2257E-03
   578     7.7500E+00  7.7250E+00     3.2310E-03     1.6830E-05     5.2089E-03
   579     7.7250E+00  7.7000E+00     3.2415E-03     1.6830E-05     5.1921E-03
   580     7.7000E+00  7.6750E+00     3.2520E-03     1.6840E-05     5.1783E-03
   581     7.6750E+00  7.6500E+00     3.2626E-03     1.6840E-05     5.1615E-03
   582     7.6500E+00  7.6250E+00     3.2733E-03     1.6840E-05     5.1446E-03
   583     7.6250E+00  7.6000E+00     3.2841E-03     1.6840E-05     5.1278E-03
   584     7.6000E+00  7.5750E+00     3.2949E-03     1.6840E-05     5.1109E-03
   585     7.5750E+00  7.5500E+00     3.3058E-03     1.6820E-05     5.0880E-03
   586     7.5500E+00  7.5250E+00     3.3168E-03     1.6800E-05     5.0652E-03
   587     7.5250E+00  7.5000E+00     3.3278E-03     1.6770E-05     5.0394E-03
   588     7.5000E+00  7.4750E+00     3.3389E-03     1.6730E-05     5.0106E-03
   589     7.4750E+00  7.4500E+00     3.3501E-03     1.6670E-05     4.9760E-03
   590     7.4500E+00  7.4250E+00     3.3613E-03     1.6600E-05     4.9385E-03
   591     7.4250E+00  7.4000E+00     3.3727E-03     1.6520E-05     4.8982E-03
   592     7.4000E+00  7.3750E+00     3.3841E-03     1.6420E-05     4.8521E-03
   593     7.3750E+00  7.3500E+00     3.3956E-03     1.6300E-05     4.8003E-03
   594     7.3500E+00  7.3250E+00     3.4072E-03     1.6160E-05     4.7430E-03
   595     7.3250E+00  7.3000E+00     3.4188E-03     1.5990E-05     4.6771E-03
   596     7.3000E+00  7.2750E+00     3.4305E-03     1.5780E-05     4.5999E-03
   597     7.2750E+00  7.2500E+00     3.4423E-03     1.5530E-05     4.5115E-03
   598     7.2500E+00  7.2250E+00     3.4542E-03     1.5220E-05     4.4062E-03
   599     7.2250E+00  7.2000E+00     3.4662E-03     1.4840E-05     4.2813E-03
   600     7.2000E+00  7.1750E+00     3.4783E-03     1.4390E-05     4.1371E-03
   601     7.1750E+00  7.1500E+00     3.4904E-03     1.3890E-05     3.9795E-03
   602     7.1500E+00  7.1250E+00     3.5026E-03     1.3360E-05     3.8143E-03
   603     7.1250E+00  7.1000E+00     3.5149E-03     1.2830E-05     3.6501E-03
   604     7.1000E+00  7.0750E+00     3.5273E-03     1.2330E-05     3.4956E-03
   605     7.0750E+00  7.0500E+00     3.5398E-03     1.1840E-05     3.3448E-03
   606     7.0500E+00  7.0250E+00     3.5524E-03     1.1330E-05     3.1894E-03
   607     7.0250E+00  7.0000E+00     3.5651E-03     1.0760E-05     3.0182E-03
   608     7.0000E+00  6.9750E+00     3.5778E-03     1.0070E-05     2.8146E-03
   609     6.9750E+00  6.9500E+00     3.5907E-03     9.1830E-06     2.5575E-03
   610     6.9500E+00  6.9250E+00     3.6036E-03     8.0399E-06     2.2311E-03
   611     6.9250E+00  6.9000E+00     3.6166E-03     6.5800E-06     1.8194E-03
   612     6.9000E+00  6.8750E+00     3.6298E-03     4.8590E-06     1.3387E-03
   613     6.8750E+00  6.8500E+00     3.6430E-03     3.1660E-06     8.6907E-04
   614     6.8500E+00  6.8250E+00     3.6563E-03     1.8600E-06     5.0871E-04
   615     6.8250E+00  6.8000E+00     3.6697E-03     1.0810E-06     2.9457E-04
   616     6.8000E+00  6.7750E+00     3.6832E-03     6.2411E-07     1.6945E-04
   617     6.7750E+00  6.7500E+00     3.6969E-03     3.8650E-07     1.0455E-04
   618     6.7500E+00  6.7250E+00     3.7106E-03     2.6430E-07     7.1229E-05
   619     6.7250E+00  6.7000E+00     3.7244E-03     2.0270E-07     5.4425E-05
   620     6.7000E+00  6.6750E+00     3.7383E-03     1.7570E-07     4.7000E-05
   621     6.6750E+00  6.6500E+00     3.7523E-03     1.7270E-07     4.6024E-05
   622     6.6500E+00  6.6250E+00     3.7665E-03     1.9250E-07     5.1109E-05
   623     6.6250E+00  6.6000E+00     3.7807E-03     2.4270E-07     6.4194E-05
   624     6.6000E+00  6.5750E+00     3.7951E-03     3.4330E-07     9.0459E-05
   625     6.5750E+00  6.5500E+00     3.8095E-03     5.3929E-07     1.4156E-04
   626     6.5500E+00  6.5250E+00     3.8241E-03     9.1790E-07     2.4003E-04
   627     6.5250E+00  6.5000E+00     3.8388E-03     1.5940E-06     4.1524E-04
   628     6.5000E+00  6.4750E+00     3.8536E-03     2.7340E-06     7.0947E-04
   629     6.4750E+00  6.4500E+00     3.8685E-03     4.2100E-06     1.0883E-03
   630     6.4500E+00  6.4250E+00     3.8835E-03     5.6249E-06     1.4484E-03
   631     6.4250E+00  6.4000E+00     3.8986E-03     6.7240E-06     1.7247E-03
   632     6.4000E+00  6.3750E+00     3.9139E-03     7.5730E-06     1.9349E-03
   633     6.3750E+00  6.3500E+00     3.9293E-03     8.3440E-06     2.1235E-03
   634     6.3500E+00  6.3250E+00     3.9448E-03     9.1470E-06     2.3188E-03
   635     6.3250E+00  6.3000E+00     3.9604E-03     1.0010E-05     2.5275E-03
   636     6.3000E+00  6.2750E+00     3.9761E-03     1.0890E-05     2.7388E-03
   637     6.2750E+00  6.2500E+00     3.9920E-03     1.1730E-05     2.9384E-03
   638     6.2500E+00  6.2250E+00     4.0080E-03     1.2500E-05     3.1187E-03
   639     6.2250E+00  6.2000E+00     4.0242E-03     1.3180E-05     3.2752E-03
   640     6.2000E+00  6.1750E+00     4.0404E-03     1.3770E-05     3.4081E-03
   641     6.1750E+00  6.1500E+00     4.0568E-03     1.4300E-05     3.5249E-03
   642     6.1500E+00  6.1250E+00     4.0733E-03     1.4780E-05     3.6285E-03
   643     6.1250E+00  6.1000E+00     4.0900E-03     1.5230E-05     3.7237E-03
   644     6.1000E+00  6.0750E+00     4.1068E-03     1.5640E-05     3.8083E-03
   645     6.0750E+00  6.0500E+00     4.1237E-03     1.6030E-05     3.8873E-03
   646     6.0500E+00  6.0250E+00     4.1408E-03     1.6390E-05     3.9582E-03
   647     6.0250E+00  6.0000E+00     4.1580E-03     1.6730E-05     4.0236E-03
   648     6.0000E+00  5.9750E+00     4.1754E-03     1.7020E-05     4.0763E-03
   649     5.9750E+00  5.9500E+00     4.1929E-03     1.7300E-05     4.1260E-03
   650     5.9500E+00  5.9250E+00     4.2105E-03     1.7560E-05     4.1705E-03
   651     5.9250E+00  5.9000E+00     4.2283E-03     1.7810E-05     4.2121E-03
   652     5.9000E+00  5.8750E+00     4.2463E-03     1.8030E-05     4.2461E-03
   653     5.8750E+00  5.8500E+00     4.2644E-03     1.8260E-05     4.2820E-03
   654     5.8500E+00  5.8250E+00     4.2827E-03     1.8450E-05     4.3081E-03
   655     5.8250E+00  5.8000E+00     4.3011E-03     1.8640E-05     4.3338E-03
   656     5.8000E+00  5.7750E+00     4.3197E-03     1.8820E-05     4.3568E-03
   657     5.7750E+00  5.7500E+00     4.3384E-03     1.9000E-05     4.3795E-03
   658     5.7500E+00  5.7250E+00     4.3573E-03     1.9180E-05     4.4018E-03
   659     5.7250E+00  5.7000E+00     4.3764E-03     1.9330E-05     4.4169E-03
   660     5.7000E+00  5.6750E+00     4.3956E-03     1.9490E-05     4.4340E-03
   661     5.6750E+00  5.6500E+00     4.4150E-03     1.9640E-05     4.4485E-03
   662     5.6500E+00  5.6250E+00     4.4346E-03     1.9790E-05     4.4626E-03
   663     5.6250E+00  5.6000E+00     4.4544E-03     1.9940E-05     4.4765E-03
   664     5.6000E+00  5.5750E+00     4.4743E-03     2.0100E-05     4.4923E-03
   665     5.5750E+00  5.5500E+00     4.4944E-03     2.0240E-05     4.5034E-03
   666     5.5500E+00  5.5250E+00     4.5147E-03     2.0390E-05     4.5164E-03
   667     5.5250E+00  5.5000E+00     4.5352E-03     2.0550E-05     4.5313E-03
   668     5.5000E+00  5.4750E+00     4.5558E-03     2.0710E-05     4.5458E-03
   669     5.4750E+00  5.4500E+00     4.5767E-03     2.0870E-05     4.5601E-03
   670     5.4500E+00  5.4250E+00     4.5977E-03     2.1040E-05     4.5762E-03
   671     5.4250E+00  5.4000E+00     4.6189E-03     2.1200E-05     4.5898E-03
   672     5.4000E+00  5.3750E+00     4.6404E-03     2.1360E-05     4.6031E-03
   673     5.3750E+00  5.3500E+00     4.6620E-03     2.1520E-05     4.6160E-03
   674     5.3500E+00  5.3250E+00     4.6838E-03     2.1660E-05     4.6244E-03
   675     5.3250E+00  5.3000E+00     4.7059E-03     2.1770E-05     4.6261E-03
   676     5.3000E+00  5.2750E+00     4.7281E-03     2.1760E-05     4.6022E-03
   677     5.2750E+00  5.2500E+00     4.7506E-03     2.1640E-05     4.5552E-03
   678     5.2500E+00  5.2250E+00     4.7733E-03     2.1380E-05     4.4791E-03
   679     5.2250E+00  5.2000E+00     4.7962E-03     2.1080E-05     4.3952E-03
   680     5.2000E+00  5.1750E+00     4.8193E-03     2.0830E-05     4.3222E-03
   681     5.1750E+00  5.1500E+00     4.8426E-03     2.0820E-05     4.2993E-03
   682     5.1500E+00  5.1250E+00     4.8662E-03     2.1090E-05     4.3340E-03
   683     5.1250E+00  5.1000E+00     4.8900E-03     2.1640E-05     4.4254E-03
   684     5.1000E+00  5.0750E+00     4.9140E-03     2.2340E-05     4.5462E-03
   685     5.0750E+00  5.0500E+00     4.9383E-03     2.3010E-05     4.6595E-03
   686     5.0500E+00  5.0250E+00     4.9628E-03     2.3570E-05     4.7493E-03
   687     5.0250E+00  5.0000E+00     4.9875E-03     2.3950E-05     4.8020E-03
   688     5.0000E+00  4.9750E+00     5.0125E-03     2.4150E-05     4.8179E-03
   689     4.9750E+00  4.9500E+00     5.0378E-03     2.4170E-05     4.7977E-03
   690     4.9500E+00  4.9250E+00     5.0633E-03     2.4010E-05     4.7420E-03
   691     4.9250E+00  4.9000E+00     5.0891E-03     2.3720E-05     4.6610E-03
   692     4.9000E+00  4.8750E+00     5.1151E-03     2.3430E-05     4.5806E-03
   693     4.8750E+00  4.8500E+00     5.1414E-03     2.3270E-05     4.5260E-03
   694     4.8500E+00  4.8250E+00     5.1680E-03     2.3380E-05     4.5240E-03
   695     4.8250E+00  4.8000E+00     5.1948E-03     2.3770E-05     4.5757E-03
   696     4.8000E+00  4.7750E+00     5.2219E-03     2.4380E-05     4.6688E-03
   697     4.7750E+00  4.7500E+00     5.2494E-03     2.5040E-05     4.7701E-03
   698     4.7500E+00  4.7250E+00     5.2771E-03     2.5660E-05     4.8626E-03
   699     4.7250E+00  4.7000E+00     5.3051E-03     2.6160E-05     4.9311E-03
   700     4.7000E+00  4.6750E+00     5.3333E-03     2.6560E-05     4.9800E-03
   701     4.6750E+00  4.6500E+00     5.3619E-03     2.6870E-05     5.0112E-03
   702     4.6500E+00  4.6250E+00     5.3908E-03     2.7140E-05     5.0345E-03
   703     4.6250E+00  4.6000E+00     5.4201E-03     2.7370E-05     5.0498E-03
   704     4.6000E+00  4.5750E+00     5.4496E-03     2.7610E-05     5.0664E-03
   705     4.5750E+00  4.5500E+00     5.4795E-03     2.7790E-05     5.0717E-03
   706     4.5500E+00  4.5250E+00     5.5097E-03     2.7980E-05     5.0784E-03
   707     4.5250E+00  4.5000E+00     5.5402E-03     2.8140E-05     5.0793E-03
   708     4.5000E+00  4.4750E+00     5.5710E-03     2.8270E-05     5.0745E-03
   709     4.4750E+00  4.4500E+00     5.6023E-03     2.8380E-05     5.0658E-03
   710     4.4500E+00  4.4250E+00     5.6338E-03     2.8490E-05     5.0570E-03
   711     4.4250E+00  4.4000E+00     5.6657E-03     2.8630E-05     5.0532E-03
   712     4.4000E+00  4.3750E+00     5.6980E-03     2.8830E-05     5.0597E-03
   713     4.3750E+00  4.3500E+00     5.7307E-03     2.9080E-05     5.0744E-03
   714     4.3500E+00  4.3250E+00     5.7637E-03     2.9360E-05     5.0939E-03
   715     4.3250E+00  4.3000E+00     5.7971E-03     2.9640E-05     5.1129E-03
   716     4.3000E+00  4.2750E+00     5.8309E-03     2.9900E-05     5.1278E-03
   717     4.2750E+00  4.2500E+00     5.8651E-03     3.0150E-05     5.1406E-03
   718     4.2500E+00  4.2250E+00     5.8997E-03     3.0380E-05     5.1494E-03
   719     4.2250E+00  4.2000E+00     5.9347E-03     3.0610E-05     5.1578E-03
   720     4.2000E+00  4.1750E+00     5.9702E-03     3.0850E-05     5.1674E-03
   721     4.1750E+00  4.1500E+00     6.0060E-03     3.1110E-05     5.1798E-03
   722     4.1500E+00  4.1250E+00     6.0423E-03     3.1400E-05     5.1967E-03
   723     4.1250E+00  4.1000E+00     6.0790E-03     3.1740E-05     5.2212E-03
   724     4.1000E+00  4.0750E+00     6.1162E-03     3.2180E-05     5.2614E-03
   725     4.0750E+00  4.0500E+00     6.1539E-03     3.2799E-05     5.3298E-03
   726     4.0500E+00  4.0250E+00     6.1920E-03     3.3690E-05     5.4409E-03
   727     4.0250E+00  4.0000E+00     6.2305E-03     3.5060E-05     5.6271E-03
   728     4.0000E+00  3.9750E+00     6.2696E-03     3.4410E-05     5.4884E-03
   729     3.9750E+00  3.9500E+00     6.3092E-03     3.3540E-05     5.3161E-03
   730     3.9500E+00  3.9250E+00     6.3492E-03     3.2500E-05     5.1187E-03
   731     3.9250E+00  3.9000E+00     6.3898E-03     3.2600E-05     5.1019E-03
   732     3.9000E+00  3.8750E+00     6.4309E-03     3.3040E-05     5.1377E-03
   733     3.8750E+00  3.8500E+00     6.4725E-03     3.3390E-05     5.1587E-03
   734     3.8500E+00  3.8250E+00     6.5147E-03     3.3570E-05     5.1530E-03
   735     3.8250E+00  3.8000E+00     6.5574E-03     3.3830E-05     5.1591E-03
   736     3.8000E+00  3.7750E+00     6.6007E-03     3.4170E-05     5.1767E-03
   737     3.7750E+00  3.7500E+00     6.6445E-03     3.4340E-05     5.1682E-03
   738     3.7500E+00  3.7250E+00     6.6890E-03     3.4370E-05     5.1383E-03
   739     3.7250E+00  3.7000E+00     6.7340E-03     3.4250E-05     5.0861E-03
   740     3.7000E+00  3.6750E+00     6.7797E-03     3.3970E-05     5.0106E-03
   741     3.6750E+00  3.6500E+00     6.8260E-03     3.3540E-05     4.9136E-03
   742     3.6500E+00  3.6250E+00     6.8729E-03     3.3290E-05     4.8437E-03
   743     3.6250E+00  3.6000E+00     6.9204E-03     3.3240E-05     4.8032E-03
   744     3.6000E+00  3.5750E+00     6.9687E-03     3.3600E-05     4.8216E-03
   745     3.5750E+00  3.5500E+00     7.0176E-03     3.4140E-05     4.8649E-03
   746     3.5500E+00  3.5250E+00     7.0672E-03     3.4930E-05     4.9426E-03
   747     3.5250E+00  3.5000E+00     7.1175E-03     3.5620E-05     5.0046E-03
   748     3.5000E+00  3.4750E+00     7.1685E-03     3.6310E-05     5.0652E-03
   749     3.4750E+00  3.4500E+00     7.2202E-03     3.6800E-05     5.0968E-03
   750     3.4500E+00  3.4250E+00     7.2728E-03     3.7280E-05     5.1260E-03
   751     3.4250E+00  3.4000E+00     7.3260E-03     3.7730E-05     5.1501E-03
   752     3.4000E+00  3.3750E+00     7.3801E-03     3.7970E-05     5.1449E-03
   753     3.3750E+00  3.3500E+00     7.4350E-03     3.8270E-05     5.1473E-03
   754     3.3500E+00  3.3250E+00     7.4907E-03     3.8560E-05     5.1477E-03
   755     3.3250E+00  3.3000E+00     7.5472E-03     3.8770E-05     5.1370E-03
   756     3.3000E+00  3.2750E+00     7.6046E-03     3.8850E-05     5.1088E-03
   757     3.2750E+00  3.2500E+00     7.6629E-03     3.8920E-05     5.0790E-03
   758     3.2500E+00  3.2250E+00     7.7220E-03     3.8940E-05     5.0427E-03
   759     3.2250E+00  3.2000E+00     7.7821E-03     3.8910E-05     4.9999E-03
   760     3.2000E+00  3.1750E+00     7.8432E-03     3.8790E-05     4.9457E-03
   761     3.1750E+00  3.1500E+00     7.9052E-03     3.8800E-05     4.9082E-03
   762     3.1500E+00  3.1250E+00     7.9682E-03     3.8960E-05     4.8895E-03
   763     3.1250E+00  3.1000E+00     8.0322E-03     3.9300E-05     4.8928E-03
   764     3.1000E+00  3.0750E+00     8.0972E-03     3.9750E-05     4.9091E-03
   765     3.0750E+00  3.0500E+00     8.1633E-03     4.0370E-05     4.9453E-03
   766     3.0500E+00  3.0250E+00     8.2305E-03     4.1050E-05     4.9875E-03
   767     3.0250E+00  3.0000E+00     8.2988E-03     4.1530E-05     5.0043E-03
   768     3.0000E+00  2.9750E+00     8.3682E-03     4.2100E-05     5.0309E-03
   769     2.9750E+00  2.9500E+00     8.4389E-03     4.2550E-05     5.0421E-03
   770     2.9500E+00  2.9250E+00     8.5107E-03     4.3100E-05     5.0642E-03
   771     2.9250E+00  2.9000E+00     8.5837E-03     4.3420E-05     5.0584E-03
   772     2.9000E+00  2.8750E+00     8.6581E-03     4.3840E-05     5.0635E-03
   773     2.8750E+00  2.8500E+00     8.7337E-03     4.4330E-05     5.0758E-03
   774     2.8500E+00  2.8250E+00     8.8106E-03     4.4740E-05     5.0780E-03
   775     2.8250E+00  2.8000E+00     8.8889E-03     4.5200E-05     5.0850E-03
   776     2.8000E+00  2.7750E+00     8.9687E-03     4.5730E-05     5.0989E-03
   777     2.7750E+00  2.7500E+00     9.0498E-03     4.6250E-05     5.1106E-03
   778     2.7500E+00  2.7250E+00     9.1325E-03     4.6760E-05     5.1202E-03
   779     2.7250E+00  2.7000E+00     9.2167E-03     4.7250E-05     5.1266E-03
   780     2.7000E+00  2.6750E+00     9.3024E-03     4.7550E-05     5.1116E-03
   781     2.6750E+00  2.6500E+00     9.3897E-03     4.7780E-05     5.0885E-03
   782     2.6500E+00  2.6250E+00     9.4787E-03     4.8060E-05     5.0703E-03
   783     2.6250E+00  2.6000E+00     9.5695E-03     4.8250E-05     5.0421E-03
   784     2.6000E+00  2.5750E+00     9.6619E-03     4.8720E-05     5.0425E-03
   785     2.5750E+00  2.5500E+00     9.7562E-03     4.9010E-05     5.0235E-03
   786     2.5500E+00  2.5250E+00     9.8523E-03     4.9600E-05     5.0344E-03
   787     2.5250E+00  2.5000E+00     9.9503E-03     5.0540E-05     5.0792E-03
   788     2.5000E+00  2.4750E+00     1.0050E-02     5.1210E-05     5.0954E-03
   789     2.4750E+00  2.4500E+00     1.0152E-02     5.2120E-05     5.1338E-03
   790     2.4500E+00  2.4250E+00     1.0257E-02     5.2950E-05     5.1626E-03
   791     2.4250E+00  2.4000E+00     1.0363E-02     5.3840E-05     5.1955E-03
   792     2.4000E+00  2.3750E+00     1.0471E-02     5.4560E-05     5.2104E-03
   793     2.3750E+00  2.3500E+00     1.0582E-02     5.5400E-05     5.2353E-03
   794     2.3500E+00  2.3250E+00     1.0695E-02     5.5930E-05     5.2294E-03
   795     2.3250E+00  2.3000E+00     1.0811E-02     5.6800E-05     5.2539E-03
   796     2.3000E+00  2.2750E+00     1.0929E-02     5.7400E-05     5.2520E-03
   797     2.2750E+00  2.2500E+00     1.1050E-02     5.8120E-05     5.2598E-03
   798     2.2500E+00  2.2250E+00     1.1173E-02     5.8730E-05     5.2563E-03
   799     2.2250E+00  2.2000E+00     1.1300E-02     5.9490E-05     5.2648E-03
   800     2.2000E+00  2.1750E+00     1.1429E-02     6.0230E-05     5.2701E-03
   801     2.1750E+00  2.1500E+00     1.1561E-02     6.0680E-05     5.2488E-03
   802     2.1500E+00  2.1250E+00     1.1696E-02     6.1190E-05     5.2317E-03
   803     2.1250E+00  2.1000E+00     1.1834E-02     6.1540E-05     5.2001E-03
   804     2.1000E+00  2.0750E+00     1.1976E-02     6.1490E-05     5.1344E-03
   805     2.0750E+00  2.0500E+00     1.2121E-02     6.1470E-05     5.0712E-03
   806     2.0500E+00  2.0250E+00     1.2270E-02     6.1710E-05     5.0293E-03
   807     2.0250E+00  2.0000E+00     1.2423E-02     6.2790E-05     5.0545E-03
   808     2.0000E+00  1.9750E+00     1.2579E-02     6.4350E-05     5.1158E-03
   809     1.9750E+00  1.9500E+00     1.2739E-02     6.5990E-05     5.1801E-03
   810     1.9500E+00  1.9250E+00     1.2903E-02     6.7520E-05     5.2327E-03
   811     1.9250E+00  1.9000E+00     1.3072E-02     6.8930E-05     5.2731E-03
   812     1.9000E+00  1.8750E+00     1.3245E-02     7.0040E-05     5.2879E-03
   813     1.8750E+00  1.8500E+00     1.3423E-02     7.1290E-05     5.3110E-03
   814     1.8500E+00  1.8250E+00     1.3606E-02     7.2320E-05     5.3154E-03
   815     1.8250E+00  1.8000E+00     1.3793E-02     7.3710E-05     5.3439E-03
   816     1.8000E+00  1.7750E+00     1.3986E-02     7.4660E-05     5.3381E-03
   817     1.7750E+00  1.7500E+00     1.4185E-02     7.5840E-05     5.3466E-03
   818     1.7500E+00  1.7250E+00     1.4389E-02     7.7030E-05     5.3535E-03
   819     1.7250E+00  1.7000E+00     1.4599E-02     7.8200E-05     5.3566E-03
   820     1.7000E+00  1.6750E+00     1.4815E-02     7.9710E-05     5.3803E-03
   821     1.6750E+00  1.6500E+00     1.5038E-02     8.0800E-05     5.3731E-03
   822     1.6500E+00  1.6250E+00     1.5267E-02     8.2150E-05     5.3807E-03
   823     1.6250E+00  1.6000E+00     1.5504E-02     8.3520E-05     5.3869E-03
   824     1.6000E+00  1.5750E+00     1.5748E-02     8.4880E-05     5.3898E-03
   825     1.5750E+00  1.5500E+00     1.6000E-02     8.6570E-05     5.4105E-03
   826     1.5500E+00  1.5250E+00     1.6261E-02     8.7800E-05     5.3996E-03
   827     1.5250E+00  1.5000E+00     1.6529E-02     8.9360E-05     5.4062E-03
   828     1.5000E+00  1.4750E+00     1.6807E-02     9.0940E-05     5.4108E-03
   829     1.4750E+00  1.4500E+00     1.7094E-02     9.2520E-05     5.4123E-03
   830     1.4500E+00  1.4250E+00     1.7392E-02     9.4430E-05     5.4296E-03
   831     1.4250E+00  1.4000E+00     1.7700E-02     9.6070E-05     5.4278E-03
   832     1.4000E+00  1.3750E+00     1.8019E-02     9.7600E-05     5.4167E-03
   833     1.3750E+00  1.3500E+00     1.8349E-02     9.9350E-05     5.4144E-03
   834     1.3500E+00  1.3250E+00     1.8692E-02     1.0100E-04     5.4033E-03
   835     1.3250E+00  1.3000E+00     1.9048E-02     1.0300E-04     5.4073E-03
   836     1.3000E+00  1.2750E+00     1.9418E-02     1.0460E-04     5.3867E-03
   837     1.2750E+00  1.2500E+00     1.9803E-02     1.0570E-04     5.3377E-03
   838     1.2500E+00  1.2250E+00     2.0203E-02     1.0680E-04     5.2864E-03
   839     1.2250E+00  1.2000E+00     2.0619E-02     1.0730E-04     5.2039E-03
   840     1.2000E+00  1.1750E+00     2.1053E-02     1.0800E-04     5.1298E-03
   841     1.1750E+00  1.1500E+00     2.1506E-02     1.0860E-04     5.0497E-03
   842     1.1500E+00  1.1250E+00     2.1979E-02     1.0960E-04     4.9866E-03
   843     1.1250E+00  1.1000E+00     2.2473E-02     1.1220E-04     4.9927E-03
   844     1.1000E+00  1.0750E+00     2.2990E-02     1.1560E-04     5.0284E-03
   845     1.0750E+00  1.0500E+00     2.3530E-02     1.2010E-04     5.1040E-03
   846     1.0500E+00  1.0250E+00     2.4098E-02     1.2390E-04     5.1416E-03
   847     1.0250E+00  1.0000E+00     2.4693E-02     1.2820E-04     5.1918E-03
   848     1.0000E+00  9.7500E-01     2.5318E-02     1.3250E-04     5.2335E-03
   849     9.7500E-01  9.5000E-01     2.5975E-02     1.3670E-04     5.2627E-03
   850     9.5000E-01  9.2500E-01     2.6668E-02     1.4190E-04     5.3209E-03
   851     9.2500E-01  9.0000E-01     2.7399E-02     1.4590E-04     5.3250E-03
   852     9.0000E-01  8.7500E-01     2.8171E-02     1.5060E-04     5.3459E-03
   853     8.7500E-01  8.5000E-01     2.8988E-02     1.5620E-04     5.3885E-03
   854     8.5000E-01  8.2500E-01     2.9853E-02     1.6080E-04     5.3864E-03
   855     8.2500E-01  8.0000E-01     3.0772E-02     1.6740E-04     5.4401E-03
   856     8.0000E-01  7.7500E-01     3.1749E-02     1.7310E-04     5.4522E-03
   857     7.7500E-01  7.5000E-01     3.2790E-02     1.7880E-04     5.4529E-03
   858     7.5000E-01  7.2500E-01     3.3902E-02     1.8560E-04     5.4747E-03
   859     7.2500E-01  7.0000E-01     3.5091E-02     1.9360E-04     5.5170E-03
   860     7.0000E-01  6.7500E-01     3.6368E-02     2.0180E-04     5.5489E-03
   861     6.7500E-01  6.5000E-01     3.7740E-02     2.1030E-04     5.5723E-03
   862     6.5000E-01  6.2500E-01     3.9221E-02     2.1810E-04     5.5608E-03
   863     6.2500E-01  6.0000E-01     4.0822E-02     2.2370E-04     5.4799E-03
   864     6.0000E-01  5.7500E-01     4.2560E-02     2.3560E-04     5.5358E-03
   865     5.7500E-01  5.5000E-01     4.4452E-02     2.4760E-04     5.5701E-03
   866     5.5000E-01  5.2481E-01     4.6882E-02     2.6213E-04     5.5913E-03
   867     5.2481E-01  5.0119E-01     4.6051E-02     2.5805E-04     5.6036E-03
   868     5.0119E-01  4.7863E-01     4.6057E-02     2.6053E-04     5.6566E-03
   869     4.7863E-01  4.5709E-01     4.6048E-02     2.6324E-04     5.7167E-03
   870     4.5709E-01  4.3652E-01     4.6046E-02     2.6551E-04     5.7662E-03
   871     4.3652E-01  4.1687E-01     4.6060E-02     2.6816E-04     5.8220E-03
   872     4.1687E-01  3.9811E-01     4.6046E-02     2.7093E-04     5.8839E-03
   873     3.9811E-01  3.8019E-01     4.6057E-02     2.7568E-04     5.9856E-03
   874     3.8019E-01  3.6308E-01     4.6048E-02     2.8070E-04     6.0958E-03
   875     3.6308E-01  3.4674E-01     4.6048E-02     2.8283E-04     6.1421E-03
   876     3.4674E-01  3.3113E-01     4.6064E-02     2.8282E-04     6.1397E-03
   877     3.3113E-01  3.1623E-01     4.6041E-02     2.9101E-04     6.3206E-03
   878     3.1623E-01  3.0200E-01     4.6043E-02     2.9670E-04     6.4440E-03
   879     3.0200E-01  2.8840E-01     4.6079E-02     3.0309E-04     6.5777E-03
   880     2.8840E-01  2.7542E-01     4.6051E-02     3.0395E-04     6.6003E-03
   881     2.7542E-01  2.6303E-01     4.6029E-02     3.3323E-04     7.2395E-03
   882     2.6303E-01  2.5119E-01     4.6058E-02     3.3446E-04     7.2616E-03
   883     2.5119E-01  2.3988E-01     4.6071E-02     3.7071E-04     8.0465E-03
   884     2.3988E-01  2.2909E-01     4.6024E-02     3.7449E-04     8.1369E-03
   885     2.2909E-01  2.1878E-01     4.6048E-02     4.0316E-04     8.7552E-03
   886     2.1878E-01  2.0893E-01     4.6067E-02     4.2163E-04     9.1525E-03
   887     2.0893E-01  1.9953E-01     4.6035E-02     4.2303E-04     9.1894E-03
   888     1.9953E-01  1.9055E-01     4.6050E-02     4.5481E-04     9.8764E-03
   889     1.9055E-01  1.8197E-01     4.6073E-02     4.5376E-04     9.8488E-03
   890     1.8197E-01  1.7378E-01     4.6052E-02     4.6637E-04     1.0127E-02
   891     1.7378E-01  1.6596E-01     4.6043E-02     4.7833E-04     1.0389E-02
   892     1.6596E-01  1.5849E-01     4.6055E-02     4.8856E-04     1.0608E-02
   893     1.5849E-01  1.5136E-01     4.6030E-02     4.9890E-04     1.0838E-02
   894     1.5136E-01  1.4454E-01     4.6105E-02     5.0794E-04     1.1017E-02
   895     1.4454E-01  1.3804E-01     4.6013E-02     5.1089E-04     1.1103E-02
   896     1.3804E-01  1.3183E-01     4.6030E-02     5.1553E-04     1.1200E-02
   897     1.3183E-01  1.2589E-01     4.6105E-02     5.1730E-04     1.1220E-02
   898     1.2589E-01  1.2023E-01     4.6002E-02     5.1656E-04     1.1229E-02
   899     1.2023E-01  1.1482E-01     4.6041E-02     5.1240E-04     1.1129E-02
   900     1.1482E-01  1.0965E-01     4.6072E-02     5.1147E-04     1.1101E-02
   901     1.0965E-01  1.0471E-01     4.6099E-02     4.9721E-04     1.0786E-02
   902     1.0471E-01  1.0000E-01     4.6024E-02     4.9641E-04     1.0786E-02
   903     1.0000E-01  9.5499E-02     4.6054E-02     4.7995E-04     1.0421E-02
   904     9.5499E-02  9.1201E-02     4.6050E-02     4.7990E-04     1.0421E-02
   905     9.1201E-02  8.7096E-02     4.6055E-02     4.5922E-04     9.9711E-03
   906     8.7096E-02  8.3176E-02     4.6052E-02     4.5081E-04     9.7891E-03
   907     8.3176E-02  7.9433E-02     4.6045E-02     4.4455E-04     9.6547E-03
   908     7.9433E-02  7.5858E-02     4.6051E-02     4.1074E-04     8.9193E-03
   909     7.5858E-02  7.2444E-02     4.6049E-02     4.1073E-04     8.9193E-03
   910     7.2444E-02  6.9183E-02     4.6059E-02     3.9802E-04     8.6416E-03
   911     6.9183E-02  6.6069E-02     4.6056E-02     3.6061E-04     7.8299E-03
   912     6.6069E-02  6.3096E-02     4.6042E-02     3.6051E-04     7.8300E-03
   913     6.3096E-02  6.0256E-02     4.6055E-02     3.6061E-04     7.8299E-03
   914     6.0256E-02  5.7544E-02     4.6052E-02     3.0613E-04     6.6474E-03
   915     5.7544E-02  5.4954E-02     4.6053E-02     3.0059E-04     6.5270E-03
   916     5.4954E-02  5.2481E-02     4.6045E-02     3.0053E-04     6.5268E-03
   917     5.2481E-02  5.0119E-02     4.6051E-02     3.0057E-04     6.5269E-03
   918     5.0119E-02  4.7863E-02     4.6057E-02     2.5357E-04     5.5055E-03
   919     4.7863E-02  4.5709E-02     4.6048E-02     2.5095E-04     5.4498E-03
   920     4.5709E-02  4.3652E-02     4.6046E-02     2.2724E-04     4.9351E-03
   921     4.3652E-02  4.1687E-02     4.6060E-02     2.1512E-04     4.6705E-03
   922     4.1687E-02  3.9811E-02     4.6046E-02     2.1132E-04     4.5893E-03
   923     3.9811E-02  3.8019E-02     4.6057E-02     1.7877E-04     3.8815E-03
   924     3.8019E-02  3.6308E-02     4.6048E-02     1.7873E-04     3.8814E-03
   925     3.6308E-02  3.4674E-02     4.6048E-02     1.7143E-04     3.7229E-03
   926     3.4674E-02  3.3113E-02     4.6064E-02     1.4284E-04     3.1009E-03
   927     3.3113E-02  3.1623E-02     4.6041E-02     1.4277E-04     3.1009E-03
   928     3.1623E-02  3.0200E-02     4.6043E-02     1.4277E-04     3.1008E-03
   929     3.0200E-02  2.8840E-02     4.6079E-02     1.1514E-04     2.4988E-03
   930     2.8840E-02  2.7542E-02     4.6051E-02     1.1040E-04     2.3973E-03
   931     2.7542E-02  2.6303E-02     4.6029E-02     1.1035E-04     2.3974E-03
   932     2.6303E-02  2.5119E-02     4.6058E-02     1.1042E-04     2.3974E-03
   933     2.5119E-02  2.3988E-02     4.6071E-02     8.1013E-05     1.7584E-03
   934     2.3988E-02  2.2909E-02     4.6024E-02     7.7551E-05     1.6850E-03
   935     2.2909E-02  2.1878E-02     4.6048E-02     7.7592E-05     1.6850E-03
   936     2.1878E-02  2.0893E-02     4.6067E-02     7.7624E-05     1.6850E-03
   937     2.0893E-02  1.9953E-02     4.6035E-02     7.6093E-05     1.6529E-03
   938     1.9953E-02  1.9055E-02     4.6050E-02     4.8710E-05     1.0578E-03
   939     1.9055E-02  1.8197E-02     4.6073E-02     4.8734E-05     1.0578E-03
   940     1.8197E-02  1.7378E-02     4.6052E-02     4.8712E-05     1.0578E-03
   941     1.7378E-02  1.6596E-02     4.6043E-02     4.8703E-05     1.0578E-03
   942     1.6596E-02  1.5849E-02     4.6055E-02     4.8716E-05     1.0578E-03
   943     1.5849E-02  1.5136E-02     4.6030E-02     4.8689E-05     1.0578E-03
   944     1.5136E-02  1.4454E-02     4.6105E-02     2.9849E-05     6.4742E-04
   945     1.4454E-02  1.3804E-02     4.6013E-02     2.5193E-05     5.4752E-04
   946     1.3804E-02  1.3183E-02     4.6030E-02     2.5202E-05     5.4751E-04
   947     1.3183E-02  1.2589E-02     4.6105E-02     2.5243E-05     5.4751E-04
   948     1.2589E-02  1.2023E-02     4.6002E-02     2.5187E-05     5.4752E-04
   949     1.2023E-02  1.1482E-02     4.6041E-02     2.5208E-05     5.4751E-04
   950     1.1482E-02  1.0965E-02     4.6072E-02     2.5225E-05     5.4751E-04
   951     1.0965E-02  1.0471E-02     4.6099E-02     2.5240E-05     5.4752E-04
   952     1.0471E-02  1.0000E-02     4.6024E-02     2.5199E-05     5.4751E-04
   953     1.0000E-02  9.5499E-03     4.6054E-02     8.6840E-06     1.8856E-04
   954     9.5499E-03  9.1201E-03     4.6050E-02     8.6832E-06     1.8856E-04
   955     9.1201E-03  8.7096E-03     4.6055E-02     8.6841E-06     1.8856E-04
   956     8.7096E-03  8.3176E-03     4.6052E-02     8.6836E-06     1.8856E-04
   957     8.3176E-03  7.9433E-03     4.6045E-02     8.6823E-06     1.8856E-04
   958     7.9433E-03  7.5858E-03     4.6051E-02     8.6833E-06     1.8856E-04
   959     7.5858E-03  7.2444E-03     4.6049E-02     8.6831E-06     1.8856E-04
   960     7.2444E-03  6.9183E-03     4.6059E-02     8.6848E-06     1.8856E-04
   961     6.9183E-03  6.6069E-03     4.6056E-02     8.6842E-06     1.8856E-04
   962     6.6069E-03  6.3096E-03     4.6042E-02     8.6817E-06     1.8856E-04
   963     6.3096E-03  6.0256E-03     4.6055E-02     8.6842E-06     1.8856E-04
   964     6.0256E-03  5.7544E-03     4.6052E-02     8.6836E-06     1.8856E-04
   965     5.7544E-03  5.4954E-03     4.6053E-02     8.6838E-06     1.8856E-04
   966     5.4954E-03  5.2481E-03     4.6045E-02     8.6823E-06     1.8856E-04
   967     5.2481E-03  5.0119E-03     4.6051E-02     8.6834E-06     1.8856E-04
   968     5.0119E-03  4.7863E-03     4.6057E-02     1.4568E-06     3.1630E-05
   969     4.7863E-03  4.5709E-03     4.6048E-02     1.0632E-06     2.3089E-05
   970     4.5709E-03  4.3652E-03     4.6046E-02     1.0632E-06     2.3090E-05
   971     4.3652E-03  4.1687E-03     4.6060E-02     1.0635E-06     2.3090E-05
   972     4.1687E-03  3.9811E-03     4.6046E-02     1.0632E-06     2.3090E-05
   973     3.9811E-03  3.8019E-03     4.6057E-02     1.0635E-06     2.3091E-05
   974     3.8019E-03  3.6308E-03     4.6048E-02     1.0633E-06     2.3091E-05
   975     3.6308E-03  3.4674E-03     4.6048E-02     1.0633E-06     2.3091E-05
   976     3.4674E-03  3.3113E-03     4.6064E-02     1.0636E-06     2.3090E-05
   977     3.3113E-03  3.1623E-03     4.6041E-02     1.0631E-06     2.3090E-05
   978     3.1623E-03  3.0200E-03     4.6043E-02     1.0631E-06     2.3089E-05
   979     3.0200E-03  2.8840E-03     4.6079E-02     1.0640E-06     2.3091E-05
   980     2.8840E-03  2.7542E-03     4.6051E-02     1.0633E-06     2.3090E-05
   981     2.7542E-03  2.6303E-03     4.6029E-02     1.0628E-06     2.3090E-05
   982     2.6303E-03  2.5119E-03     4.6058E-02     1.0635E-06     2.3090E-05
   983     2.5119E-03  2.3988E-03     4.6071E-02     1.0638E-06     2.3091E-05
   984     2.3988E-03  2.2909E-03     4.6024E-02     1.0627E-06     2.3090E-05
   985     2.2909E-03  2.1878E-03     4.6048E-02     1.0633E-06     2.3091E-05
   986     2.1878E-03  2.0893E-03     4.6067E-02     1.0637E-06     2.3090E-05
   987     2.0893E-03  1.9953E-03     4.6035E-02     1.0630E-06     2.3091E-05
   988     1.9953E-03  1.9055E-03     4.6050E-02     1.0633E-06     2.3090E-05
   989     1.9055E-03  1.8197E-03     4.6073E-02     1.0638E-06     2.3090E-05
   990     1.8197E-03  1.7378E-03     4.6052E-02     1.0633E-06     2.3089E-05
   991     1.7378E-03  1.6596E-03     4.6043E-02     1.0632E-06     2.3091E-05
   992     1.6596E-03  1.5849E-03     4.6055E-02     1.0634E-06     2.3090E-05
   993     1.5849E-03  1.5136E-03     4.6030E-02     1.0629E-06     2.3091E-05
   994     1.5136E-03  1.4454E-03     4.6105E-02     1.0646E-06     2.3091E-05
   995     1.4454E-03  1.3804E-03     4.6013E-02     1.0624E-06     2.3089E-05
   996     1.3804E-03  1.3183E-03     4.6030E-02     1.0629E-06     2.3091E-05
   997     1.3183E-03  1.2589E-03     4.6105E-02     1.0646E-06     2.3091E-05
   998     1.2589E-03  1.2023E-03     4.6002E-02     1.0622E-06     2.3090E-05
   999     1.2023E-03  1.1482E-03     4.6041E-02     1.0631E-06     2.3090E-05
  1000     1.1482E-03  1.0965E-03     4.6072E-02     1.0638E-06     2.3090E-05
  1001     1.0965E-03  1.0471E-03     4.6099E-02     1.0644E-06     2.3090E-05
  1002     1.0471E-03  1.0000E-03     4.6024E-02     1.0604E-06     2.3040E-05
  1003     1.0000E-03  9.5499E-04     4.6054E-02     0.0000E+00     0.0000E+00
  1004     9.5499E-04  9.1201E-04     4.6050E-02     0.0000E+00     0.0000E+00
  1005     9.1201E-04  8.7096E-04     4.6055E-02     0.0000E+00     0.0000E+00
  1006     8.7096E-04  8.3176E-04     4.6052E-02     0.0000E+00     0.0000E+00
  1007     8.3176E-04  7.9433E-04     4.6045E-02     0.0000E+00     0.0000E+00
  1008     7.9433E-04  7.5858E-04     4.6051E-02     0.0000E+00     0.0000E+00
  1009     7.5858E-04  7.2444E-04     4.6049E-02     0.0000E+00     0.0000E+00
  1010     7.2444E-04  6.9183E-04     4.6059E-02     0.0000E+00     0.0000E+00
  1011     6.9183E-04  6.6069E-04     4.6056E-02     0.0000E+00     0.0000E+00
  1012     6.6069E-04  6.3096E-04     4.6042E-02     0.0000E+00     0.0000E+00
  1013     6.3096E-04  6.0256E-04     4.6055E-02     0.0000E+00     0.0000E+00
  1014     6.0256E-04  5.7544E-04     4.6052E-02     0.0000E+00     0.0000E+00
  1015     5.7544E-04  5.4954E-04     4.6053E-02     0.0000E+00     0.0000E+00
  1016     5.4954E-04  5.2481E-04     4.6045E-02     0.0000E+00     0.0000E+00
  1017     5.2481E-04  5.0119E-04     4.6051E-02     0.0000E+00     0.0000E+00
  1018     5.0119E-04  4.7863E-04     4.6057E-02     0.0000E+00     0.0000E+00
  1019     4.7863E-04  4.5709E-04     4.6048E-02     0.0000E+00     0.0000E+00
  1020     4.5709E-04  4.3652E-04     4.6046E-02     0.0000E+00     0.0000E+00
  1021     4.3652E-04  4.1687E-04     4.6060E-02     0.0000E+00     0.0000E+00
  1022     4.1687E-04  3.9811E-04     4.6046E-02     0.0000E+00     0.0000E+00
  1023     3.9811E-04  3.8019E-04     4.6057E-02     0.0000E+00     0.0000E+00
  1024     3.8019E-04  3.6308E-04     4.6048E-02     0.0000E+00     0.0000E+00
  1025     3.6308E-04  3.4674E-04     4.6048E-02     0.0000E+00     0.0000E+00
  1026     3.4674E-04  3.3113E-04     4.6064E-02     0.0000E+00     0.0000E+00
  1027     3.3113E-04  3.1623E-04     4.6041E-02     0.0000E+00     0.0000E+00
  1028     3.1623E-04  3.0200E-04     4.6043E-02     0.0000E+00     0.0000E+00
  1029     3.0200E-04  2.8840E-04     4.6079E-02     0.0000E+00     0.0000E+00
  1030     2.8840E-04  2.7542E-04     4.6051E-02     0.0000E+00     0.0000E+00
  1031     2.7542E-04  2.6303E-04     4.6029E-02     0.0000E+00     0.0000E+00
  1032     2.6303E-04  2.5119E-04     4.6058E-02     0.0000E+00     0.0000E+00
  1033     2.5119E-04  2.3988E-04     4.6071E-02     0.0000E+00     0.0000E+00
  1034     2.3988E-04  2.2909E-04     4.6024E-02     0.0000E+00     0.0000E+00
  1035     2.2909E-04  2.1878E-04     4.6048E-02     0.0000E+00     0.0000E+00
  1036     2.1878E-04  2.0893E-04     4.6067E-02     0.0000E+00     0.0000E+00
  1037     2.0893E-04  1.9953E-04     4.6035E-02     0.0000E+00     0.0000E+00
  1038     1.9953E-04  1.9055E-04     4.6050E-02     0.0000E+00     0.0000E+00
  1039     1.9055E-04  1.8197E-04     4.6073E-02     0.0000E+00     0.0000E+00
  1040     1.8197E-04  1.7378E-04     4.6052E-02     0.0000E+00     0.0000E+00
  1041     1.7378E-04  1.6596E-04     4.6043E-02     0.0000E+00     0.0000E+00
  1042     1.6596E-04  1.5849E-04     4.6055E-02     0.0000E+00     0.0000E+00
  1043     1.5849E-04  1.5136E-04     4.6030E-02     0.0000E+00     0.0000E+00
  1044     1.5136E-04  1.4454E-04     4.6105E-02     0.0000E+00     0.0000E+00
  1045     1.4454E-04  1.3804E-04     4.6013E-02     0.0000E+00     0.0000E+00
  1046     1.3804E-04  1.3183E-04     4.6030E-02     0.0000E+00     0.0000E+00
  1047     1.3183E-04  1.2589E-04     4.6105E-02     0.0000E+00     0.0000E+00
  1048     1.2589E-04  1.2023E-04     4.6002E-02     0.0000E+00     0.0000E+00
  1049     1.2023E-04  1.1482E-04     4.6041E-02     0.0000E+00     0.0000E+00
  1050     1.1482E-04  1.0965E-04     4.6072E-02     0.0000E+00     0.0000E+00
  1051     1.0965E-04  1.0471E-04     4.6099E-02     0.0000E+00     0.0000E+00
  1052     1.0471E-04  1.0000E-04     4.6024E-02     0.0000E+00     0.0000E+00
  1053     1.0000E-04  9.5499E-05     4.6054E-02     0.0000E+00     0.0000E+00
  1054     9.5499E-05  9.1201E-05     4.6050E-02     0.0000E+00     0.0000E+00
  1055     9.1201E-05  8.7096E-05     4.6055E-02     0.0000E+00     0.0000E+00
  1056     8.7096E-05  8.3176E-05     4.6052E-02     0.0000E+00     0.0000E+00
  1057     8.3176E-05  7.9433E-05     4.6045E-02     0.0000E+00     0.0000E+00
  1058     7.9433E-05  7.5858E-05     4.6051E-02     0.0000E+00     0.0000E+00
  1059     7.5858E-05  7.2444E-05     4.6049E-02     0.0000E+00     0.0000E+00
  1060     7.2444E-05  6.9183E-05     4.6059E-02     0.0000E+00     0.0000E+00
  1061     6.9183E-05  6.6069E-05     4.6056E-02     0.0000E+00     0.0000E+00
  1062     6.6069E-05  6.3096E-05     4.6042E-02     0.0000E+00     0.0000E+00
  1063     6.3096E-05  6.0256E-05     4.6055E-02     0.0000E+00     0.0000E+00
  1064     6.0256E-05  5.7544E-05     4.6052E-02     0.0000E+00     0.0000E+00
  1065     5.7544E-05  5.4954E-05     4.6053E-02     0.0000E+00     0.0000E+00
  1066     5.4954E-05  5.2481E-05     4.6045E-02     0.0000E+00     0.0000E+00
  1067     5.2481E-05  5.0119E-05     4.6051E-02     0.0000E+00     0.0000E+00
  1068     5.0119E-05  4.7863E-05     4.6057E-02     0.0000E+00     0.0000E+00
  1069     4.7863E-05  4.5709E-05     4.6048E-02     0.0000E+00     0.0000E+00
  1070     4.5709E-05  4.3652E-05     4.6046E-02     0.0000E+00     0.0000E+00
  1071     4.3652E-05  4.1687E-05     4.6060E-02     0.0000E+00     0.0000E+00
  1072     4.1687E-05  3.9811E-05     4.6046E-02     0.0000E+00     0.0000E+00
  1073     3.9811E-05  3.8019E-05     4.6057E-02     0.0000E+00     0.0000E+00
  1074     3.8019E-05  3.6308E-05     4.6048E-02     0.0000E+00     0.0000E+00
  1075     3.6308E-05  3.4674E-05     4.6048E-02     0.0000E+00     0.0000E+00
  1076     3.4674E-05  3.3113E-05     4.6064E-02     0.0000E+00     0.0000E+00
  1077     3.3113E-05  3.1623E-05     4.6041E-02     0.0000E+00     0.0000E+00
  1078     3.1623E-05  3.0200E-05     4.6043E-02     0.0000E+00     0.0000E+00
  1079     3.0200E-05  2.8840E-05     4.6079E-02     0.0000E+00     0.0000E+00
  1080     2.8840E-05  2.7542E-05     4.6051E-02     0.0000E+00     0.0000E+00
  1081     2.7542E-05  2.6303E-05     4.6029E-02     0.0000E+00     0.0000E+00
  1082     2.6303E-05  2.5119E-05     4.6058E-02     0.0000E+00     0.0000E+00
  1083     2.5119E-05  2.3988E-05     4.6071E-02     0.0000E+00     0.0000E+00
  1084     2.3988E-05  2.2909E-05     4.6024E-02     0.0000E+00     0.0000E+00
  1085     2.2909E-05  2.1878E-05     4.6048E-02     0.0000E+00     0.0000E+00
  1086     2.1878E-05  2.0893E-05     4.6067E-02     0.0000E+00     0.0000E+00
  1087     2.0893E-05  1.9953E-05     4.6035E-02     0.0000E+00     0.0000E+00
  1088     1.9953E-05  1.9055E-05     4.6050E-02     0.0000E+00     0.0000E+00
  1089     1.9055E-05  1.8197E-05     4.6073E-02     0.0000E+00     0.0000E+00
  1090     1.8197E-05  1.7378E-05     4.6052E-02     0.0000E+00     0.0000E+00
  1091     1.7378E-05  1.6596E-05     4.6043E-02     0.0000E+00     0.0000E+00
  1092     1.6596E-05  1.5849E-05     4.6055E-02     0.0000E+00     0.0000E+00
  1093     1.5849E-05  1.5136E-05     4.6030E-02     0.0000E+00     0.0000E+00
  1094     1.5136E-05  1.4454E-05     4.6105E-02     0.0000E+00     0.0000E+00
  1095     1.4454E-05  1.3804E-05     4.6013E-02     0.0000E+00     0.0000E+00
  1096     1.3804E-05  1.3183E-05     4.6030E-02     0.0000E+00     0.0000E+00
  1097     1.3183E-05  1.2589E-05     4.6105E-02     0.0000E+00     0.0000E+00
  1098     1.2589E-05  1.2023E-05     4.6002E-02     0.0000E+00     0.0000E+00
  1099     1.2023E-05  1.1482E-05     4.6041E-02     0.0000E+00     0.0000E+00
  1100     1.1482E-05  1.0965E-05     4.6072E-02     0.0000E+00     0.0000E+00
  1101     1.0965E-05  1.0471E-05     4.6099E-02     0.0000E+00     0.0000E+00
  1102     1.0471E-05  1.0001E-03    -4.5592E+00     0.0000E+00     0.0000E+00
  TOTAL                                              2.1498E-01
