  GROUP      UPPER       LOWER         LETHARGY         DATA        DATA/LETHARGY

     1     2.0000E+07  1.9953E+07     2.3528E-03     0.0000E+00     0.0000E+00
     2     1.9953E+07  1.9055E+07     4.6050E-02     0.0000E+00     0.0000E+00
     3     1.9055E+07  1.8197E+07     4.6073E-02     0.0000E+00     0.0000E+00
     4     1.8197E+07  1.7378E+07     4.6052E-02     0.0000E+00     0.0000E+00
     5     1.7378E+07  1.6596E+07     4.6043E-02     0.0000E+00     0.0000E+00
     6     1.6596E+07  1.5849E+07     4.6055E-02     0.0000E+00     0.0000E+00
     7     1.5849E+07  1.5136E+07     4.6030E-02     0.0000E+00     0.0000E+00
     8     1.5136E+07  1.4454E+07     4.6105E-02     8.6101E+06     1.8675E+08
     9     1.4454E+07  1.3804E+07     4.6013E-02     8.4053E+07     1.8267E+09
    10     1.3804E+07  1.3183E+07     4.6030E-02     5.9849E+07     1.3002E+09
    11     1.3183E+07  1.2589E+07     4.6105E-02     3.2531E+07     7.0558E+08
    12     1.2589E+07  1.2023E+07     4.6002E-02     2.0487E+07     4.4536E+08
    13     1.2023E+07  1.1482E+07     4.6041E-02     1.3786E+07     2.9943E+08
    14     1.1482E+07  1.0965E+07     4.6072E-02     1.0259E+07     2.2267E+08
    15     1.0965E+07  1.0471E+07     4.6099E-02     9.5293E+06     2.0672E+08
    16     1.0471E+07  1.0000E+07     4.6024E-02     8.2946E+06     1.8022E+08
    17     1.0000E+07  9.5499E+06     4.6054E-02     8.1609E+06     1.7720E+08
    18     9.5499E+06  9.1201E+06     4.6050E-02     8.3041E+06     1.8033E+08
    19     9.1201E+06  8.7096E+06     4.6055E-02     8.3998E+06     1.8239E+08
    20     8.7096E+06  8.3176E+06     4.6052E-02     7.1670E+06     1.5563E+08
    21     8.3176E+06  7.9433E+06     4.6045E-02     7.2552E+06     1.5757E+08
    22     7.9433E+06  7.5858E+06     4.6051E-02     7.3972E+06     1.6063E+08
    23     7.5858E+06  7.2444E+06     4.6049E-02     7.3584E+06     1.5979E+08
    24     7.2444E+06  6.9183E+06     4.6059E-02     7.4677E+06     1.6214E+08
    25     6.9183E+06  6.6069E+06     4.6056E-02     6.8816E+06     1.4942E+08
    26     6.6069E+06  6.3096E+06     4.6042E-02     6.7563E+06     1.4674E+08
    27     6.3096E+06  6.0256E+06     4.6055E-02     7.7064E+06     1.6733E+08
    28     6.0256E+06  5.7544E+06     4.6052E-02     7.5000E+06     1.6286E+08
    29     5.7544E+06  5.4954E+06     4.6053E-02     7.4264E+06     1.6126E+08
    30     5.4954E+06  5.2481E+06     4.6045E-02     7.4998E+06     1.6288E+08
    31     5.2481E+06  5.0119E+06     4.6051E-02     7.6427E+06     1.6596E+08
    32     5.0119E+06  4.7863E+06     4.6057E-02     8.4180E+06     1.8277E+08
    33     4.7863E+06  4.5709E+06     4.6048E-02     9.1082E+06     1.9780E+08
    34     4.5709E+06  4.3652E+06     4.6046E-02     1.0418E+07     2.2625E+08
    35     4.3652E+06  4.1687E+06     4.6060E-02     1.0175E+07     2.2090E+08
    36     4.1687E+06  3.9811E+06     4.6046E-02     1.1211E+07     2.4348E+08
    37     3.9811E+06  3.8019E+06     4.6057E-02     1.1216E+07     2.4353E+08
    38     3.8019E+06  3.6308E+06     4.6048E-02     1.1979E+07     2.6014E+08
    39     3.6308E+06  3.4674E+06     4.6048E-02     1.4227E+07     3.0895E+08
    40     3.4674E+06  3.3113E+06     4.6064E-02     1.6859E+07     3.6599E+08
    41     3.3113E+06  3.1623E+06     4.6041E-02     1.8173E+07     3.9471E+08
    42     3.1623E+06  3.0200E+06     4.6043E-02     1.8385E+07     3.9931E+08
    43     3.0200E+06  2.8840E+06     4.6079E-02     2.0711E+07     4.4947E+08
    44     2.8840E+06  2.7542E+06     4.6051E-02     2.1526E+07     4.6743E+08
    45     2.7542E+06  2.6303E+06     4.6029E-02     2.3723E+07     5.1539E+08
    46     2.6303E+06  2.5119E+06     4.6058E-02     2.4401E+07     5.2978E+08
    47     2.5119E+06  2.3988E+06     4.6071E-02     2.7344E+07     5.9351E+08
    48     2.3988E+06  2.2909E+06     4.6024E-02     3.4571E+07     7.5115E+08
    49     2.2909E+06  2.1878E+06     4.6048E-02     3.9031E+07     8.4761E+08
    50     2.1878E+06  2.0893E+06     4.6067E-02     3.9502E+07     8.5748E+08
    51     2.0893E+06  1.9953E+06     4.6035E-02     4.1566E+07     9.0293E+08
    52     1.9953E+06  1.9055E+06     4.6050E-02     4.3187E+07     9.3783E+08
    53     1.9055E+06  1.8197E+06     4.6073E-02     5.0567E+07     1.0976E+09
    54     1.8197E+06  1.7378E+06     4.6052E-02     6.4101E+07     1.3919E+09
    55     1.7378E+06  1.6596E+06     4.6043E-02     7.4710E+07     1.6226E+09
    56     1.6596E+06  1.5849E+06     4.6055E-02     7.1646E+07     1.5556E+09
    57     1.5849E+06  1.5136E+06     4.6030E-02     7.0835E+07     1.5389E+09
    58     1.5136E+06  1.4454E+06     4.6105E-02     8.4799E+07     1.8393E+09
    59     1.4454E+06  1.3804E+06     4.6013E-02     9.4163E+07     2.0465E+09
    60     1.3804E+06  1.3183E+06     4.6030E-02     1.0567E+08     2.2957E+09
    61     1.3183E+06  1.2589E+06     4.6105E-02     1.1392E+08     2.4710E+09
    62     1.2589E+06  1.2023E+06     4.6002E-02     1.3566E+08     2.9489E+09
    63     1.2023E+06  1.1482E+06     4.6041E-02     2.1848E+08     4.7455E+09
    64     1.1482E+06  1.0965E+06     4.6072E-02     2.1061E+08     4.5713E+09
    65     1.0965E+06  1.0471E+06     4.6099E-02     1.8614E+08     4.0379E+09
    66     1.0471E+06  1.0000E+06     4.6024E-02     2.0404E+08     4.4332E+09
    67     1.0000E+06  9.5499E+05     4.6054E-02     2.2015E+08     4.7803E+09
    68     9.5499E+05  9.1201E+05     4.6050E-02     3.7002E+08     8.0351E+09
    69     9.1201E+05  8.7096E+05     4.6055E-02     3.3238E+08     7.2170E+09
    70     8.7096E+05  8.3176E+05     4.6052E-02     3.9427E+08     8.5613E+09
    71     8.3176E+05  7.9433E+05     4.6045E-02     4.1697E+08     9.0557E+09
    72     7.9433E+05  7.5858E+05     4.6051E-02     3.7575E+08     8.1594E+09
    73     7.5858E+05  7.2444E+05     4.6049E-02     3.9493E+08     8.5762E+09
    74     7.2444E+05  6.9183E+05     4.6059E-02     7.3634E+08     1.5987E+10
    75     6.9183E+05  6.6069E+05     4.6056E-02     5.9581E+08     1.2937E+10
    76     6.6069E+05  6.3096E+05     4.6042E-02     1.0461E+09     2.2719E+10
    77     6.3096E+05  6.0256E+05     4.6055E-02     1.0375E+09     2.2528E+10
    78     6.0256E+05  5.7544E+05     4.6052E-02     1.1479E+09     2.4925E+10
    79     5.7544E+05  5.4954E+05     4.6053E-02     1.0888E+09     2.3641E+10
    80     5.4954E+05  5.2481E+05     4.6045E-02     8.6774E+08     1.8845E+10
    81     5.2481E+05  5.0119E+05     4.6051E-02     7.9441E+08     1.7251E+10
    82     5.0119E+05  4.7863E+05     4.6057E-02     8.3808E+08     1.8196E+10
    83     4.7863E+05  4.5709E+05     4.6048E-02     8.1998E+08     1.7807E+10
    84     4.5709E+05  4.3652E+05     4.6046E-02     6.8712E+08     1.4922E+10
    85     4.3652E+05  4.1687E+05     4.6060E-02     5.9088E+08     1.2829E+10
    86     4.1687E+05  3.9811E+05     4.6046E-02     5.7041E+08     1.2388E+10
    87     3.9811E+05  3.8019E+05     4.6057E-02     5.4568E+08     1.1848E+10
    88     3.8019E+05  3.6308E+05     4.6048E-02     1.2580E+09     2.7318E+10
    89     3.6308E+05  3.4674E+05     4.6048E-02     1.6392E+09     3.5597E+10
    90     3.4674E+05  3.3113E+05     4.6064E-02     1.2141E+09     2.6356E+10
    91     3.3113E+05  3.1623E+05     4.6041E-02     7.5754E+08     1.6454E+10
    92     3.1623E+05  3.0200E+05     4.6043E-02     2.8671E+09     6.2271E+10
    93     3.0200E+05  2.8840E+05     4.6079E-02     1.7987E+09     3.9036E+10
    94     2.8840E+05  2.7542E+05     4.6051E-02     9.8000E+08     2.1281E+10
    95     2.7542E+05  2.6303E+05     4.6029E-02     2.3577E+09     5.1222E+10
    96     2.6303E+05  2.5119E+05     4.6058E-02     1.4031E+09     3.0464E+10
    97     2.5119E+05  2.3988E+05     4.6071E-02     1.2440E+09     2.7002E+10
    98     2.3988E+05  2.2909E+05     4.6024E-02     1.1959E+09     2.5985E+10
    99     2.2909E+05  2.1878E+05     4.6048E-02     1.1797E+09     2.5619E+10
   100     2.1878E+05  2.0893E+05     4.6067E-02     1.2987E+09     2.8191E+10
   101     2.0893E+05  1.9953E+05     4.6035E-02     9.8678E+08     2.1436E+10
   102     1.9953E+05  1.9055E+05     4.6050E-02     7.2453E+08     1.5734E+10
   103     1.9055E+05  1.8197E+05     4.6073E-02     1.2525E+09     2.7186E+10
   104     1.8197E+05  1.7378E+05     4.6052E-02     1.3880E+09     3.0139E+10
   105     1.7378E+05  1.6596E+05     4.6043E-02     1.1385E+09     2.4726E+10
   106     1.6596E+05  1.5849E+05     4.6055E-02     1.1107E+09     2.4117E+10
   107     1.5849E+05  1.5136E+05     4.6030E-02     1.0399E+09     2.2592E+10
   108     1.5136E+05  1.4454E+05     4.6105E-02     7.2193E+08     1.5658E+10
   109     1.4454E+05  1.3804E+05     4.6013E-02     7.0400E+08     1.5300E+10
   110     1.3804E+05  1.3183E+05     4.6030E-02     2.3748E+09     5.1592E+10
   111     1.3183E+05  1.2589E+05     4.6105E-02     1.4844E+09     3.2197E+10
   112     1.2589E+05  1.2023E+05     4.6002E-02     1.2716E+09     2.7643E+10
   113     1.2023E+05  1.1482E+05     4.6041E-02     1.2314E+09     2.6745E+10
   114     1.1482E+05  1.0965E+05     4.6072E-02     9.7111E+08     2.1078E+10
   115     1.0965E+05  1.0471E+05     4.6099E-02     9.3539E+08     2.0291E+10
   116     1.0471E+05  1.0000E+05     4.6024E-02     8.2102E+08     1.7839E+10
   117     1.0000E+05  9.5499E+04     4.6054E-02     6.5983E+08     1.4327E+10
   118     9.5499E+04  9.1201E+04     4.6050E-02     9.5071E+08     2.0645E+10
   119     9.1201E+04  8.7096E+04     4.6055E-02     9.0131E+08     1.9570E+10
   120     8.7096E+04  8.3176E+04     4.6052E-02     5.3327E+08     1.1580E+10
   121     8.3176E+04  7.9433E+04     4.6045E-02     2.0536E+09     4.4601E+10
   122     7.9433E+04  7.5858E+04     4.6051E-02     1.0891E+09     2.3650E+10
   123     7.5858E+04  7.2444E+04     4.6049E-02     7.6508E+08     1.6614E+10
   124     7.2444E+04  6.9183E+04     4.6059E-02     1.2525E+09     2.7195E+10
   125     6.9183E+04  6.6069E+04     4.6056E-02     1.0408E+09     2.2598E+10
   126     6.6069E+04  6.3096E+04     4.6042E-02     8.4649E+08     1.8385E+10
   127     6.3096E+04  6.0256E+04     4.6055E-02     1.0780E+09     2.3407E+10
   128     6.0256E+04  5.7544E+04     4.6052E-02     1.0307E+09     2.2381E+10
   129     5.7544E+04  5.4954E+04     4.6053E-02     9.0294E+08     1.9606E+10
   130     5.4954E+04  5.2481E+04     4.6045E-02     7.1720E+08     1.5576E+10
   131     5.2481E+04  5.0119E+04     4.6051E-02     5.6435E+08     1.2255E+10
   132     5.0119E+04  4.7863E+04     4.6057E-02     9.1381E+08     1.9841E+10
   133     4.7863E+04  4.5709E+04     4.6048E-02     1.0290E+09     2.2346E+10
   134     4.5709E+04  4.3652E+04     4.6046E-02     9.2731E+08     2.0139E+10
   135     4.3652E+04  4.1687E+04     4.6060E-02     8.0783E+08     1.7539E+10
   136     4.1687E+04  3.9811E+04     4.6046E-02     7.5874E+08     1.6478E+10
   137     3.9811E+04  3.8019E+04     4.6057E-02     7.4143E+08     1.6098E+10
   138     3.8019E+04  3.6308E+04     4.6048E-02     6.8003E+08     1.4768E+10
   139     3.6308E+04  3.4674E+04     4.6048E-02     6.4307E+08     1.3965E+10
   140     3.4674E+04  3.3113E+04     4.6064E-02     6.7368E+08     1.4625E+10
   141     3.3113E+04  3.1623E+04     4.6041E-02     5.9398E+08     1.2901E+10
   142     3.1623E+04  3.0200E+04     4.6043E-02     5.0055E+08     1.0871E+10
   143     3.0200E+04  2.8840E+04     4.6079E-02     3.3849E+08     7.3460E+09
   144     2.8840E+04  2.7542E+04     4.6051E-02     1.8739E+08     4.0691E+09
   145     2.7542E+04  2.6303E+04     4.6029E-02     6.4626E+08     1.4040E+10
   146     2.6303E+04  2.5119E+04     4.6058E-02     1.7916E+09     3.8899E+10
   147     2.5119E+04  2.3988E+04     4.6071E-02     2.1742E+09     4.7193E+10
   148     2.3988E+04  2.2909E+04     4.6024E-02     1.4480E+09     3.1461E+10
   149     2.2909E+04  2.1878E+04     4.6048E-02     1.2859E+09     2.7925E+10
   150     2.1878E+04  2.0893E+04     4.6067E-02     1.0316E+09     2.2392E+10
   151     2.0893E+04  1.9953E+04     4.6035E-02     9.6210E+08     2.0899E+10
   152     1.9953E+04  1.9055E+04     4.6050E-02     9.8631E+08     2.1418E+10
   153     1.9055E+04  1.8197E+04     4.6073E-02     9.1839E+08     1.9933E+10
   154     1.8197E+04  1.7378E+04     4.6052E-02     8.1977E+08     1.7801E+10
   155     1.7378E+04  1.6596E+04     4.6043E-02     7.4163E+08     1.6107E+10
   156     1.6596E+04  1.5849E+04     4.6055E-02     6.1545E+08     1.3363E+10
   157     1.5849E+04  1.5136E+04     4.6030E-02     5.1008E+08     1.1081E+10
   158     1.5136E+04  1.4454E+04     4.6105E-02     7.8098E+08     1.6939E+10
   159     1.4454E+04  1.3804E+04     4.6013E-02     1.0048E+09     2.1838E+10
   160     1.3804E+04  1.3183E+04     4.6030E-02     8.7493E+08     1.9008E+10
   161     1.3183E+04  1.2589E+04     4.6105E-02     7.7373E+08     1.6782E+10
   162     1.2589E+04  1.2023E+04     4.6002E-02     7.8015E+08     1.6959E+10
   163     1.2023E+04  1.1482E+04     4.6041E-02     8.7213E+08     1.8942E+10
   164     1.1482E+04  1.0965E+04     4.6072E-02     9.1196E+08     1.9794E+10
   165     1.0965E+04  1.0471E+04     4.6099E-02     8.8739E+08     1.9250E+10
   166     1.0471E+04  1.0000E+04     4.6024E-02     8.2881E+08     1.8008E+10
   167     1.0000E+04  9.5499E+03     4.6054E-02     7.7435E+08     1.6814E+10
   168     9.5499E+03  9.1201E+03     4.6050E-02     6.6939E+08     1.4536E+10
   169     9.1201E+03  8.7096E+03     4.6055E-02     5.4057E+08     1.1738E+10
   170     8.7096E+03  8.3176E+03     4.6052E-02     5.1321E+08     1.1144E+10
   171     8.3176E+03  7.9433E+03     4.6045E-02     4.5749E+08     9.9357E+09
   172     7.9433E+03  7.5858E+03     4.6051E-02     4.7270E+08     1.0265E+10
   173     7.5858E+03  7.2444E+03     4.6049E-02     5.8891E+08     1.2789E+10
   174     7.2444E+03  6.9183E+03     4.6059E-02     6.7671E+08     1.4692E+10
   175     6.9183E+03  6.6069E+03     4.6056E-02     8.0189E+08     1.7411E+10
   176     6.6069E+03  6.3096E+03     4.6042E-02     7.8403E+08     1.7028E+10
   177     6.3096E+03  6.0256E+03     4.6055E-02     7.4901E+08     1.6263E+10
   178     6.0256E+03  5.7544E+03     4.6052E-02     7.8361E+08     1.7016E+10
   179     5.7544E+03  5.4954E+03     4.6053E-02     6.4192E+08     1.3939E+10
   180     5.4954E+03  5.2481E+03     4.6045E-02     7.3012E+08     1.5857E+10
   181     5.2481E+03  5.0119E+03     4.6051E-02     7.4217E+08     1.6116E+10
   182     5.0119E+03  4.7863E+03     4.6057E-02     7.2627E+08     1.5769E+10
   183     4.7863E+03  4.5709E+03     4.6048E-02     7.1384E+08     1.5502E+10
   184     4.5709E+03  4.3652E+03     4.6046E-02     6.9896E+08     1.5180E+10
   185     4.3652E+03  4.1687E+03     4.6060E-02     6.9884E+08     1.5172E+10
   186     4.1687E+03  3.9811E+03     4.6046E-02     6.8839E+08     1.4950E+10
   187     3.9811E+03  3.8019E+03     4.6057E-02     7.0591E+08     1.5327E+10
   188     3.8019E+03  3.6308E+03     4.6048E-02     7.9205E+08     1.7200E+10
   189     3.6308E+03  3.4674E+03     4.6048E-02     8.1073E+08     1.7606E+10
   190     3.4674E+03  3.3113E+03     4.6064E-02     8.0753E+08     1.7530E+10
   191     3.3113E+03  3.1623E+03     4.6041E-02     7.9327E+08     1.7230E+10
   192     3.1623E+03  3.0199E+03     4.6076E-02     7.9445E+08     1.7242E+10
   193     3.0199E+03  2.8840E+03     4.6045E-02     7.7077E+08     1.6739E+10
   194     2.8840E+03  2.7542E+03     4.6051E-02     7.4140E+08     1.6099E+10
   195     2.7542E+03  2.6303E+03     4.6029E-02     6.8895E+08     1.4968E+10
   196     2.6303E+03  2.5119E+03     4.6058E-02     6.1471E+08     1.3346E+10
   197     2.5119E+03  2.3988E+03     4.6071E-02     5.3089E+08     1.1523E+10
   198     2.3988E+03  2.2909E+03     4.6024E-02     4.8509E+08     1.0540E+10
   199     2.2909E+03  2.1878E+03     4.6048E-02     5.6301E+08     1.2226E+10
   200     2.1878E+03  2.0893E+03     4.6067E-02     7.0849E+08     1.5379E+10
   201     2.0893E+03  1.9953E+03     4.6035E-02     8.0443E+08     1.7474E+10
   202     1.9953E+03  1.9055E+03     4.6050E-02     8.7576E+08     1.9018E+10
   203     1.9055E+03  1.8197E+03     4.6073E-02     8.7771E+08     1.9050E+10
   204     1.8197E+03  1.7378E+03     4.6052E-02     8.5803E+08     1.8632E+10
   205     1.7378E+03  1.6596E+03     4.6043E-02     8.3514E+08     1.8138E+10
   206     1.6596E+03  1.5849E+03     4.6055E-02     7.8680E+08     1.7084E+10
   207     1.5849E+03  1.5136E+03     4.6030E-02     7.7681E+08     1.6876E+10
   208     1.5136E+03  1.4454E+03     4.6105E-02     7.8471E+08     1.7020E+10
   209     1.4454E+03  1.3804E+03     4.6013E-02     7.6944E+08     1.6722E+10
   210     1.3804E+03  1.3183E+03     4.6030E-02     7.6440E+08     1.6606E+10
   211     1.3183E+03  1.2589E+03     4.6105E-02     7.5894E+08     1.6461E+10
   212     1.2589E+03  1.2023E+03     4.6002E-02     7.5578E+08     1.6429E+10
   213     1.2023E+03  1.1481E+03     4.6128E-02     6.9896E+08     1.5153E+10
   214     1.1481E+03  1.0965E+03     4.5985E-02     5.4105E+08     1.1766E+10
   215     1.0965E+03  1.0471E+03     4.6099E-02     5.3860E+08     1.1684E+10
   216     1.0471E+03  1.0000E+03     4.6024E-02     7.3792E+08     1.6033E+10
   217     1.0000E+03  9.5499E+02     4.6054E-02     7.4791E+08     1.6240E+10
   218     9.5499E+02  9.1201E+02     4.6050E-02     7.4333E+08     1.6142E+10
   219     9.1201E+02  8.7096E+02     4.6055E-02     7.3150E+08     1.5883E+10
   220     8.7096E+02  8.3176E+02     4.6052E-02     7.2603E+08     1.5765E+10
   221     8.3176E+02  7.9433E+02     4.6045E-02     7.1909E+08     1.5617E+10
   222     7.9433E+02  7.5858E+02     4.6051E-02     7.1717E+08     1.5574E+10
   223     7.5858E+02  7.2444E+02     4.6049E-02     7.1779E+08     1.5587E+10
   224     7.2444E+02  6.9183E+02     4.6059E-02     7.1286E+08     1.5477E+10
   225     6.9183E+02  6.6069E+02     4.6056E-02     7.0065E+08     1.5213E+10
   226     6.6069E+02  6.3096E+02     4.6042E-02     7.0881E+08     1.5395E+10
   227     6.3096E+02  6.0256E+02     4.6055E-02     6.9844E+08     1.5165E+10
   228     6.0256E+02  5.7544E+02     4.6052E-02     6.9605E+08     1.5114E+10
   229     5.7544E+02  5.4954E+02     4.6053E-02     6.9381E+08     1.5065E+10
   230     5.4954E+02  5.2481E+02     4.6045E-02     6.9307E+08     1.5052E+10
   231     5.2481E+02  5.0119E+02     4.6051E-02     6.9083E+08     1.5001E+10
   232     5.0119E+02  4.7863E+02     4.6057E-02     6.8564E+08     1.4887E+10
   233     4.7863E+02  4.5709E+02     4.6048E-02     6.5421E+08     1.4207E+10
   234     4.5709E+02  4.3652E+02     4.6046E-02     6.7668E+08     1.4696E+10
   235     4.3652E+02  4.1687E+02     4.6060E-02     6.5670E+08     1.4258E+10
   236     4.1687E+02  3.9811E+02     4.6046E-02     6.3391E+08     1.3767E+10
   237     3.9811E+02  3.8019E+02     4.6057E-02     5.9324E+08     1.2881E+10
   238     3.8019E+02  3.6308E+02     4.6048E-02     4.9425E+08     1.0733E+10
   239     3.6308E+02  3.4674E+02     4.6048E-02     3.2863E+08     7.1368E+09
   240     3.4674E+02  3.3113E+02     4.6064E-02     1.7834E+08     3.8716E+09
   241     3.3113E+02  3.1623E+02     4.6041E-02     3.7102E+08     8.0583E+09
   242     3.1623E+02  3.0199E+02     4.6076E-02     6.9140E+08     1.5006E+10
   243     3.0199E+02  2.8840E+02     4.6045E-02     8.3774E+08     1.8194E+10
   244     2.8840E+02  2.7542E+02     4.6051E-02     8.5213E+08     1.8504E+10
   245     2.7542E+02  2.6303E+02     4.6029E-02     8.3113E+08     1.8057E+10
   246     2.6303E+02  2.5119E+02     4.6058E-02     8.0335E+08     1.7442E+10
   247     2.5119E+02  2.3988E+02     4.6071E-02     7.7440E+08     1.6809E+10
   248     2.3988E+02  2.2909E+02     4.6024E-02     7.5236E+08     1.6347E+10
   249     2.2909E+02  2.1878E+02     4.6048E-02     7.3516E+08     1.5965E+10
   250     2.1878E+02  2.0893E+02     4.6067E-02     7.1994E+08     1.5628E+10
   251     2.0893E+02  1.9953E+02     4.6035E-02     7.0925E+08     1.5407E+10
   252     1.9953E+02  1.9055E+02     4.6050E-02     7.0167E+08     1.5237E+10
   253     1.9055E+02  1.8197E+02     4.6073E-02     6.8965E+08     1.4969E+10
   254     1.8197E+02  1.7378E+02     4.6052E-02     6.8989E+08     1.4981E+10
   255     1.7378E+02  1.6596E+02     4.6043E-02     6.8340E+08     1.4842E+10
   256     1.6596E+02  1.5849E+02     4.6055E-02     6.7647E+08     1.4688E+10
   257     1.5849E+02  1.5136E+02     4.6030E-02     6.7277E+08     1.4616E+10
   258     1.5136E+02  1.4454E+02     4.6105E-02     6.6399E+08     1.4402E+10
   259     1.4454E+02  1.3804E+02     4.6013E-02     6.5003E+08     1.4127E+10
   260     1.3804E+02  1.3183E+02     4.6030E-02     5.5354E+08     1.2026E+10
   261     1.3183E+02  1.2589E+02     4.6105E-02     5.7377E+08     1.2445E+10
   262     1.2589E+02  1.2023E+02     4.6002E-02     6.6812E+08     1.4524E+10
   263     1.2023E+02  1.1482E+02     4.6041E-02     6.7839E+08     1.4735E+10
   264     1.1482E+02  1.0965E+02     4.6072E-02     6.7129E+08     1.4570E+10
   265     1.0965E+02  1.0471E+02     4.6099E-02     6.6566E+08     1.4440E+10
   266     1.0471E+02  1.0000E+02     4.6024E-02     6.6031E+08     1.4347E+10
   267     1.0000E+02  9.5499E+01     4.6054E-02     6.6133E+08     1.4360E+10
   268     9.5499E+01  9.1201E+01     4.6050E-02     6.6176E+08     1.4370E+10
   269     9.1201E+01  8.7096E+01     4.6055E-02     6.5697E+08     1.4265E+10
   270     8.7096E+01  8.3176E+01     4.6052E-02     6.5743E+08     1.4276E+10
   271     8.3176E+01  7.9433E+01     4.6045E-02     6.5802E+08     1.4291E+10
   272     7.9433E+01  7.5858E+01     4.6051E-02     6.5561E+08     1.4237E+10
   273     7.5858E+01  7.2444E+01     4.6049E-02     6.5474E+08     1.4218E+10
   274     7.2444E+01  6.9183E+01     4.6059E-02     6.4484E+08     1.4000E+10
   275     6.9183E+01  6.6069E+01     4.6056E-02     6.4699E+08     1.4048E+10
   276     6.6069E+01  6.3096E+01     4.6042E-02     6.4515E+08     1.4012E+10
   277     6.3096E+01  6.0256E+01     4.6055E-02     6.4600E+08     1.4027E+10
   278     6.0256E+01  5.7544E+01     4.6052E-02     6.4692E+08     1.4048E+10
   279     5.7544E+01  5.4954E+01     4.6053E-02     6.4540E+08     1.4014E+10
   280     5.4954E+01  5.2481E+01     4.6045E-02     6.4504E+08     1.4009E+10
   281     5.2481E+01  5.0119E+01     4.6051E-02     6.4188E+08     1.3939E+10
   282     5.0119E+01  4.7863E+01     4.6057E-02     6.3944E+08     1.3884E+10
   283     4.7863E+01  4.5709E+01     4.6048E-02     6.0980E+08     1.3243E+10
   284     4.5709E+01  4.3652E+01     4.6046E-02     4.2394E+08     9.2069E+09
   285     4.3652E+01  4.1687E+01     4.6060E-02     5.6206E+08     1.2203E+10
   286     4.1687E+01  3.9811E+01     4.6046E-02     5.7839E+08     1.2561E+10
   287     3.9811E+01  3.8019E+01     4.6057E-02     5.8210E+08     1.2639E+10
   288     3.8019E+01  3.6308E+01     4.6048E-02     5.8868E+08     1.2784E+10
   289     3.6308E+01  3.4674E+01     4.6048E-02     5.8845E+08     1.2779E+10
   290     3.4674E+01  3.3113E+01     4.6064E-02     5.9277E+08     1.2868E+10
   291     3.3113E+01  3.1623E+01     4.6041E-02     5.9324E+08     1.2885E+10
   292     3.1623E+01  3.0200E+01     4.6043E-02     5.9959E+08     1.3022E+10
   293     3.0200E+01  2.8840E+01     4.6079E-02     5.9992E+08     1.3020E+10
   294     2.8840E+01  2.7542E+01     4.6051E-02     6.0288E+08     1.3092E+10
   295     2.7542E+01  2.6303E+01     4.6029E-02     5.9708E+08     1.2972E+10
   296     2.6303E+01  2.5119E+01     4.6058E-02     5.9385E+08     1.2893E+10
   297     2.5119E+01  2.3988E+01     4.6071E-02     5.9591E+08     1.2935E+10
   298     2.3988E+01  2.2909E+01     4.6024E-02     5.9453E+08     1.2918E+10
   299     2.2909E+01  2.1878E+01     4.6048E-02     5.9156E+08     1.2846E+10
   300     2.1878E+01  2.0893E+01     4.6067E-02     5.9011E+08     1.2810E+10
   301     2.0893E+01  1.9953E+01     4.6035E-02     5.8530E+08     1.2714E+10
   302     1.9953E+01  1.9055E+01     4.6050E-02     5.7719E+08     1.2534E+10
   303     1.9055E+01  1.8197E+01     4.6073E-02     5.7504E+08     1.2481E+10
   304     1.8197E+01  1.7378E+01     4.6052E-02     5.7205E+08     1.2422E+10
   305     1.7378E+01  1.6596E+01     4.6043E-02     5.7107E+08     1.2403E+10
   306     1.6596E+01  1.5849E+01     4.6055E-02     5.6959E+08     1.2368E+10
   307     1.5849E+01  1.5136E+01     4.6030E-02     5.6592E+08     1.2295E+10
   308     1.5136E+01  1.4454E+01     4.6105E-02     5.6967E+08     1.2356E+10
   309     1.4454E+01  1.3804E+01     4.6013E-02     5.6504E+08     1.2280E+10
   310     1.3804E+01  1.3183E+01     4.6030E-02     5.6653E+08     1.2308E+10
   311     1.3183E+01  1.2589E+01     4.6105E-02     5.6393E+08     1.2231E+10
   312     1.2589E+01  1.2023E+01     4.6002E-02     5.5750E+08     1.2119E+10
   313     1.2023E+01  1.1482E+01     4.6041E-02     5.5593E+08     1.2075E+10
   314     1.1482E+01  1.0965E+01     4.6072E-02     5.5492E+08     1.2045E+10
   315     1.0965E+01  1.0471E+01     4.6099E-02     5.5334E+08     1.2003E+10
   316     1.0471E+01  1.0000E+01     4.6024E-02     5.5409E+08     1.2039E+10
   317     1.0000E+01  9.5499E+00     4.6054E-02     5.6806E+08     1.2335E+10
   318     9.5499E+00  9.1201E+00     4.6050E-02     5.3979E+08     1.1722E+10
   319     9.1201E+00  8.7096E+00     4.6055E-02     5.4691E+08     1.1875E+10
   320     8.7096E+00  8.3176E+00     4.6052E-02     5.4448E+08     1.1823E+10
   321     8.3176E+00  7.9433E+00     4.6045E-02     5.4072E+08     1.1743E+10
   322     7.9433E+00  7.5858E+00     4.6051E-02     5.4130E+08     1.1754E+10
   323     7.5858E+00  7.2444E+00     4.6049E-02     5.3947E+08     1.1715E+10
   324     7.2444E+00  6.9183E+00     4.6059E-02     5.3338E+08     1.1580E+10
   325     6.9183E+00  6.6069E+00     4.6056E-02     5.3401E+08     1.1595E+10
   326     6.6069E+00  6.3096E+00     4.6042E-02     5.3258E+08     1.1567E+10
   327     6.3096E+00  6.0256E+00     4.6055E-02     5.2872E+08     1.1480E+10
   328     6.0256E+00  5.7544E+00     4.6052E-02     5.3046E+08     1.1519E+10
   329     5.7544E+00  5.4954E+00     4.6053E-02     5.2611E+08     1.1424E+10
   330     5.4954E+00  5.2481E+00     4.6045E-02     5.2475E+08     1.1396E+10
   331     5.2481E+00  5.0119E+00     4.6051E-02     5.1992E+08     1.1290E+10
   332     5.0119E+00  4.7863E+00     4.6057E-02     5.2051E+08     1.1301E+10
   333     4.7863E+00  4.5709E+00     4.6048E-02     5.1883E+08     1.1267E+10
   334     4.5709E+00  4.3652E+00     4.6046E-02     5.1429E+08     1.1169E+10
   335     4.3652E+00  4.1687E+00     4.6060E-02     4.9644E+08     1.0778E+10
   336     4.1687E+00  3.9811E+00     4.6046E-02     4.9601E+08     1.0772E+10
   337     3.9811E+00  3.8019E+00     4.6057E-02     4.9468E+08     1.0741E+10
   338     3.8019E+00  3.6308E+00     4.6048E-02     4.9162E+08     1.0676E+10
   339     3.6308E+00  3.4674E+00     4.6048E-02     4.8988E+08     1.0638E+10
   340     3.4674E+00  3.3113E+00     4.6064E-02     4.8892E+08     1.0614E+10
   341     3.3113E+00  3.1623E+00     4.6041E-02     4.8773E+08     1.0593E+10
   342     3.1623E+00  3.0200E+00     4.6043E-02     4.8575E+08     1.0550E+10
   343     3.0200E+00  2.8840E+00     4.6079E-02     4.8571E+08     1.0541E+10
   344     2.8840E+00  2.7542E+00     4.6051E-02     4.8320E+08     1.0493E+10
   345     2.7542E+00  2.6303E+00     4.6029E-02     4.8050E+08     1.0439E+10
   346     2.6303E+00  2.5119E+00     4.6058E-02     4.7582E+08     1.0331E+10
   347     2.5119E+00  2.3988E+00     4.6071E-02     4.7335E+08     1.0274E+10
   348     2.3988E+00  2.2909E+00     4.6024E-02     4.7122E+08     1.0239E+10
   349     2.2909E+00  2.1878E+00     4.6048E-02     4.6832E+08     1.0170E+10
   350     2.1878E+00  2.0893E+00     4.6067E-02     4.6320E+08     1.0055E+10
   351     2.0893E+00  1.9953E+00     4.6035E-02     4.6295E+08     1.0056E+10
   352     1.9953E+00  1.9055E+00     4.6050E-02     4.5763E+08     9.9377E+09
   353     1.9055E+00  1.8197E+00     4.6073E-02     4.5701E+08     9.9193E+09
   354     1.8197E+00  1.7378E+00     4.6052E-02     4.5461E+08     9.8716E+09
   355     1.7378E+00  1.6596E+00     4.6043E-02     4.5194E+08     9.8156E+09
   356     1.6596E+00  1.5849E+00     4.6055E-02     4.4879E+08     9.7445E+09
   357     1.5849E+00  1.5136E+00     4.6030E-02     4.4674E+08     9.7053E+09
   358     1.5136E+00  1.4454E+00     4.6105E-02     4.4047E+08     9.5536E+09
   359     1.4454E+00  1.3804E+00     4.6013E-02     4.4116E+08     9.5877E+09
   360     1.3804E+00  1.3183E+00     4.6030E-02     4.3630E+08     9.4786E+09
   361     1.3183E+00  1.2589E+00     4.6105E-02     4.3497E+08     9.4345E+09
   362     1.2589E+00  1.2023E+00     4.6002E-02     4.2870E+08     9.3192E+09
   363     1.2023E+00  1.1481E+00     4.6128E-02     4.2595E+08     9.2340E+09
   364     1.1481E+00  1.0965E+00     4.5985E-02     4.2158E+08     9.1677E+09
   365     1.0965E+00  1.0471E+00     4.6099E-02     4.1736E+08     9.0535E+09
   366     1.0471E+00  1.0000E+00     4.6024E-02     4.1785E+08     9.0789E+09
   367     1.0000E+00  9.5499E-01     4.6054E-02     4.1282E+08     8.9637E+09
   368     9.5499E-01  9.1201E-01     4.6050E-02     4.0820E+08     8.8643E+09
   369     9.1201E-01  8.7096E-01     4.6055E-02     4.0419E+08     8.7763E+09
   370     8.7096E-01  8.3176E-01     4.6052E-02     4.0295E+08     8.7499E+09
   371     8.3176E-01  7.9433E-01     4.6045E-02     3.9951E+08     8.6765E+09
   372     7.9433E-01  7.5858E-01     4.6051E-02     3.9342E+08     8.5431E+09
   373     7.5858E-01  7.2444E-01     4.6049E-02     3.9299E+08     8.5341E+09
   374     7.2444E-01  6.9183E-01     4.6059E-02     3.8783E+08     8.4204E+09
   375     6.9183E-01  6.6069E-01     4.6056E-02     3.8210E+08     8.2965E+09
   376     6.6069E-01  6.3096E-01     4.6042E-02     3.8286E+08     8.3155E+09
   377     6.3096E-01  6.0256E-01     4.6055E-02     3.7652E+08     8.1755E+09
   378     6.0256E-01  5.7544E-01     4.6052E-02     3.7350E+08     8.1103E+09
   379     5.7544E-01  5.4954E-01     4.6053E-02     3.7172E+08     8.0714E+09
   380     5.4954E-01  5.2481E-01     4.6045E-02     3.6789E+08     7.9898E+09
   381     5.2481E-01  5.0119E-01     4.6051E-02     3.6349E+08     7.8933E+09
   382     5.0119E-01  4.7863E-01     4.6057E-02     3.6064E+08     7.8302E+09
   383     4.7863E-01  4.5709E-01     4.6048E-02     3.5558E+08     7.7220E+09
   384     4.5709E-01  4.3652E-01     4.6046E-02     3.5313E+08     7.6690E+09
   385     4.3652E-01  4.1687E-01     4.6060E-02     3.4882E+08     7.5733E+09
   386     4.1687E-01  3.9811E-01     4.6046E-02     3.4479E+08     7.4879E+09
   387     3.9811E-01  3.8019E-01     4.6057E-02     3.4142E+08     7.4130E+09
   388     3.8019E-01  3.6308E-01     4.6048E-02     3.3556E+08     7.2871E+09
   389     3.6308E-01  3.4674E-01     4.6048E-02     3.3404E+08     7.2543E+09
   390     3.4674E-01  3.3113E-01     4.6064E-02     3.3139E+08     7.1941E+09
   391     3.3113E-01  3.1623E-01     4.6041E-02     3.2864E+08     7.1380E+09
   392     3.1623E-01  3.0199E-01     4.6076E-02     3.2277E+08     7.0051E+09
   393     3.0199E-01  2.8840E-01     4.6045E-02     3.2298E+08     7.0144E+09
   394     2.8840E-01  2.7542E-01     4.6051E-02     3.1753E+08     6.8951E+09
   395     2.7542E-01  2.6303E-01     4.6029E-02     3.1313E+08     6.8029E+09
   396     2.6303E-01  2.5119E-01     4.6058E-02     3.1231E+08     6.7808E+09
   397     2.5119E-01  2.3988E-01     4.6071E-02     3.0748E+08     6.6741E+09
   398     2.3988E-01  2.2909E-01     4.6024E-02     3.0540E+08     6.6357E+09
   399     2.2909E-01  2.1878E-01     4.6048E-02     3.0434E+08     6.6091E+09
   400     2.1878E-01  2.0893E-01     4.6067E-02     3.0034E+08     6.5197E+09
   401     2.0893E-01  1.9953E-01     4.6035E-02     2.9938E+08     6.5033E+09
   402     1.9953E-01  1.9055E-01     4.6050E-02     2.9471E+08     6.3997E+09
   403     1.9055E-01  1.8197E-01     4.6073E-02     2.9349E+08     6.3702E+09
   404     1.8197E-01  1.7378E-01     4.6052E-02     2.9208E+08     6.3425E+09
   405     1.7378E-01  1.6596E-01     4.6043E-02     2.8932E+08     6.2837E+09
   406     1.6596E-01  1.5849E-01     4.6055E-02     2.8804E+08     6.2543E+09
   407     1.5849E-01  1.5136E-01     4.6030E-02     2.8598E+08     6.2128E+09
   408     1.5136E-01  1.4454E-01     4.6105E-02     2.8610E+08     6.2055E+09
   409     1.4454E-01  1.3804E-01     4.6013E-02     2.8534E+08     6.2013E+09
   410     1.3804E-01  1.3183E-01     4.6030E-02     2.8172E+08     6.1204E+09
   411     1.3183E-01  1.2589E-01     4.6105E-02     2.8077E+08     6.0898E+09
   412     1.2589E-01  1.2023E-01     4.6002E-02     2.8013E+08     6.0895E+09
   413     1.2023E-01  1.1481E-01     4.6128E-02     2.7637E+08     5.9914E+09
   414     1.1481E-01  1.0965E-01     4.5985E-02     2.7778E+08     6.0407E+09
   415     1.0965E-01  1.0471E-01     4.6099E-02     2.7347E+08     5.9322E+09
   416     1.0471E-01  1.0000E-01     4.6024E-02     2.7090E+08     5.8860E+09
   417     1.0000E-01  9.5499E-02     4.6054E-02     2.6775E+08     5.8137E+09
   418     9.5499E-02  9.1201E-02     4.6050E-02     2.6471E+08     5.7483E+09
   419     9.1201E-02  8.7096E-02     4.6055E-02     2.6404E+08     5.7331E+09
   420     8.7096E-02  8.3176E-02     4.6052E-02     2.5804E+08     5.6033E+09
   421     8.3176E-02  7.9433E-02     4.6045E-02     2.5452E+08     5.5277E+09
   422     7.9433E-02  7.5858E-02     4.6051E-02     2.5235E+08     5.4798E+09
   423     7.5858E-02  7.2444E-02     4.6049E-02     2.4591E+08     5.3402E+09
   424     7.2444E-02  6.9183E-02     4.6059E-02     2.4186E+08     5.2511E+09
   425     6.9183E-02  6.6069E-02     4.6056E-02     2.3555E+08     5.1145E+09
   426     6.6069E-02  6.3096E-02     4.6042E-02     2.2970E+08     4.9888E+09
   427     6.3096E-02  6.0256E-02     4.6055E-02     2.2275E+08     4.8366E+09
   428     6.0256E-02  5.7544E-02     4.6052E-02     2.1669E+08     4.7052E+09
   429     5.7544E-02  5.4954E-02     4.6053E-02     2.1147E+08     4.5919E+09
   430     5.4954E-02  5.2481E-02     4.6045E-02     2.0395E+08     4.4293E+09
   431     5.2481E-02  5.0119E-02     4.6051E-02     1.9570E+08     4.2497E+09
   432     5.0119E-02  4.7863E-02     4.6057E-02     1.9036E+08     4.1332E+09
   433     4.7863E-02  4.5709E-02     4.6048E-02     1.8147E+08     3.9408E+09
   434     4.5709E-02  4.3652E-02     4.6046E-02     1.7436E+08     3.7865E+09
   435     4.3652E-02  4.1687E-02     4.6060E-02     1.6745E+08     3.6355E+09
   436     4.1687E-02  3.9811E-02     4.6046E-02     1.6022E+08     3.4795E+09
   437     3.9811E-02  3.8019E-02     4.6057E-02     1.5299E+08     3.3218E+09
   438     3.8019E-02  3.6308E-02     4.6048E-02     1.4528E+08     3.1551E+09
   439     3.6308E-02  3.4674E-02     4.6048E-02     1.3820E+08     3.0012E+09
   440     3.4674E-02  3.3113E-02     4.6064E-02     1.3135E+08     2.8515E+09
   441     3.3113E-02  3.1623E-02     4.6041E-02     1.2398E+08     2.6927E+09
   442     3.1623E-02  3.0199E-02     4.6076E-02     1.1833E+08     2.5681E+09
   443     3.0199E-02  2.8840E-02     4.6045E-02     1.1172E+08     2.4263E+09
   444     2.8840E-02  2.7542E-02     4.6051E-02     1.0530E+08     2.2867E+09
   445     2.7542E-02  2.6303E-02     4.6029E-02     9.9597E+07     2.1638E+09
   446     2.6303E-02  2.5119E-02     4.6058E-02     9.3790E+07     2.0363E+09
   447     2.5119E-02  2.3988E-02     4.6071E-02     8.8135E+07     1.9130E+09
   448     2.3988E-02  2.2909E-02     4.6024E-02     8.2057E+07     1.7829E+09
   449     2.2909E-02  2.1878E-02     4.6048E-02     7.6981E+07     1.6717E+09
   450     2.1878E-02  2.0893E-02     4.6067E-02     7.2612E+07     1.5762E+09
   451     2.0893E-02  1.9953E-02     4.6035E-02     6.7668E+07     1.4699E+09
   452     1.9953E-02  1.9055E-02     4.6050E-02     6.2882E+07     1.3655E+09
   453     1.9055E-02  1.8197E-02     4.6073E-02     5.8256E+07     1.2644E+09
   454     1.8197E-02  1.7378E-02     4.6052E-02     5.4939E+07     1.1930E+09
   455     1.7378E-02  1.6596E-02     4.6043E-02     0.0000E+00     0.0000E+00
   456     1.6596E-02  1.5849E-02     4.6055E-02     0.0000E+00     0.0000E+00
   457     1.5849E-02  1.5136E-02     4.6030E-02     0.0000E+00     0.0000E+00
   458     1.5136E-02  1.4454E-02     4.6105E-02     0.0000E+00     0.0000E+00
   459     1.4454E-02  1.3804E-02     4.6013E-02     0.0000E+00     0.0000E+00
   460     1.3804E-02  1.3183E-02     4.6030E-02     0.0000E+00     0.0000E+00
   461     1.3183E-02  1.2589E-02     4.6105E-02     0.0000E+00     0.0000E+00
   462     1.2589E-02  1.2023E-02     4.6002E-02     0.0000E+00     0.0000E+00
   463     1.2023E-02  1.1481E-02     4.6128E-02     0.0000E+00     0.0000E+00
   464     1.1481E-02  1.0965E-02     4.5985E-02     0.0000E+00     0.0000E+00
   465     1.0965E-02  1.0471E-02     4.6099E-02     0.0000E+00     0.0000E+00
   466     1.0471E-02  1.0000E-02     4.6024E-02     0.0000E+00     0.0000E+00
   467     1.0000E-02  9.5499E-03     4.6054E-02     0.0000E+00     0.0000E+00
   468     9.5499E-03  9.1201E-03     4.6050E-02     0.0000E+00     0.0000E+00
   469     9.1201E-03  8.7096E-03     4.6055E-02     0.0000E+00     0.0000E+00
   470     8.7096E-03  8.3176E-03     4.6052E-02     0.0000E+00     0.0000E+00
   471     8.3176E-03  7.9433E-03     4.6045E-02     0.0000E+00     0.0000E+00
   472     7.9433E-03  7.5858E-03     4.6051E-02     0.0000E+00     0.0000E+00
   473     7.5858E-03  7.2444E-03     4.6049E-02     0.0000E+00     0.0000E+00
   474     7.2444E-03  6.9183E-03     4.6059E-02     0.0000E+00     0.0000E+00
   475     6.9183E-03  6.6069E-03     4.6056E-02     0.0000E+00     0.0000E+00
   476     6.6069E-03  6.3096E-03     4.6042E-02     0.0000E+00     0.0000E+00
   477     6.3096E-03  6.0256E-03     4.6055E-02     0.0000E+00     0.0000E+00
   478     6.0256E-03  5.7544E-03     4.6052E-02     0.0000E+00     0.0000E+00
   479     5.7544E-03  5.4954E-03     4.6053E-02     0.0000E+00     0.0000E+00
   480     5.4954E-03  5.2481E-03     4.6045E-02     0.0000E+00     0.0000E+00
   481     5.2481E-03  5.0119E-03     4.6051E-02     0.0000E+00     0.0000E+00
   482     5.0119E-03  4.7863E-03     4.6057E-02     0.0000E+00     0.0000E+00
   483     4.7863E-03  4.5709E-03     4.6048E-02     0.0000E+00     0.0000E+00
   484     4.5709E-03  4.3652E-03     4.6046E-02     0.0000E+00     0.0000E+00
   485     4.3652E-03  4.1687E-03     4.6060E-02     0.0000E+00     0.0000E+00
   486     4.1687E-03  3.9811E-03     4.6046E-02     0.0000E+00     0.0000E+00
   487     3.9811E-03  3.8019E-03     4.6057E-02     0.0000E+00     0.0000E+00
   488     3.8019E-03  3.6308E-03     4.6048E-02     0.0000E+00     0.0000E+00
   489     3.6308E-03  3.4674E-03     4.6048E-02     0.0000E+00     0.0000E+00
   490     3.4674E-03  3.3113E-03     4.6064E-02     0.0000E+00     0.0000E+00
   491     3.3113E-03  3.1623E-03     4.6041E-02     0.0000E+00     0.0000E+00
   492     3.1623E-03  3.0200E-03     4.6043E-02     0.0000E+00     0.0000E+00
   493     3.0200E-03  2.8840E-03     4.6079E-02     0.0000E+00     0.0000E+00
   494     2.8840E-03  2.7542E-03     4.6051E-02     0.0000E+00     0.0000E+00
   495     2.7542E-03  2.6303E-03     4.6029E-02     0.0000E+00     0.0000E+00
   496     2.6303E-03  2.5119E-03     4.6058E-02     0.0000E+00     0.0000E+00
   497     2.5119E-03  2.3988E-03     4.6071E-02     0.0000E+00     0.0000E+00
   498     2.3988E-03  2.2909E-03     4.6024E-02     0.0000E+00     0.0000E+00
   499     2.2909E-03  2.1878E-03     4.6048E-02     0.0000E+00     0.0000E+00
   500     2.1878E-03  2.0893E-03     4.6067E-02     0.0000E+00     0.0000E+00
   501     2.0893E-03  1.9953E-03     4.6035E-02     0.0000E+00     0.0000E+00
   502     1.9953E-03  1.9055E-03     4.6050E-02     0.0000E+00     0.0000E+00
   503     1.9055E-03  1.8197E-03     4.6073E-02     0.0000E+00     0.0000E+00
   504     1.8197E-03  1.7378E-03     4.6052E-02     0.0000E+00     0.0000E+00
   505     1.7378E-03  1.6596E-03     4.6043E-02     0.0000E+00     0.0000E+00
   506     1.6596E-03  1.5849E-03     4.6055E-02     0.0000E+00     0.0000E+00
   507     1.5849E-03  1.5136E-03     4.6030E-02     0.0000E+00     0.0000E+00
   508     1.5136E-03  1.4454E-03     4.6105E-02     0.0000E+00     0.0000E+00
   509     1.4454E-03  1.3804E-03     4.6013E-02     0.0000E+00     0.0000E+00
   510     1.3804E-03  1.3183E-03     4.6030E-02     0.0000E+00     0.0000E+00
   511     1.3183E-03  1.2589E-03     4.6105E-02     0.0000E+00     0.0000E+00
   512     1.2589E-03  1.2023E-03     4.6002E-02     0.0000E+00     0.0000E+00
   513     1.2023E-03  1.1482E-03     4.6041E-02     0.0000E+00     0.0000E+00
   514     1.1482E-03  1.0965E-03     4.6072E-02     0.0000E+00     0.0000E+00
   515     1.0965E-03  1.0471E-03     4.6099E-02     0.0000E+00     0.0000E+00
   516     1.0471E-03  1.0000E-03     4.6024E-02     0.0000E+00     0.0000E+00
   517     1.0000E-03  9.5499E-04     4.6054E-02     0.0000E+00     0.0000E+00
   518     9.5499E-04  9.1201E-04     4.6050E-02     0.0000E+00     0.0000E+00
   519     9.1201E-04  8.7096E-04     4.6055E-02     0.0000E+00     0.0000E+00
   520     8.7096E-04  8.3176E-04     4.6052E-02     0.0000E+00     0.0000E+00
   521     8.3176E-04  7.9433E-04     4.6045E-02     0.0000E+00     0.0000E+00
   522     7.9433E-04  7.5858E-04     4.6051E-02     0.0000E+00     0.0000E+00
   523     7.5858E-04  7.2444E-04     4.6049E-02     0.0000E+00     0.0000E+00
   524     7.2444E-04  6.9183E-04     4.6059E-02     0.0000E+00     0.0000E+00
   525     6.9183E-04  6.6069E-04     4.6056E-02     0.0000E+00     0.0000E+00
   526     6.6069E-04  6.3096E-04     4.6042E-02     0.0000E+00     0.0000E+00
   527     6.3096E-04  6.0256E-04     4.6055E-02     0.0000E+00     0.0000E+00
   528     6.0256E-04  5.7544E-04     4.6052E-02     0.0000E+00     0.0000E+00
   529     5.7544E-04  5.4954E-04     4.6053E-02     0.0000E+00     0.0000E+00
   530     5.4954E-04  5.2481E-04     4.6045E-02     0.0000E+00     0.0000E+00
   531     5.2481E-04  5.0119E-04     4.6051E-02     0.0000E+00     0.0000E+00
   532     5.0119E-04  4.7863E-04     4.6057E-02     0.0000E+00     0.0000E+00
   533     4.7863E-04  4.5709E-04     4.6048E-02     0.0000E+00     0.0000E+00
   534     4.5709E-04  4.3652E-04     4.6046E-02     0.0000E+00     0.0000E+00
   535     4.3652E-04  4.1687E-04     4.6060E-02     0.0000E+00     0.0000E+00
   536     4.1687E-04  3.9811E-04     4.6046E-02     0.0000E+00     0.0000E+00
   537     3.9811E-04  3.8019E-04     4.6057E-02     0.0000E+00     0.0000E+00
   538     3.8019E-04  3.6308E-04     4.6048E-02     0.0000E+00     0.0000E+00
   539     3.6308E-04  3.4674E-04     4.6048E-02     0.0000E+00     0.0000E+00
   540     3.4674E-04  3.3113E-04     4.6064E-02     0.0000E+00     0.0000E+00
   541     3.3113E-04  3.1623E-04     4.6041E-02     0.0000E+00     0.0000E+00
   542     3.1623E-04  3.0199E-04     4.6076E-02     0.0000E+00     0.0000E+00
   543     3.0199E-04  2.8840E-04     4.6045E-02     0.0000E+00     0.0000E+00
   544     2.8840E-04  2.7542E-04     4.6051E-02     0.0000E+00     0.0000E+00
   545     2.7542E-04  2.6303E-04     4.6029E-02     0.0000E+00     0.0000E+00
   546     2.6303E-04  2.5119E-04     4.6058E-02     0.0000E+00     0.0000E+00
   547     2.5119E-04  2.3988E-04     4.6071E-02     0.0000E+00     0.0000E+00
   548     2.3988E-04  2.2909E-04     4.6024E-02     0.0000E+00     0.0000E+00
   549     2.2909E-04  2.1878E-04     4.6048E-02     0.0000E+00     0.0000E+00
   550     2.1878E-04  2.0893E-04     4.6067E-02     0.0000E+00     0.0000E+00
   551     2.0893E-04  1.9953E-04     4.6035E-02     0.0000E+00     0.0000E+00
   552     1.9953E-04  1.9055E-04     4.6050E-02     0.0000E+00     0.0000E+00
   553     1.9055E-04  1.8197E-04     4.6073E-02     0.0000E+00     0.0000E+00
   554     1.8197E-04  1.7378E-04     4.6052E-02     0.0000E+00     0.0000E+00
   555     1.7378E-04  1.6596E-04     4.6043E-02     0.0000E+00     0.0000E+00
   556     1.6596E-04  1.5849E-04     4.6055E-02     0.0000E+00     0.0000E+00
   557     1.5849E-04  1.5136E-04     4.6030E-02     0.0000E+00     0.0000E+00
   558     1.5136E-04  1.4454E-04     4.6105E-02     0.0000E+00     0.0000E+00
   559     1.4454E-04  1.3804E-04     4.6013E-02     0.0000E+00     0.0000E+00
   560     1.3804E-04  1.3183E-04     4.6030E-02     0.0000E+00     0.0000E+00
   561     1.3183E-04  1.2589E-04     4.6105E-02     0.0000E+00     0.0000E+00
   562     1.2589E-04  1.2023E-04     4.6002E-02     0.0000E+00     0.0000E+00
   563     1.2023E-04  1.1482E-04     4.6041E-02     0.0000E+00     0.0000E+00
   564     1.1482E-04  1.0965E-04     4.6072E-02     0.0000E+00     0.0000E+00
   565     1.0965E-04  1.0471E-04     4.6099E-02     0.0000E+00     0.0000E+00
   566     1.0471E-04  1.0000E-04     4.6024E-02     0.0000E+00     0.0000E+00
   567     1.0000E-04  9.5499E-05     4.6054E-02     0.0000E+00     0.0000E+00
   568     9.5499E-05  9.1201E-05     4.6050E-02     0.0000E+00     0.0000E+00
   569     9.1201E-05  8.7096E-05     4.6055E-02     0.0000E+00     0.0000E+00
   570     8.7096E-05  8.3176E-05     4.6052E-02     0.0000E+00     0.0000E+00
   571     8.3176E-05  7.9433E-05     4.6045E-02     0.0000E+00     0.0000E+00
   572     7.9433E-05  7.5858E-05     4.6051E-02     0.0000E+00     0.0000E+00
   573     7.5858E-05  7.2444E-05     4.6049E-02     0.0000E+00     0.0000E+00
   574     7.2444E-05  6.9183E-05     4.6059E-02     0.0000E+00     0.0000E+00
   575     6.9183E-05  6.6069E-05     4.6056E-02     0.0000E+00     0.0000E+00
   576     6.6069E-05  6.3096E-05     4.6042E-02     0.0000E+00     0.0000E+00
   577     6.3096E-05  6.0256E-05     4.6055E-02     0.0000E+00     0.0000E+00
   578     6.0256E-05  5.7544E-05     4.6052E-02     0.0000E+00     0.0000E+00
   579     5.7544E-05  5.4954E-05     4.6053E-02     0.0000E+00     0.0000E+00
   580     5.4954E-05  5.2481E-05     4.6045E-02     0.0000E+00     0.0000E+00
   581     5.2481E-05  5.0119E-05     4.6051E-02     0.0000E+00     0.0000E+00
   582     5.0119E-05  4.7863E-05     4.6057E-02     0.0000E+00     0.0000E+00
   583     4.7863E-05  4.5709E-05     4.6048E-02     0.0000E+00     0.0000E+00
   584     4.5709E-05  4.3652E-05     4.6046E-02     0.0000E+00     0.0000E+00
   585     4.3652E-05  4.1687E-05     4.6060E-02     0.0000E+00     0.0000E+00
   586     4.1687E-05  3.9811E-05     4.6046E-02     0.0000E+00     0.0000E+00
   587     3.9811E-05  3.8019E-05     4.6057E-02     0.0000E+00     0.0000E+00
   588     3.8019E-05  3.6308E-05     4.6048E-02     0.0000E+00     0.0000E+00
   589     3.6308E-05  3.4674E-05     4.6048E-02     0.0000E+00     0.0000E+00
   590     3.4674E-05  3.3113E-05     4.6064E-02     0.0000E+00     0.0000E+00
   591     3.3113E-05  3.1623E-05     4.6041E-02     0.0000E+00     0.0000E+00
   592     3.1623E-05  3.0199E-05     4.6076E-02     0.0000E+00     0.0000E+00
   593     3.0199E-05  2.8840E-05     4.6045E-02     0.0000E+00     0.0000E+00
   594     2.8840E-05  2.7542E-05     4.6051E-02     0.0000E+00     0.0000E+00
   595     2.7542E-05  2.6303E-05     4.6029E-02     0.0000E+00     0.0000E+00
   596     2.6303E-05  2.5119E-05     4.6058E-02     0.0000E+00     0.0000E+00
   597     2.5119E-05  2.3988E-05     4.6071E-02     0.0000E+00     0.0000E+00
   598     2.3988E-05  2.2909E-05     4.6024E-02     0.0000E+00     0.0000E+00
   599     2.2909E-05  2.1878E-05     4.6048E-02     0.0000E+00     0.0000E+00
   600     2.1878E-05  2.0893E-05     4.6067E-02     0.0000E+00     0.0000E+00
   601     2.0893E-05  1.9953E-05     4.6035E-02     0.0000E+00     0.0000E+00
   602     1.9953E-05  1.9055E-05     4.6050E-02     0.0000E+00     0.0000E+00
   603     1.9055E-05  1.8197E-05     4.6073E-02     0.0000E+00     0.0000E+00
   604     1.8197E-05  1.7378E-05     4.6052E-02     0.0000E+00     0.0000E+00
   605     1.7378E-05  1.6596E-05     4.6043E-02     0.0000E+00     0.0000E+00
   606     1.6596E-05  1.5849E-05     4.6055E-02     0.0000E+00     0.0000E+00
   607     1.5849E-05  1.5136E-05     4.6030E-02     0.0000E+00     0.0000E+00
   608     1.5136E-05  1.4454E-05     4.6105E-02     0.0000E+00     0.0000E+00
   609     1.4454E-05  1.3804E-05     4.6013E-02     0.0000E+00     0.0000E+00
   610     1.3804E-05  1.3183E-05     4.6030E-02     0.0000E+00     0.0000E+00
   611     1.3183E-05  1.2589E-05     4.6105E-02     0.0000E+00     0.0000E+00
   612     1.2589E-05  1.2023E-05     4.6002E-02     0.0000E+00     0.0000E+00
   613     1.2023E-05  1.1482E-05     4.6041E-02     0.0000E+00     0.0000E+00
   614     1.1482E-05  1.0965E-05     4.6072E-02     0.0000E+00     0.0000E+00
   615     1.0965E-05  1.0471E-05     4.6099E-02     0.0000E+00     0.0000E+00
   616     1.0471E-05  1.0000E-05     4.6024E-02     0.0000E+00     0.0000E+00
  TOTAL                                              2.4472E+11
