  GROUP      UPPER       LOWER         LETHARGY         DATA        DATA/LETHARGY

     1     2.0000E+07  1.9953E+07     2.3528E-03     0.0000E+00     0.0000E+00
     2     1.9953E+07  1.9055E+07     4.6050E-02     0.0000E+00     0.0000E+00
     3     1.9055E+07  1.8197E+07     4.6073E-02     0.0000E+00     0.0000E+00
     4     1.8197E+07  1.7378E+07     4.6052E-02     0.0000E+00     0.0000E+00
     5     1.7378E+07  1.6596E+07     4.6043E-02     0.0000E+00     0.0000E+00
     6     1.6596E+07  1.5849E+07     4.6055E-02     0.0000E+00     0.0000E+00
     7     1.5849E+07  1.5136E+07     4.6030E-02     1.4775E+10     3.2098E+11
     8     1.5136E+07  1.4454E+07     4.6105E-02     7.7371E+12     1.6782E+14
     9     1.4454E+07  1.3804E+07     4.6013E-02     5.0673E+13     1.1013E+15
    10     1.3804E+07  1.3183E+07     4.6030E-02     1.3224E+13     2.8730E+14
    11     1.3183E+07  1.2589E+07     4.6105E-02     1.5385E+12     3.3369E+13
    12     1.2589E+07  1.2023E+07     4.6002E-02     8.3685E+11     1.8192E+13
    13     1.2023E+07  1.1482E+07     4.6041E-02     5.1351E+11     1.1153E+13
    14     1.1482E+07  1.0965E+07     4.6072E-02     5.1871E+11     1.1259E+13
    15     1.0965E+07  1.0471E+07     4.6099E-02     6.3592E+11     1.3795E+13
    16     1.0471E+07  1.0000E+07     4.6024E-02     6.8106E+11     1.4798E+13
    17     1.0000E+07  9.5499E+06     4.6054E-02     6.8693E+11     1.4916E+13
    18     9.5499E+06  9.1201E+06     4.6050E-02     7.2668E+11     1.5780E+13
    19     9.1201E+06  8.7096E+06     4.6055E-02     7.0975E+11     1.5411E+13
    20     8.7096E+06  8.3176E+06     4.6052E-02     6.2943E+11     1.3668E+13
    21     8.3176E+06  7.9433E+06     4.6045E-02     6.0971E+11     1.3242E+13
    22     7.9433E+06  7.5858E+06     4.6051E-02     6.0812E+11     1.3206E+13
    23     7.5858E+06  7.2444E+06     4.6049E-02     6.2825E+11     1.3643E+13
    24     7.2444E+06  6.9183E+06     4.6059E-02     6.1400E+11     1.3331E+13
    25     6.9183E+06  6.6069E+06     4.6056E-02     5.8633E+11     1.2731E+13
    26     6.6069E+06  6.3096E+06     4.6042E-02     6.1959E+11     1.3457E+13
    27     6.3096E+06  6.0256E+06     4.6055E-02     6.4781E+11     1.4066E+13
    28     6.0256E+06  5.7544E+06     4.6052E-02     6.7662E+11     1.4692E+13
    29     5.7544E+06  5.4954E+06     4.6053E-02     7.2085E+11     1.5652E+13
    30     5.4954E+06  5.2481E+06     4.6045E-02     7.3418E+11     1.5945E+13
    31     5.2481E+06  5.0119E+06     4.6051E-02     7.7916E+11     1.6920E+13
    32     5.0119E+06  4.7863E+06     4.6057E-02     7.9778E+11     1.7321E+13
    33     4.7863E+06  4.5709E+06     4.6048E-02     8.3788E+11     1.8196E+13
    34     4.5709E+06  4.3652E+06     4.6046E-02     8.7217E+11     1.8941E+13
    35     4.3652E+06  4.1687E+06     4.6060E-02     8.8061E+11     1.9119E+13
    36     4.1687E+06  3.9811E+06     4.6046E-02     9.2459E+11     2.0080E+13
    37     3.9811E+06  3.8019E+06     4.6057E-02     9.3073E+11     2.0208E+13
    38     3.8019E+06  3.6308E+06     4.6048E-02     9.5672E+11     2.0777E+13
    39     3.6308E+06  3.4674E+06     4.6048E-02     1.0514E+12     2.2833E+13
    40     3.4674E+06  3.3113E+06     4.6064E-02     1.0968E+12     2.3810E+13
    41     3.3113E+06  3.1623E+06     4.6041E-02     1.1334E+12     2.4617E+13
    42     3.1623E+06  3.0200E+06     4.6043E-02     1.1403E+12     2.4767E+13
    43     3.0200E+06  2.8840E+06     4.6079E-02     1.2249E+12     2.6582E+13
    44     2.8840E+06  2.7542E+06     4.6051E-02     1.2762E+12     2.7713E+13
    45     2.7542E+06  2.6303E+06     4.6029E-02     1.3624E+12     2.9599E+13
    46     2.6303E+06  2.5119E+06     4.6058E-02     1.4148E+12     3.0718E+13
    47     2.5119E+06  2.3988E+06     4.6071E-02     1.5785E+12     3.4262E+13
    48     2.3988E+06  2.2909E+06     4.6024E-02     1.6976E+12     3.6886E+13
    49     2.2909E+06  2.1878E+06     4.6048E-02     1.7908E+12     3.8889E+13
    50     2.1878E+06  2.0893E+06     4.6067E-02     1.8443E+12     4.0034E+13
    51     2.0893E+06  1.9953E+06     4.6035E-02     1.8612E+12     4.0431E+13
    52     1.9953E+06  1.9055E+06     4.6050E-02     1.9237E+12     4.1774E+13
    53     1.9055E+06  1.8197E+06     4.6073E-02     2.1595E+12     4.6872E+13
    54     1.8197E+06  1.7378E+06     4.6052E-02     2.4913E+12     5.4098E+13
    55     1.7378E+06  1.6596E+06     4.6043E-02     2.5983E+12     5.6432E+13
    56     1.6596E+06  1.5849E+06     4.6055E-02     2.5327E+12     5.4993E+13
    57     1.5849E+06  1.5136E+06     4.6030E-02     2.5409E+12     5.5200E+13
    58     1.5136E+06  1.4454E+06     4.6105E-02     2.6565E+12     5.7618E+13
    59     1.4454E+06  1.3804E+06     4.6013E-02     2.7528E+12     5.9828E+13
    60     1.3804E+06  1.3183E+06     4.6030E-02     2.8484E+12     6.1882E+13
    61     1.3183E+06  1.2589E+06     4.6105E-02     2.8599E+12     6.2031E+13
    62     1.2589E+06  1.2023E+06     4.6002E-02     2.9893E+12     6.4981E+13
    63     1.2023E+06  1.1482E+06     4.6041E-02     3.3499E+12     7.2760E+13
    64     1.1482E+06  1.0965E+06     4.6072E-02     3.1462E+12     6.8289E+13
    65     1.0965E+06  1.0471E+06     4.6099E-02     2.9143E+12     6.3218E+13
    66     1.0471E+06  1.0000E+06     4.6024E-02     2.9084E+12     6.3193E+13
    67     1.0000E+06  9.5499E+05     4.6054E-02     3.1783E+12     6.9012E+13
    68     9.5499E+05  9.1201E+05     4.6050E-02     3.5009E+12     7.6024E+13
    69     9.1201E+05  8.7096E+05     4.6055E-02     3.3448E+12     7.2627E+13
    70     8.7096E+05  8.3176E+05     4.6052E-02     3.4627E+12     7.5190E+13
    71     8.3176E+05  7.9433E+05     4.6045E-02     3.4610E+12     7.5167E+13
    72     7.9433E+05  7.5858E+05     4.6051E-02     3.3686E+12     7.3150E+13
    73     7.5858E+05  7.2444E+05     4.6049E-02     3.5385E+12     7.6841E+13
    74     7.2444E+05  6.9183E+05     4.6059E-02     4.5245E+12     9.8232E+13
    75     6.9183E+05  6.6069E+05     4.6056E-02     3.7377E+12     8.1156E+13
    76     6.6069E+05  6.3096E+05     4.6042E-02     4.2851E+12     9.3070E+13
    77     6.3096E+05  6.0256E+05     4.6055E-02     3.5018E+12     7.6035E+13
    78     6.0256E+05  5.7544E+05     4.6052E-02     3.5352E+12     7.6766E+13
    79     5.7544E+05  5.4954E+05     4.6053E-02     3.7474E+12     8.1370E+13
    80     5.4954E+05  5.2481E+05     4.6045E-02     3.4798E+12     7.5574E+13
    81     5.2481E+05  5.0119E+05     4.6051E-02     3.4215E+12     7.4299E+13
    82     5.0119E+05  4.7863E+05     4.6057E-02     3.8525E+12     8.3646E+13
    83     4.7863E+05  4.5709E+05     4.6048E-02     3.9460E+12     8.5693E+13
    84     4.5709E+05  4.3652E+05     4.6046E-02     3.3543E+12     7.2846E+13
    85     4.3652E+05  4.1687E+05     4.6060E-02     3.1840E+12     6.9128E+13
    86     4.1687E+05  3.9811E+05     4.6046E-02     3.1370E+12     6.8127E+13
    87     3.9811E+05  3.8019E+05     4.6057E-02     3.0676E+12     6.6605E+13
    88     3.8019E+05  3.6308E+05     4.6048E-02     4.5773E+12     9.9402E+13
    89     3.6308E+05  3.4674E+05     4.6048E-02     4.6520E+12     1.0103E+14
    90     3.4674E+05  3.3113E+05     4.6064E-02     3.7324E+12     8.1026E+13
    91     3.3113E+05  3.1623E+05     4.6041E-02     2.4827E+12     5.3924E+13
    92     3.1623E+05  3.0200E+05     4.6043E-02     5.2992E+12     1.1509E+14
    93     3.0200E+05  2.8840E+05     4.6079E-02     3.4869E+12     7.5673E+13
    94     2.8840E+05  2.7542E+05     4.6051E-02     2.1775E+12     4.7284E+13
    95     2.7542E+05  2.6303E+05     4.6029E-02     3.9233E+12     8.5235E+13
    96     2.6303E+05  2.5119E+05     4.6058E-02     2.8094E+12     6.0996E+13
    97     2.5119E+05  2.3988E+05     4.6071E-02     2.7339E+12     5.9340E+13
    98     2.3988E+05  2.2909E+05     4.6024E-02     2.7525E+12     5.9807E+13
    99     2.2909E+05  2.1878E+05     4.6048E-02     2.4902E+12     5.4079E+13
   100     2.1878E+05  2.0893E+05     4.6067E-02     3.1636E+12     6.8673E+13
   101     2.0893E+05  1.9953E+05     4.6035E-02     2.3432E+12     5.0902E+13
   102     1.9953E+05  1.9055E+05     4.6050E-02     1.8616E+12     4.0426E+13
   103     1.9055E+05  1.8197E+05     4.6073E-02     3.1965E+12     6.9379E+13
   104     1.8197E+05  1.7378E+05     4.6052E-02     3.4543E+12     7.5008E+13
   105     1.7378E+05  1.6596E+05     4.6043E-02     2.7027E+12     5.8699E+13
   106     1.6596E+05  1.5849E+05     4.6055E-02     3.0403E+12     6.6014E+13
   107     1.5849E+05  1.5136E+05     4.6030E-02     2.4156E+12     5.2479E+13
   108     1.5136E+05  1.4454E+05     4.6105E-02     1.8975E+12     4.1156E+13
   109     1.4454E+05  1.3804E+05     4.6013E-02     2.0112E+12     4.3709E+13
   110     1.3804E+05  1.3183E+05     4.6030E-02     4.6169E+12     1.0030E+14
   111     1.3183E+05  1.2589E+05     4.6105E-02     2.7973E+12     6.0673E+13
   112     1.2589E+05  1.2023E+05     4.6002E-02     2.7792E+12     6.0415E+13
   113     1.2023E+05  1.1482E+05     4.6041E-02     2.5692E+12     5.5802E+13
   114     1.1482E+05  1.0965E+05     4.6072E-02     2.3102E+12     5.0143E+13
   115     1.0965E+05  1.0471E+05     4.6099E-02     2.3401E+12     5.0763E+13
   116     1.0471E+05  1.0000E+05     4.6024E-02     2.0867E+12     4.5340E+13
   117     1.0000E+05  9.5499E+04     4.6054E-02     1.8332E+12     3.9806E+13
   118     9.5499E+04  9.1201E+04     4.6050E-02     2.3086E+12     5.0132E+13
   119     9.1201E+04  8.7096E+04     4.6055E-02     2.1291E+12     4.6230E+13
   120     8.7096E+04  8.3176E+04     4.6052E-02     1.2065E+12     2.6199E+13
   121     8.3176E+04  7.9433E+04     4.6045E-02     4.4687E+12     9.7050E+13
   122     7.9433E+04  7.5858E+04     4.6051E-02     2.2630E+12     4.9142E+13
   123     7.5858E+04  7.2444E+04     4.6049E-02     1.6672E+12     3.6205E+13
   124     7.2444E+04  6.9183E+04     4.6059E-02     2.9896E+12     6.4909E+13
   125     6.9183E+04  6.6069E+04     4.6056E-02     2.4205E+12     5.2557E+13
   126     6.6069E+04  6.3096E+04     4.6042E-02     2.1278E+12     4.6214E+13
   127     6.3096E+04  6.0256E+04     4.6055E-02     1.9845E+12     4.3090E+13
   128     6.0256E+04  5.7544E+04     4.6052E-02     1.9481E+12     4.2302E+13
   129     5.7544E+04  5.4954E+04     4.6053E-02     1.8377E+12     3.9904E+13
   130     5.4954E+04  5.2481E+04     4.6045E-02     1.5442E+12     3.3537E+13
   131     5.2481E+04  5.0119E+04     4.6051E-02     1.5052E+12     3.2684E+13
   132     5.0119E+04  4.7863E+04     4.6057E-02     2.1586E+12     4.6867E+13
   133     4.7863E+04  4.5709E+04     4.6048E-02     2.2441E+12     4.8733E+13
   134     4.5709E+04  4.3652E+04     4.6046E-02     2.1037E+12     4.5686E+13
   135     4.3652E+04  4.1687E+04     4.6060E-02     1.8568E+12     4.0313E+13
   136     4.1687E+04  3.9811E+04     4.6046E-02     1.7357E+12     3.7696E+13
   137     3.9811E+04  3.8019E+04     4.6057E-02     1.7240E+12     3.7433E+13
   138     3.8019E+04  3.6308E+04     4.6048E-02     1.6141E+12     3.5053E+13
   139     3.6308E+04  3.4674E+04     4.6048E-02     1.5306E+12     3.3240E+13
   140     3.4674E+04  3.3113E+04     4.6064E-02     1.4512E+12     3.1504E+13
   141     3.3113E+04  3.1623E+04     4.6041E-02     1.3067E+12     2.8382E+13
   142     3.1623E+04  3.0200E+04     4.6043E-02     1.0279E+12     2.2326E+13
   143     3.0200E+04  2.8840E+04     4.6079E-02     6.2367E+11     1.3535E+13
   144     2.8840E+04  2.7542E+04     4.6051E-02     2.8693E+11     6.2307E+12
   145     2.7542E+04  2.6303E+04     4.6029E-02     1.2776E+12     2.7757E+13
   146     2.6303E+04  2.5119E+04     4.6058E-02     4.5273E+12     9.8294E+13
   147     2.5119E+04  2.3988E+04     4.6071E-02     4.1024E+12     8.9046E+13
   148     2.3988E+04  2.2909E+04     4.6024E-02     2.1900E+12     4.7584E+13
   149     2.2909E+04  2.1878E+04     4.6048E-02     1.7778E+12     3.8608E+13
   150     2.1878E+04  2.0893E+04     4.6067E-02     1.5740E+12     3.4167E+13
   151     2.0893E+04  1.9953E+04     4.6035E-02     1.5832E+12     3.4392E+13
   152     1.9953E+04  1.9055E+04     4.6050E-02     1.6676E+12     3.6213E+13
   153     1.9055E+04  1.8197E+04     4.6073E-02     1.6517E+12     3.5850E+13
   154     1.8197E+04  1.7378E+04     4.6052E-02     1.6723E+12     3.6314E+13
   155     1.7378E+04  1.6596E+04     4.6043E-02     1.7122E+12     3.7187E+13
   156     1.6596E+04  1.5849E+04     4.6055E-02     1.6748E+12     3.6364E+13
   157     1.5849E+04  1.5136E+04     4.6030E-02     1.6510E+12     3.5867E+13
   158     1.5136E+04  1.4454E+04     4.6105E-02     1.6110E+12     3.4941E+13
   159     1.4454E+04  1.3804E+04     4.6013E-02     1.5394E+12     3.3456E+13
   160     1.3804E+04  1.3183E+04     4.6030E-02     1.5274E+12     3.3182E+13
   161     1.3183E+04  1.2589E+04     4.6105E-02     1.5051E+12     3.2645E+13
   162     1.2589E+04  1.2023E+04     4.6002E-02     1.4801E+12     3.2174E+13
   163     1.2023E+04  1.1482E+04     4.6041E-02     1.4428E+12     3.1337E+13
   164     1.1482E+04  1.0965E+04     4.6072E-02     1.4036E+12     3.0465E+13
   165     1.0965E+04  1.0471E+04     4.6099E-02     1.3430E+12     2.9133E+13
   166     1.0471E+04  1.0000E+04     4.6024E-02     1.3008E+12     2.8263E+13
   167     1.0000E+04  9.5499E+03     4.6054E-02     1.2563E+12     2.7278E+13
   168     9.5499E+03  9.1201E+03     4.6050E-02     1.1110E+12     2.4126E+13
   169     9.1201E+03  8.7096E+03     4.6055E-02     9.5437E+11     2.0722E+13
   170     8.7096E+03  8.3176E+03     4.6052E-02     7.8973E+11     1.7149E+13
   171     8.3176E+03  7.9433E+03     4.6045E-02     6.3293E+11     1.3746E+13
   172     7.9433E+03  7.5858E+03     4.6051E-02     6.2009E+11     1.3465E+13
   173     7.5858E+03  7.2444E+03     4.6049E-02     8.3597E+11     1.8154E+13
   174     7.2444E+03  6.9183E+03     4.6059E-02     1.1277E+12     2.4483E+13
   175     6.9183E+03  6.6069E+03     4.6056E-02     1.3404E+12     2.9105E+13
   176     6.6069E+03  6.3096E+03     4.6042E-02     1.2846E+12     2.7900E+13
   177     6.3096E+03  6.0256E+03     4.6055E-02     1.2104E+12     2.6282E+13
   178     6.0256E+03  5.7544E+03     4.6052E-02     1.4661E+12     3.1836E+13
   179     5.7544E+03  5.4954E+03     4.6053E-02     1.3267E+12     2.8807E+13
   180     5.4954E+03  5.2481E+03     4.6045E-02     1.4502E+12     3.1495E+13
   181     5.2481E+03  5.0119E+03     4.6051E-02     1.4655E+12     3.1823E+13
   182     5.0119E+03  4.7863E+03     4.6057E-02     1.4320E+12     3.1092E+13
   183     4.7863E+03  4.5709E+03     4.6048E-02     1.3784E+12     2.9935E+13
   184     4.5709E+03  4.3652E+03     4.6046E-02     1.3004E+12     2.8242E+13
   185     4.3652E+03  4.1687E+03     4.6060E-02     1.2332E+12     2.6774E+13
   186     4.1687E+03  3.9811E+03     4.6046E-02     1.1319E+12     2.4581E+13
   187     3.9811E+03  3.8019E+03     4.6057E-02     1.1750E+12     2.5512E+13
   188     3.8019E+03  3.6308E+03     4.6048E-02     1.4318E+12     3.1095E+13
   189     3.6308E+03  3.4674E+03     4.6048E-02     1.4348E+12     3.1158E+13
   190     3.4674E+03  3.3113E+03     4.6064E-02     1.4267E+12     3.0972E+13
   191     3.3113E+03  3.1623E+03     4.6041E-02     1.3850E+12     3.0081E+13
   192     3.1623E+03  3.0199E+03     4.6076E-02     1.2833E+12     2.7852E+13
   193     3.0199E+03  2.8840E+03     4.6045E-02     1.3723E+12     2.9802E+13
   194     2.8840E+03  2.7542E+03     4.6051E-02     1.2612E+12     2.7386E+13
   195     2.7542E+03  2.6303E+03     4.6029E-02     1.2123E+12     2.6338E+13
   196     2.6303E+03  2.5119E+03     4.6058E-02     1.1415E+12     2.4784E+13
   197     2.5119E+03  2.3988E+03     4.6071E-02     1.0320E+12     2.2401E+13
   198     2.3988E+03  2.2909E+03     4.6024E-02     9.9732E+11     2.1670E+13
   199     2.2909E+03  2.1878E+03     4.6048E-02     1.0463E+12     2.2722E+13
   200     2.1878E+03  2.0893E+03     4.6067E-02     1.1483E+12     2.4927E+13
   201     2.0893E+03  1.9953E+03     4.6035E-02     1.2216E+12     2.6537E+13
   202     1.9953E+03  1.9055E+03     4.6050E-02     1.2635E+12     2.7437E+13
   203     1.9055E+03  1.8197E+03     4.6073E-02     1.2499E+12     2.7129E+13
   204     1.8197E+03  1.7378E+03     4.6052E-02     1.2045E+12     2.6155E+13
   205     1.7378E+03  1.6596E+03     4.6043E-02     1.1927E+12     2.5903E+13
   206     1.6596E+03  1.5849E+03     4.6055E-02     1.1271E+12     2.4472E+13
   207     1.5849E+03  1.5136E+03     4.6030E-02     1.0728E+12     2.3306E+13
   208     1.5136E+03  1.4454E+03     4.6105E-02     1.1121E+12     2.4121E+13
   209     1.4454E+03  1.3804E+03     4.6013E-02     1.0326E+12     2.2442E+13
   210     1.3804E+03  1.3183E+03     4.6030E-02     1.0932E+12     2.3750E+13
   211     1.3183E+03  1.2589E+03     4.6105E-02     1.0347E+12     2.2443E+13
   212     1.2589E+03  1.2023E+03     4.6002E-02     1.0724E+12     2.3313E+13
   213     1.2023E+03  1.1481E+03     4.6128E-02     9.3407E+11     2.0250E+13
   214     1.1481E+03  1.0965E+03     4.5985E-02     7.9552E+11     1.7300E+13
   215     1.0965E+03  1.0471E+03     4.6099E-02     8.1823E+11     1.7749E+13
   216     1.0471E+03  1.0000E+03     4.6024E-02     9.1226E+11     1.9821E+13
   217     1.0000E+03  9.5499E+02     4.6054E-02     8.4079E+11     1.8256E+13
   218     9.5499E+02  9.1201E+02     4.6050E-02     9.8801E+11     2.1455E+13
   219     9.1201E+02  8.7096E+02     4.6055E-02     9.4301E+11     2.0476E+13
   220     8.7096E+02  8.3176E+02     4.6052E-02     9.0619E+11     1.9678E+13
   221     8.3176E+02  7.9433E+02     4.6045E-02     8.4478E+11     1.8347E+13
   222     7.9433E+02  7.5858E+02     4.6051E-02     9.0146E+11     1.9575E+13
   223     7.5858E+02  7.2444E+02     4.6049E-02     8.1650E+11     1.7731E+13
   224     7.2444E+02  6.9183E+02     4.6059E-02     8.5829E+11     1.8635E+13
   225     6.9183E+02  6.6069E+02     4.6056E-02     7.9867E+11     1.7342E+13
   226     6.6069E+02  6.3096E+02     4.6042E-02     8.3988E+11     1.8242E+13
   227     6.3096E+02  6.0256E+02     4.6055E-02     8.1672E+11     1.7733E+13
   228     6.0256E+02  5.7544E+02     4.6052E-02     7.8218E+11     1.6985E+13
   229     5.7544E+02  5.4954E+02     4.6053E-02     8.0106E+11     1.7394E+13
   230     5.4954E+02  5.2481E+02     4.6045E-02     7.7153E+11     1.6756E+13
   231     5.2481E+02  5.0119E+02     4.6051E-02     7.6411E+11     1.6593E+13
   232     5.0119E+02  4.7863E+02     4.6057E-02     7.2563E+11     1.5755E+13
   233     4.7863E+02  4.5709E+02     4.6048E-02     7.6284E+11     1.6566E+13
   234     4.5709E+02  4.3652E+02     4.6046E-02     7.3939E+11     1.6058E+13
   235     4.3652E+02  4.1687E+02     4.6060E-02     7.0482E+11     1.5302E+13
   236     4.1687E+02  3.9811E+02     4.6046E-02     7.0435E+11     1.5297E+13
   237     3.9811E+02  3.8019E+02     4.6057E-02     6.7243E+11     1.4600E+13
   238     3.8019E+02  3.6308E+02     4.6048E-02     6.1081E+11     1.3265E+13
   239     3.6308E+02  3.4674E+02     4.6048E-02     4.5917E+11     9.9716E+12
   240     3.4674E+02  3.3113E+02     4.6064E-02     2.9834E+11     6.4767E+12
   241     3.3113E+02  3.1623E+02     4.6041E-02     4.6579E+11     1.0117E+13
   242     3.1623E+02  3.0199E+02     4.6076E-02     6.5194E+11     1.4149E+13
   243     3.0199E+02  2.8840E+02     4.6045E-02     6.9258E+11     1.5041E+13
   244     2.8840E+02  2.7542E+02     4.6051E-02     6.6720E+11     1.4488E+13
   245     2.7542E+02  2.6303E+02     4.6029E-02     6.7297E+11     1.4621E+13
   246     2.6303E+02  2.5119E+02     4.6058E-02     6.3050E+11     1.3689E+13
   247     2.5119E+02  2.3988E+02     4.6071E-02     5.7901E+11     1.2568E+13
   248     2.3988E+02  2.2909E+02     4.6024E-02     6.0609E+11     1.3169E+13
   249     2.2909E+02  2.1878E+02     4.6048E-02     5.4589E+11     1.1855E+13
   250     2.1878E+02  2.0893E+02     4.6067E-02     5.9493E+11     1.2914E+13
   251     2.0893E+02  1.9953E+02     4.6035E-02     5.5658E+11     1.2091E+13
   252     1.9953E+02  1.9055E+02     4.6050E-02     5.2324E+11     1.1362E+13
   253     1.9055E+02  1.8197E+02     4.6073E-02     4.2989E+11     9.3307E+12
   254     1.8197E+02  1.7378E+02     4.6052E-02     5.2780E+11     1.1461E+13
   255     1.7378E+02  1.6596E+02     4.6043E-02     5.0198E+11     1.0902E+13
   256     1.6596E+02  1.5849E+02     4.6055E-02     4.8929E+11     1.0624E+13
   257     1.5849E+02  1.5136E+02     4.6030E-02     4.6183E+11     1.0033E+13
   258     1.5136E+02  1.4454E+02     4.6105E-02     4.6057E+11     9.9896E+12
   259     1.4454E+02  1.3804E+02     4.6013E-02     4.5762E+11     9.9455E+12
   260     1.3804E+02  1.3183E+02     4.6030E-02     4.3734E+11     9.5012E+12
   261     1.3183E+02  1.2589E+02     4.6105E-02     4.3727E+11     9.4842E+12
   262     1.2589E+02  1.2023E+02     4.6002E-02     4.4511E+11     9.6759E+12
   263     1.2023E+02  1.1482E+02     4.6041E-02     4.0369E+11     8.7680E+12
   264     1.1482E+02  1.0965E+02     4.6072E-02     3.9401E+11     8.5519E+12
   265     1.0965E+02  1.0471E+02     4.6099E-02     4.0655E+11     8.8191E+12
   266     1.0471E+02  1.0000E+02     4.6024E-02     3.5406E+11     7.6929E+12
   267     1.0000E+02  9.5499E+01     4.6054E-02     3.7790E+11     8.2054E+12
   268     9.5499E+01  9.1201E+01     4.6050E-02     3.7558E+11     8.1559E+12
   269     9.1201E+01  8.7096E+01     4.6055E-02     3.6756E+11     7.9810E+12
   270     8.7096E+01  8.3176E+01     4.6052E-02     3.6308E+11     7.8842E+12
   271     8.3176E+01  7.9433E+01     4.6045E-02     3.6188E+11     7.8594E+12
   272     7.9433E+01  7.5858E+01     4.6051E-02     3.5613E+11     7.7334E+12
   273     7.5858E+01  7.2444E+01     4.6049E-02     3.5361E+11     7.6790E+12
   274     7.2444E+01  6.9183E+01     4.6059E-02     3.4313E+11     7.4498E+12
   275     6.9183E+01  6.6069E+01     4.6056E-02     3.4172E+11     7.4198E+12
   276     6.6069E+01  6.3096E+01     4.6042E-02     3.2079E+11     6.9674E+12
   277     6.3096E+01  6.0256E+01     4.6055E-02     3.2008E+11     6.9500E+12
   278     6.0256E+01  5.7544E+01     4.6052E-02     3.1160E+11     6.7663E+12
   279     5.7544E+01  5.4954E+01     4.6053E-02     3.1077E+11     6.7480E+12
   280     5.4954E+01  5.2481E+01     4.6045E-02     3.0370E+11     6.5957E+12
   281     5.2481E+01  5.0119E+01     4.6051E-02     2.8575E+11     6.2052E+12
   282     5.0119E+01  4.7863E+01     4.6057E-02     2.6098E+11     5.6663E+12
   283     4.7863E+01  4.5709E+01     4.6048E-02     1.9383E+11     4.2094E+12
   284     4.5709E+01  4.3652E+01     4.6046E-02     2.1834E+11     4.7418E+12
   285     4.3652E+01  4.1687E+01     4.6060E-02     2.0904E+11     4.5385E+12
   286     4.1687E+01  3.9811E+01     4.6046E-02     1.9581E+11     4.2525E+12
   287     3.9811E+01  3.8019E+01     4.6057E-02     1.8971E+11     4.1191E+12
   288     3.8019E+01  3.6308E+01     4.6048E-02     1.9160E+11     4.1609E+12
   289     3.6308E+01  3.4674E+01     4.6048E-02     1.8427E+11     4.0017E+12
   290     3.4674E+01  3.3113E+01     4.6064E-02     1.8328E+11     3.9788E+12
   291     3.3113E+01  3.1623E+01     4.6041E-02     1.8139E+11     3.9397E+12
   292     3.1623E+01  3.0200E+01     4.6043E-02     1.8119E+11     3.9352E+12
   293     3.0200E+01  2.8840E+01     4.6079E-02     1.7110E+11     3.7131E+12
   294     2.8840E+01  2.7542E+01     4.6051E-02     1.5859E+11     3.4437E+12
   295     2.7542E+01  2.6303E+01     4.6029E-02     1.1785E+11     2.5604E+12
   296     2.6303E+01  2.5119E+01     4.6058E-02     1.1606E+11     2.5199E+12
   297     2.5119E+01  2.3988E+01     4.6071E-02     1.1224E+11     2.4363E+12
   298     2.3988E+01  2.2909E+01     4.6024E-02     1.0118E+11     2.1984E+12
   299     2.2909E+01  2.1878E+01     4.6048E-02     9.5643E+10     2.0770E+12
   300     2.1878E+01  2.0893E+01     4.6067E-02     6.2461E+10     1.3559E+12
   301     2.0893E+01  1.9953E+01     4.6035E-02     6.4168E+10     1.3939E+12
   302     1.9953E+01  1.9055E+01     4.6050E-02     4.1457E+10     9.0026E+11
   303     1.9055E+01  1.8197E+01     4.6073E-02     2.7244E+10     5.9133E+11
   304     1.8197E+01  1.7378E+01     4.6052E-02     4.4586E+10     9.6818E+11
   305     1.7378E+01  1.6596E+01     4.6043E-02     4.6344E+10     1.0065E+12
   306     1.6596E+01  1.5849E+01     4.6055E-02     4.6532E+10     1.0103E+12
   307     1.5849E+01  1.5136E+01     4.6030E-02     4.6945E+10     1.0199E+12
   308     1.5136E+01  1.4454E+01     4.6105E-02     4.9022E+10     1.0633E+12
   309     1.4454E+01  1.3804E+01     4.6013E-02     4.6951E+10     1.0204E+12
   310     1.3804E+01  1.3183E+01     4.6030E-02     4.3110E+10     9.3655E+11
   311     1.3183E+01  1.2589E+01     4.6105E-02     4.5613E+10     9.8933E+11
   312     1.2589E+01  1.2023E+01     4.6002E-02     4.3427E+10     9.4403E+11
   313     1.2023E+01  1.1482E+01     4.6041E-02     4.3186E+10     9.3800E+11
   314     1.1482E+01  1.0965E+01     4.6072E-02     4.2820E+10     9.2940E+11
   315     1.0965E+01  1.0471E+01     4.6099E-02     3.9292E+10     8.5234E+11
   316     1.0471E+01  1.0000E+01     4.6024E-02     3.6072E+10     7.8377E+11
   317     1.0000E+01  9.5499E+00     4.6054E-02     3.6962E+10     8.0258E+11
   318     9.5499E+00  9.1201E+00     4.6050E-02     3.2332E+10     7.0210E+11
   319     9.1201E+00  8.7096E+00     4.6055E-02     3.4180E+10     7.4215E+11
   320     8.7096E+00  8.3176E+00     4.6052E-02     3.3650E+10     7.3070E+11
   321     8.3176E+00  7.9433E+00     4.6045E-02     2.9796E+10     6.4710E+11
   322     7.9433E+00  7.5858E+00     4.6051E-02     2.3470E+10     5.0966E+11
   323     7.5858E+00  7.2444E+00     4.6049E-02     2.1705E+10     4.7134E+11
   324     7.2444E+00  6.9183E+00     4.6059E-02     1.8945E+10     4.1132E+11
   325     6.9183E+00  6.6069E+00     4.6056E-02     1.9006E+10     4.1267E+11
   326     6.6069E+00  6.3096E+00     4.6042E-02     1.9834E+10     4.3077E+11
   327     6.3096E+00  6.0256E+00     4.6055E-02     1.9848E+10     4.3095E+11
   328     6.0256E+00  5.7544E+00     4.6052E-02     1.9818E+10     4.3034E+11
   329     5.7544E+00  5.4954E+00     4.6053E-02     1.8440E+10     4.0041E+11
   330     5.4954E+00  5.2481E+00     4.6045E-02     1.7566E+10     3.8148E+11
   331     5.2481E+00  5.0119E+00     4.6051E-02     1.7559E+10     3.8130E+11
   332     5.0119E+00  4.7863E+00     4.6057E-02     1.3826E+10     3.0019E+11
   333     4.7863E+00  4.5709E+00     4.6048E-02     1.2746E+10     2.7681E+11
   334     4.5709E+00  4.3652E+00     4.6046E-02     1.0387E+10     2.2557E+11
   335     4.3652E+00  4.1687E+00     4.6060E-02     5.0467E+09     1.0957E+11
   336     4.1687E+00  3.9811E+00     4.6046E-02     4.2990E+09     9.3364E+10
   337     3.9811E+00  3.8019E+00     4.6057E-02     4.0050E+09     8.6957E+10
   338     3.8019E+00  3.6308E+00     4.6048E-02     5.1736E+09     1.1235E+11
   339     3.6308E+00  3.4674E+00     4.6048E-02     4.7985E+09     1.0421E+11
   340     3.4674E+00  3.3113E+00     4.6064E-02     4.6321E+09     1.0056E+11
   341     3.3113E+00  3.1623E+00     4.6041E-02     3.9148E+09     8.5029E+10
   342     3.1623E+00  3.0200E+00     4.6043E-02     5.1613E+09     1.1210E+11
   343     3.0200E+00  2.8840E+00     4.6079E-02     4.6347E+09     1.0058E+11
   344     2.8840E+00  2.7542E+00     4.6051E-02     4.5179E+09     9.8105E+10
   345     2.7542E+00  2.6303E+00     4.6029E-02     5.2791E+09     1.1469E+11
   346     2.6303E+00  2.5119E+00     4.6058E-02     4.0325E+09     8.7551E+10
   347     2.5119E+00  2.3988E+00     4.6071E-02     4.3923E+09     9.5338E+10
   348     2.3988E+00  2.2909E+00     4.6024E-02     5.1928E+09     1.1283E+11
   349     2.2909E+00  2.1878E+00     4.6048E-02     3.9100E+09     8.4910E+10
   350     2.1878E+00  2.0893E+00     4.6067E-02     3.6031E+09     7.8214E+10
   351     2.0893E+00  1.9953E+00     4.6035E-02     3.7732E+09     8.1963E+10
   352     1.9953E+00  1.9055E+00     4.6050E-02     3.3714E+09     7.3212E+10
   353     1.9055E+00  1.8197E+00     4.6073E-02     4.1643E+09     9.0386E+10
   354     1.8197E+00  1.7378E+00     4.6052E-02     4.6599E+09     1.0119E+11
   355     1.7378E+00  1.6596E+00     4.6043E-02     3.6078E+09     7.8356E+10
   356     1.6596E+00  1.5849E+00     4.6055E-02     2.8381E+09     6.1624E+10
   357     1.5849E+00  1.5136E+00     4.6030E-02     3.3323E+09     7.2395E+10
   358     1.5136E+00  1.4454E+00     4.6105E-02     3.9969E+09     8.6691E+10
   359     1.4454E+00  1.3804E+00     4.6013E-02     3.5264E+09     7.6640E+10
   360     1.3804E+00  1.3183E+00     4.6030E-02     3.6372E+09     7.9017E+10
   361     1.3183E+00  1.2589E+00     4.6105E-02     2.9852E+09     6.4749E+10
   362     1.2589E+00  1.2023E+00     4.6002E-02     2.2387E+09     4.8665E+10
   363     1.2023E+00  1.1481E+00     4.6128E-02     2.8164E+09     6.1057E+10
   364     1.1481E+00  1.0965E+00     4.5985E-02     2.7947E+09     6.0773E+10
   365     1.0965E+00  1.0471E+00     4.6099E-02     2.6557E+09     5.7609E+10
   366     1.0471E+00  1.0000E+00     4.6024E-02     2.6130E+09     5.6774E+10
   367     1.0000E+00  9.5499E-01     4.6054E-02     2.9801E+09     6.4707E+10
   368     9.5499E-01  9.1201E-01     4.6050E-02     2.5479E+09     5.5330E+10
   369     9.1201E-01  8.7096E-01     4.6055E-02     2.4237E+09     5.2626E+10
   370     8.7096E-01  8.3176E-01     4.6052E-02     2.0656E+09     4.4853E+10
   371     8.3176E-01  7.9433E-01     4.6045E-02     2.0462E+09     4.4439E+10
   372     7.9433E-01  7.5858E-01     4.6051E-02     2.1445E+09     4.6567E+10
   373     7.5858E-01  7.2444E-01     4.6049E-02     1.7904E+09     3.8879E+10
   374     7.2444E-01  6.9183E-01     4.6059E-02     2.3640E+09     5.1326E+10
   375     6.9183E-01  6.6069E-01     4.6056E-02     2.3110E+09     5.0178E+10
   376     6.6069E-01  6.3096E-01     4.6042E-02     1.6647E+09     3.6156E+10
   377     6.3096E-01  6.0256E-01     4.6055E-02     1.5719E+09     3.4131E+10
   378     6.0256E-01  5.7544E-01     4.6052E-02     1.6012E+09     3.4770E+10
   379     5.7544E-01  5.4954E-01     4.6053E-02     1.1443E+09     2.4847E+10
   380     5.4954E-01  5.2481E-01     4.6045E-02     1.2271E+09     2.6649E+10
   381     5.2481E-01  5.0119E-01     4.6051E-02     1.8046E+09     3.9186E+10
   382     5.0119E-01  4.7863E-01     4.6057E-02     1.5018E+09     3.2607E+10
   383     4.7863E-01  4.5709E-01     4.6048E-02     1.2919E+09     2.8055E+10
   384     4.5709E-01  4.3652E-01     4.6046E-02     1.0353E+09     2.2483E+10
   385     4.3652E-01  4.1687E-01     4.6060E-02     1.2239E+09     2.6572E+10
   386     4.1687E-01  3.9811E-01     4.6046E-02     1.0106E+09     2.1947E+10
   387     3.9811E-01  3.8019E-01     4.6057E-02     1.4621E+09     3.1746E+10
   388     3.8019E-01  3.6308E-01     4.6048E-02     1.3543E+09     2.9411E+10
   389     3.6308E-01  3.4674E-01     4.6048E-02     6.7435E+08     1.4645E+10
   390     3.4674E-01  3.3113E-01     4.6064E-02     5.1907E+08     1.1268E+10
   391     3.3113E-01  3.1623E-01     4.6041E-02     9.3644E+08     2.0339E+10
   392     3.1623E-01  3.0199E-01     4.6076E-02     8.9067E+08     1.9330E+10
   393     3.0199E-01  2.8840E-01     4.6045E-02     4.2377E+08     9.2034E+09
   394     2.8840E-01  2.7542E-01     4.6051E-02     6.8135E+08     1.4795E+10
   395     2.7542E-01  2.6303E-01     4.6029E-02     5.7684E+08     1.2532E+10
   396     2.6303E-01  2.5119E-01     4.6058E-02     4.3929E+08     9.5377E+09
   397     2.5119E-01  2.3988E-01     4.6071E-02     6.4432E+08     1.3985E+10
   398     2.3988E-01  2.2909E-01     4.6024E-02     5.5421E+08     1.2042E+10
   399     2.2909E-01  2.1878E-01     4.6048E-02     2.3431E+08     5.0884E+09
   400     2.1878E-01  2.0893E-01     4.6067E-02     4.0914E+08     8.8813E+09
   401     2.0893E-01  1.9953E-01     4.6035E-02     5.5281E+08     1.2009E+10
   402     1.9953E-01  1.9055E-01     4.6050E-02     3.0734E+08     6.6741E+09
   403     1.9055E-01  1.8197E-01     4.6073E-02     5.0976E+08     1.1064E+10
   404     1.8197E-01  1.7378E-01     4.6052E-02     2.3263E+08     5.0515E+09
   405     1.7378E-01  1.6596E-01     4.6043E-02     1.8458E+08     4.0089E+09
   406     1.6596E-01  1.5849E-01     4.6055E-02     2.8147E+08     6.1115E+09
   407     1.5849E-01  1.5136E-01     4.6030E-02     3.8565E+08     8.3782E+09
   408     1.5136E-01  1.4454E-01     4.6105E-02     1.6684E+08     3.6188E+09
   409     1.4454E-01  1.3804E-01     4.6013E-02     6.1645E+08     1.3397E+10
   410     1.3804E-01  1.3183E-01     4.6030E-02     1.8231E+08     3.9606E+09
   411     1.3183E-01  1.2589E-01     4.6105E-02     7.9160E+07     1.7170E+09
   412     1.2589E-01  1.2023E-01     4.6002E-02     0.0000E+00     0.0000E+00
   413     1.2023E-01  1.1481E-01     4.6128E-02     0.0000E+00     0.0000E+00
   414     1.1481E-01  1.0965E-01     4.5985E-02     0.0000E+00     0.0000E+00
   415     1.0965E-01  1.0471E-01     4.6099E-02     0.0000E+00     0.0000E+00
   416     1.0471E-01  1.0000E-01     4.6024E-02     0.0000E+00     0.0000E+00
   417     1.0000E-01  9.5499E-02     4.6054E-02     0.0000E+00     0.0000E+00
   418     9.5499E-02  9.1201E-02     4.6050E-02     0.0000E+00     0.0000E+00
   419     9.1201E-02  8.7096E-02     4.6055E-02     0.0000E+00     0.0000E+00
   420     8.7096E-02  8.3176E-02     4.6052E-02     0.0000E+00     0.0000E+00
   421     8.3176E-02  7.9433E-02     4.6045E-02     0.0000E+00     0.0000E+00
   422     7.9433E-02  7.5858E-02     4.6051E-02     0.0000E+00     0.0000E+00
   423     7.5858E-02  7.2444E-02     4.6049E-02     0.0000E+00     0.0000E+00
   424     7.2444E-02  6.9183E-02     4.6059E-02     0.0000E+00     0.0000E+00
   425     6.9183E-02  6.6069E-02     4.6056E-02     0.0000E+00     0.0000E+00
   426     6.6069E-02  6.3096E-02     4.6042E-02     0.0000E+00     0.0000E+00
   427     6.3096E-02  6.0256E-02     4.6055E-02     0.0000E+00     0.0000E+00
   428     6.0256E-02  5.7544E-02     4.6052E-02     0.0000E+00     0.0000E+00
   429     5.7544E-02  5.4954E-02     4.6053E-02     0.0000E+00     0.0000E+00
   430     5.4954E-02  5.2481E-02     4.6045E-02     0.0000E+00     0.0000E+00
   431     5.2481E-02  5.0119E-02     4.6051E-02     0.0000E+00     0.0000E+00
   432     5.0119E-02  4.7863E-02     4.6057E-02     0.0000E+00     0.0000E+00
   433     4.7863E-02  4.5709E-02     4.6048E-02     0.0000E+00     0.0000E+00
   434     4.5709E-02  4.3652E-02     4.6046E-02     0.0000E+00     0.0000E+00
   435     4.3652E-02  4.1687E-02     4.6060E-02     0.0000E+00     0.0000E+00
   436     4.1687E-02  3.9811E-02     4.6046E-02     0.0000E+00     0.0000E+00
   437     3.9811E-02  3.8019E-02     4.6057E-02     0.0000E+00     0.0000E+00
   438     3.8019E-02  3.6308E-02     4.6048E-02     0.0000E+00     0.0000E+00
   439     3.6308E-02  3.4674E-02     4.6048E-02     0.0000E+00     0.0000E+00
   440     3.4674E-02  3.3113E-02     4.6064E-02     0.0000E+00     0.0000E+00
   441     3.3113E-02  3.1623E-02     4.6041E-02     0.0000E+00     0.0000E+00
   442     3.1623E-02  3.0199E-02     4.6076E-02     0.0000E+00     0.0000E+00
   443     3.0199E-02  2.8840E-02     4.6045E-02     0.0000E+00     0.0000E+00
   444     2.8840E-02  2.7542E-02     4.6051E-02     0.0000E+00     0.0000E+00
   445     2.7542E-02  2.6303E-02     4.6029E-02     0.0000E+00     0.0000E+00
   446     2.6303E-02  2.5119E-02     4.6058E-02     0.0000E+00     0.0000E+00
   447     2.5119E-02  2.3988E-02     4.6071E-02     0.0000E+00     0.0000E+00
   448     2.3988E-02  2.2909E-02     4.6024E-02     0.0000E+00     0.0000E+00
   449     2.2909E-02  2.1878E-02     4.6048E-02     0.0000E+00     0.0000E+00
   450     2.1878E-02  2.0893E-02     4.6067E-02     0.0000E+00     0.0000E+00
   451     2.0893E-02  1.9953E-02     4.6035E-02     0.0000E+00     0.0000E+00
   452     1.9953E-02  1.9055E-02     4.6050E-02     0.0000E+00     0.0000E+00
   453     1.9055E-02  1.8197E-02     4.6073E-02     0.0000E+00     0.0000E+00
   454     1.8197E-02  1.7378E-02     4.6052E-02     0.0000E+00     0.0000E+00
   455     1.7378E-02  1.6596E-02     4.6043E-02     0.0000E+00     0.0000E+00
   456     1.6596E-02  1.5849E-02     4.6055E-02     0.0000E+00     0.0000E+00
   457     1.5849E-02  1.5136E-02     4.6030E-02     0.0000E+00     0.0000E+00
   458     1.5136E-02  1.4454E-02     4.6105E-02     0.0000E+00     0.0000E+00
   459     1.4454E-02  1.3804E-02     4.6013E-02     0.0000E+00     0.0000E+00
   460     1.3804E-02  1.3183E-02     4.6030E-02     0.0000E+00     0.0000E+00
   461     1.3183E-02  1.2589E-02     4.6105E-02     0.0000E+00     0.0000E+00
   462     1.2589E-02  1.2023E-02     4.6002E-02     0.0000E+00     0.0000E+00
   463     1.2023E-02  1.1481E-02     4.6128E-02     0.0000E+00     0.0000E+00
   464     1.1481E-02  1.0965E-02     4.5985E-02     0.0000E+00     0.0000E+00
   465     1.0965E-02  1.0471E-02     4.6099E-02     0.0000E+00     0.0000E+00
   466     1.0471E-02  1.0000E-02     4.6024E-02     0.0000E+00     0.0000E+00
   467     1.0000E-02  9.5499E-03     4.6054E-02     0.0000E+00     0.0000E+00
   468     9.5499E-03  9.1201E-03     4.6050E-02     0.0000E+00     0.0000E+00
   469     9.1201E-03  8.7096E-03     4.6055E-02     0.0000E+00     0.0000E+00
   470     8.7096E-03  8.3176E-03     4.6052E-02     0.0000E+00     0.0000E+00
   471     8.3176E-03  7.9433E-03     4.6045E-02     0.0000E+00     0.0000E+00
   472     7.9433E-03  7.5858E-03     4.6051E-02     0.0000E+00     0.0000E+00
   473     7.5858E-03  7.2444E-03     4.6049E-02     0.0000E+00     0.0000E+00
   474     7.2444E-03  6.9183E-03     4.6059E-02     0.0000E+00     0.0000E+00
   475     6.9183E-03  6.6069E-03     4.6056E-02     0.0000E+00     0.0000E+00
   476     6.6069E-03  6.3096E-03     4.6042E-02     0.0000E+00     0.0000E+00
   477     6.3096E-03  6.0256E-03     4.6055E-02     0.0000E+00     0.0000E+00
   478     6.0256E-03  5.7544E-03     4.6052E-02     0.0000E+00     0.0000E+00
   479     5.7544E-03  5.4954E-03     4.6053E-02     0.0000E+00     0.0000E+00
   480     5.4954E-03  5.2481E-03     4.6045E-02     0.0000E+00     0.0000E+00
   481     5.2481E-03  5.0119E-03     4.6051E-02     0.0000E+00     0.0000E+00
   482     5.0119E-03  4.7863E-03     4.6057E-02     0.0000E+00     0.0000E+00
   483     4.7863E-03  4.5709E-03     4.6048E-02     0.0000E+00     0.0000E+00
   484     4.5709E-03  4.3652E-03     4.6046E-02     0.0000E+00     0.0000E+00
   485     4.3652E-03  4.1687E-03     4.6060E-02     0.0000E+00     0.0000E+00
   486     4.1687E-03  3.9811E-03     4.6046E-02     0.0000E+00     0.0000E+00
   487     3.9811E-03  3.8019E-03     4.6057E-02     0.0000E+00     0.0000E+00
   488     3.8019E-03  3.6308E-03     4.6048E-02     0.0000E+00     0.0000E+00
   489     3.6308E-03  3.4674E-03     4.6048E-02     0.0000E+00     0.0000E+00
   490     3.4674E-03  3.3113E-03     4.6064E-02     0.0000E+00     0.0000E+00
   491     3.3113E-03  3.1623E-03     4.6041E-02     0.0000E+00     0.0000E+00
   492     3.1623E-03  3.0200E-03     4.6043E-02     0.0000E+00     0.0000E+00
   493     3.0200E-03  2.8840E-03     4.6079E-02     0.0000E+00     0.0000E+00
   494     2.8840E-03  2.7542E-03     4.6051E-02     0.0000E+00     0.0000E+00
   495     2.7542E-03  2.6303E-03     4.6029E-02     0.0000E+00     0.0000E+00
   496     2.6303E-03  2.5119E-03     4.6058E-02     0.0000E+00     0.0000E+00
   497     2.5119E-03  2.3988E-03     4.6071E-02     0.0000E+00     0.0000E+00
   498     2.3988E-03  2.2909E-03     4.6024E-02     0.0000E+00     0.0000E+00
   499     2.2909E-03  2.1878E-03     4.6048E-02     0.0000E+00     0.0000E+00
   500     2.1878E-03  2.0893E-03     4.6067E-02     0.0000E+00     0.0000E+00
   501     2.0893E-03  1.9953E-03     4.6035E-02     0.0000E+00     0.0000E+00
   502     1.9953E-03  1.9055E-03     4.6050E-02     0.0000E+00     0.0000E+00
   503     1.9055E-03  1.8197E-03     4.6073E-02     0.0000E+00     0.0000E+00
   504     1.8197E-03  1.7378E-03     4.6052E-02     0.0000E+00     0.0000E+00
   505     1.7378E-03  1.6596E-03     4.6043E-02     0.0000E+00     0.0000E+00
   506     1.6596E-03  1.5849E-03     4.6055E-02     0.0000E+00     0.0000E+00
   507     1.5849E-03  1.5136E-03     4.6030E-02     0.0000E+00     0.0000E+00
   508     1.5136E-03  1.4454E-03     4.6105E-02     0.0000E+00     0.0000E+00
   509     1.4454E-03  1.3804E-03     4.6013E-02     0.0000E+00     0.0000E+00
   510     1.3804E-03  1.3183E-03     4.6030E-02     0.0000E+00     0.0000E+00
   511     1.3183E-03  1.2589E-03     4.6105E-02     0.0000E+00     0.0000E+00
   512     1.2589E-03  1.2023E-03     4.6002E-02     0.0000E+00     0.0000E+00
   513     1.2023E-03  1.1482E-03     4.6041E-02     0.0000E+00     0.0000E+00
   514     1.1482E-03  1.0965E-03     4.6072E-02     0.0000E+00     0.0000E+00
   515     1.0965E-03  1.0471E-03     4.6099E-02     0.0000E+00     0.0000E+00
   516     1.0471E-03  1.0000E-03     4.6024E-02     0.0000E+00     0.0000E+00
   517     1.0000E-03  9.5499E-04     4.6054E-02     0.0000E+00     0.0000E+00
   518     9.5499E-04  9.1201E-04     4.6050E-02     0.0000E+00     0.0000E+00
   519     9.1201E-04  8.7096E-04     4.6055E-02     0.0000E+00     0.0000E+00
   520     8.7096E-04  8.3176E-04     4.6052E-02     0.0000E+00     0.0000E+00
   521     8.3176E-04  7.9433E-04     4.6045E-02     0.0000E+00     0.0000E+00
   522     7.9433E-04  7.5858E-04     4.6051E-02     0.0000E+00     0.0000E+00
   523     7.5858E-04  7.2444E-04     4.6049E-02     0.0000E+00     0.0000E+00
   524     7.2444E-04  6.9183E-04     4.6059E-02     0.0000E+00     0.0000E+00
   525     6.9183E-04  6.6069E-04     4.6056E-02     0.0000E+00     0.0000E+00
   526     6.6069E-04  6.3096E-04     4.6042E-02     0.0000E+00     0.0000E+00
   527     6.3096E-04  6.0256E-04     4.6055E-02     0.0000E+00     0.0000E+00
   528     6.0256E-04  5.7544E-04     4.6052E-02     0.0000E+00     0.0000E+00
   529     5.7544E-04  5.4954E-04     4.6053E-02     0.0000E+00     0.0000E+00
   530     5.4954E-04  5.2481E-04     4.6045E-02     0.0000E+00     0.0000E+00
   531     5.2481E-04  5.0119E-04     4.6051E-02     0.0000E+00     0.0000E+00
   532     5.0119E-04  4.7863E-04     4.6057E-02     0.0000E+00     0.0000E+00
   533     4.7863E-04  4.5709E-04     4.6048E-02     0.0000E+00     0.0000E+00
   534     4.5709E-04  4.3652E-04     4.6046E-02     0.0000E+00     0.0000E+00
   535     4.3652E-04  4.1687E-04     4.6060E-02     0.0000E+00     0.0000E+00
   536     4.1687E-04  3.9811E-04     4.6046E-02     0.0000E+00     0.0000E+00
   537     3.9811E-04  3.8019E-04     4.6057E-02     0.0000E+00     0.0000E+00
   538     3.8019E-04  3.6308E-04     4.6048E-02     0.0000E+00     0.0000E+00
   539     3.6308E-04  3.4674E-04     4.6048E-02     0.0000E+00     0.0000E+00
   540     3.4674E-04  3.3113E-04     4.6064E-02     0.0000E+00     0.0000E+00
   541     3.3113E-04  3.1623E-04     4.6041E-02     0.0000E+00     0.0000E+00
   542     3.1623E-04  3.0199E-04     4.6076E-02     0.0000E+00     0.0000E+00
   543     3.0199E-04  2.8840E-04     4.6045E-02     0.0000E+00     0.0000E+00
   544     2.8840E-04  2.7542E-04     4.6051E-02     0.0000E+00     0.0000E+00
   545     2.7542E-04  2.6303E-04     4.6029E-02     0.0000E+00     0.0000E+00
   546     2.6303E-04  2.5119E-04     4.6058E-02     0.0000E+00     0.0000E+00
   547     2.5119E-04  2.3988E-04     4.6071E-02     0.0000E+00     0.0000E+00
   548     2.3988E-04  2.2909E-04     4.6024E-02     0.0000E+00     0.0000E+00
   549     2.2909E-04  2.1878E-04     4.6048E-02     0.0000E+00     0.0000E+00
   550     2.1878E-04  2.0893E-04     4.6067E-02     0.0000E+00     0.0000E+00
   551     2.0893E-04  1.9953E-04     4.6035E-02     0.0000E+00     0.0000E+00
   552     1.9953E-04  1.9055E-04     4.6050E-02     0.0000E+00     0.0000E+00
   553     1.9055E-04  1.8197E-04     4.6073E-02     0.0000E+00     0.0000E+00
   554     1.8197E-04  1.7378E-04     4.6052E-02     0.0000E+00     0.0000E+00
   555     1.7378E-04  1.6596E-04     4.6043E-02     0.0000E+00     0.0000E+00
   556     1.6596E-04  1.5849E-04     4.6055E-02     0.0000E+00     0.0000E+00
   557     1.5849E-04  1.5136E-04     4.6030E-02     0.0000E+00     0.0000E+00
   558     1.5136E-04  1.4454E-04     4.6105E-02     0.0000E+00     0.0000E+00
   559     1.4454E-04  1.3804E-04     4.6013E-02     0.0000E+00     0.0000E+00
   560     1.3804E-04  1.3183E-04     4.6030E-02     0.0000E+00     0.0000E+00
   561     1.3183E-04  1.2589E-04     4.6105E-02     0.0000E+00     0.0000E+00
   562     1.2589E-04  1.2023E-04     4.6002E-02     0.0000E+00     0.0000E+00
   563     1.2023E-04  1.1482E-04     4.6041E-02     0.0000E+00     0.0000E+00
   564     1.1482E-04  1.0965E-04     4.6072E-02     0.0000E+00     0.0000E+00
   565     1.0965E-04  1.0471E-04     4.6099E-02     0.0000E+00     0.0000E+00
   566     1.0471E-04  1.0000E-04     4.6024E-02     0.0000E+00     0.0000E+00
   567     1.0000E-04  9.5499E-05     4.6054E-02     0.0000E+00     0.0000E+00
   568     9.5499E-05  9.1201E-05     4.6050E-02     0.0000E+00     0.0000E+00
   569     9.1201E-05  8.7096E-05     4.6055E-02     0.0000E+00     0.0000E+00
   570     8.7096E-05  8.3176E-05     4.6052E-02     0.0000E+00     0.0000E+00
   571     8.3176E-05  7.9433E-05     4.6045E-02     0.0000E+00     0.0000E+00
   572     7.9433E-05  7.5858E-05     4.6051E-02     0.0000E+00     0.0000E+00
   573     7.5858E-05  7.2444E-05     4.6049E-02     0.0000E+00     0.0000E+00
   574     7.2444E-05  6.9183E-05     4.6059E-02     0.0000E+00     0.0000E+00
   575     6.9183E-05  6.6069E-05     4.6056E-02     0.0000E+00     0.0000E+00
   576     6.6069E-05  6.3096E-05     4.6042E-02     0.0000E+00     0.0000E+00
   577     6.3096E-05  6.0256E-05     4.6055E-02     0.0000E+00     0.0000E+00
   578     6.0256E-05  5.7544E-05     4.6052E-02     0.0000E+00     0.0000E+00
   579     5.7544E-05  5.4954E-05     4.6053E-02     0.0000E+00     0.0000E+00
   580     5.4954E-05  5.2481E-05     4.6045E-02     0.0000E+00     0.0000E+00
   581     5.2481E-05  5.0119E-05     4.6051E-02     0.0000E+00     0.0000E+00
   582     5.0119E-05  4.7863E-05     4.6057E-02     0.0000E+00     0.0000E+00
   583     4.7863E-05  4.5709E-05     4.6048E-02     0.0000E+00     0.0000E+00
   584     4.5709E-05  4.3652E-05     4.6046E-02     0.0000E+00     0.0000E+00
   585     4.3652E-05  4.1687E-05     4.6060E-02     0.0000E+00     0.0000E+00
   586     4.1687E-05  3.9811E-05     4.6046E-02     0.0000E+00     0.0000E+00
   587     3.9811E-05  3.8019E-05     4.6057E-02     0.0000E+00     0.0000E+00
   588     3.8019E-05  3.6308E-05     4.6048E-02     0.0000E+00     0.0000E+00
   589     3.6308E-05  3.4674E-05     4.6048E-02     0.0000E+00     0.0000E+00
   590     3.4674E-05  3.3113E-05     4.6064E-02     0.0000E+00     0.0000E+00
   591     3.3113E-05  3.1623E-05     4.6041E-02     0.0000E+00     0.0000E+00
   592     3.1623E-05  3.0199E-05     4.6076E-02     0.0000E+00     0.0000E+00
   593     3.0199E-05  2.8840E-05     4.6045E-02     0.0000E+00     0.0000E+00
   594     2.8840E-05  2.7542E-05     4.6051E-02     0.0000E+00     0.0000E+00
   595     2.7542E-05  2.6303E-05     4.6029E-02     0.0000E+00     0.0000E+00
   596     2.6303E-05  2.5119E-05     4.6058E-02     0.0000E+00     0.0000E+00
   597     2.5119E-05  2.3988E-05     4.6071E-02     0.0000E+00     0.0000E+00
   598     2.3988E-05  2.2909E-05     4.6024E-02     0.0000E+00     0.0000E+00
   599     2.2909E-05  2.1878E-05     4.6048E-02     0.0000E+00     0.0000E+00
   600     2.1878E-05  2.0893E-05     4.6067E-02     0.0000E+00     0.0000E+00
   601     2.0893E-05  1.9953E-05     4.6035E-02     0.0000E+00     0.0000E+00
   602     1.9953E-05  1.9055E-05     4.6050E-02     0.0000E+00     0.0000E+00
   603     1.9055E-05  1.8197E-05     4.6073E-02     0.0000E+00     0.0000E+00
   604     1.8197E-05  1.7378E-05     4.6052E-02     0.0000E+00     0.0000E+00
   605     1.7378E-05  1.6596E-05     4.6043E-02     0.0000E+00     0.0000E+00
   606     1.6596E-05  1.5849E-05     4.6055E-02     0.0000E+00     0.0000E+00
   607     1.5849E-05  1.5136E-05     4.6030E-02     0.0000E+00     0.0000E+00
   608     1.5136E-05  1.4454E-05     4.6105E-02     0.0000E+00     0.0000E+00
   609     1.4454E-05  1.3804E-05     4.6013E-02     0.0000E+00     0.0000E+00
   610     1.3804E-05  1.3183E-05     4.6030E-02     0.0000E+00     0.0000E+00
   611     1.3183E-05  1.2589E-05     4.6105E-02     0.0000E+00     0.0000E+00
   612     1.2589E-05  1.2023E-05     4.6002E-02     0.0000E+00     0.0000E+00
   613     1.2023E-05  1.1482E-05     4.6041E-02     0.0000E+00     0.0000E+00
   614     1.1482E-05  1.0965E-05     4.6072E-02     0.0000E+00     0.0000E+00
   615     1.0965E-05  1.0471E-05     4.6099E-02     0.0000E+00     0.0000E+00
   616     1.0471E-05  1.0000E-05     4.6024E-02     0.0000E+00     0.0000E+00
  TOTAL                                              5.0422E+14
