  GROUP      UPPER       LOWER         LETHARGY         DATA        DATA/LETHARGY

     1     2.0000E+07  1.9900E+07     5.0125E-03     0.0000E+00     0.0000E+00
     2     1.9900E+07  1.9800E+07     5.0378E-03     0.0000E+00     0.0000E+00
     3     1.9800E+07  1.9700E+07     5.0633E-03     0.0000E+00     0.0000E+00
     4     1.9700E+07  1.9600E+07     5.0891E-03     0.0000E+00     0.0000E+00
     5     1.9600E+07  1.9500E+07     5.1151E-03     0.0000E+00     0.0000E+00
     6     1.9500E+07  1.9400E+07     5.1414E-03     0.0000E+00     0.0000E+00
     7     1.9400E+07  1.9300E+07     5.1680E-03     0.0000E+00     0.0000E+00
     8     1.9300E+07  1.9200E+07     5.1948E-03     0.0000E+00     0.0000E+00
     9     1.9200E+07  1.9100E+07     5.2219E-03     0.0000E+00     0.0000E+00
    10     1.9100E+07  1.9000E+07     5.2494E-03     0.0000E+00     0.0000E+00
    11     1.9000E+07  1.8900E+07     5.2771E-03     0.0000E+00     0.0000E+00
    12     1.8900E+07  1.8800E+07     5.3051E-03     0.0000E+00     0.0000E+00
    13     1.8800E+07  1.8700E+07     5.3333E-03     0.0000E+00     0.0000E+00
    14     1.8700E+07  1.8600E+07     5.3619E-03     0.0000E+00     0.0000E+00
    15     1.8600E+07  1.8500E+07     5.3908E-03     0.0000E+00     0.0000E+00
    16     1.8500E+07  1.8400E+07     5.4201E-03     0.0000E+00     0.0000E+00
    17     1.8400E+07  1.8300E+07     5.4496E-03     0.0000E+00     0.0000E+00
    18     1.8300E+07  1.8200E+07     5.4795E-03     0.0000E+00     0.0000E+00
    19     1.8200E+07  1.8100E+07     5.5097E-03     0.0000E+00     0.0000E+00
    20     1.8100E+07  1.8000E+07     5.5402E-03     0.0000E+00     0.0000E+00
    21     1.8000E+07  1.7900E+07     5.5710E-03     1.6935E-13     3.0398E-11
    22     1.7900E+07  1.7800E+07     5.6023E-03     1.4780E-13     2.6382E-11
    23     1.7800E+07  1.7700E+07     5.6338E-03     2.0370E-13     3.6157E-11
    24     1.7700E+07  1.7600E+07     5.6657E-03     1.9532E-13     3.4474E-11
    25     1.7600E+07  1.7500E+07     5.6980E-03     2.6692E-13     4.6844E-11
    26     1.7500E+07  1.7400E+07     5.7307E-03     2.6357E-13     4.5993E-11
    27     1.7400E+07  1.7300E+07     5.7637E-03     3.4197E-13     5.9332E-11
    28     1.7300E+07  1.7200E+07     5.7971E-03     2.4397E-13     4.2085E-11
    29     1.7200E+07  1.7100E+07     5.8309E-03     2.4367E-13     4.1789E-11
    30     1.7100E+07  1.7000E+07     5.8651E-03     3.4174E-13     5.8267E-11
    31     1.7000E+07  1.6900E+07     5.8997E-03     3.7152E-13     6.2972E-11
    32     1.6900E+07  1.6800E+07     5.9347E-03     4.0105E-13     6.7577E-11
    33     1.6800E+07  1.6700E+07     5.9702E-03     5.3347E-13     8.9356E-11
    34     1.6700E+07  1.6600E+07     6.0060E-03     7.9545E-13     1.3244E-10
    35     1.6600E+07  1.6500E+07     6.0423E-03     4.4985E-13     7.4450E-11
    36     1.6500E+07  1.6400E+07     6.0790E-03     4.6735E-13     7.6879E-11
    37     1.6400E+07  1.6300E+07     6.1162E-03     6.5792E-13     1.0757E-10
    38     1.6300E+07  1.6200E+07     6.1539E-03     7.8516E-13     1.2759E-10
    39     1.6200E+07  1.6100E+07     6.1920E-03     7.9893E-13     1.2903E-10
    40     1.6100E+07  1.6000E+07     6.2305E-03     8.4373E-13     1.3542E-10
    41     1.6000E+07  1.5900E+07     6.2696E-03     8.4363E-13     1.3456E-10
    42     1.5900E+07  1.5800E+07     6.3092E-03     8.5346E-13     1.3527E-10
    43     1.5800E+07  1.5700E+07     6.3492E-03     8.8275E-13     1.3903E-10
    44     1.5700E+07  1.5600E+07     6.3898E-03     1.1522E-12     1.8032E-10
    45     1.5600E+07  1.5500E+07     6.4309E-03     1.0292E-12     1.6004E-10
    46     1.5500E+07  1.5400E+07     6.4725E-03     1.1332E-12     1.7508E-10
    47     1.5400E+07  1.5300E+07     6.5147E-03     1.3407E-12     2.0580E-10
    48     1.5300E+07  1.5200E+07     6.5574E-03     1.3318E-12     2.0310E-10
    49     1.5200E+07  1.5100E+07     6.6007E-03     1.6595E-12     2.5141E-10
    50     1.5100E+07  1.5000E+07     6.6445E-03     1.6071E-12     2.4187E-10
    51     1.5000E+07  1.4900E+07     6.6890E-03     1.8934E-12     2.8306E-10
    52     1.4900E+07  1.4800E+07     6.7340E-03     1.9535E-12     2.9009E-10
    53     1.4800E+07  1.4700E+07     6.7797E-03     2.4199E-12     3.5693E-10
    54     1.4700E+07  1.4600E+07     6.8260E-03     2.3592E-12     3.4562E-10
    55     1.4600E+07  1.4500E+07     6.8729E-03     2.4810E-12     3.6098E-10
    56     1.4500E+07  1.4400E+07     6.9204E-03     2.6309E-12     3.8016E-10
    57     1.4400E+07  1.4300E+07     6.9687E-03     2.9458E-12     4.2272E-10
    58     1.4300E+07  1.4200E+07     7.0176E-03     2.9577E-12     4.2147E-10
    59     1.4200E+07  1.4100E+07     7.0672E-03     3.7033E-12     5.2401E-10
    60     1.4100E+07  1.4000E+07     7.1175E-03     3.6811E-12     5.1719E-10
    61     1.4000E+07  1.3900E+07     7.1685E-03     3.9939E-12     5.5715E-10
    62     1.3900E+07  1.3800E+07     7.2202E-03     4.3580E-12     6.0358E-10
    63     1.3800E+07  1.3700E+07     7.2728E-03     4.6063E-12     6.3336E-10
    64     1.3700E+07  1.3600E+07     7.3260E-03     4.9437E-12     6.7481E-10
    65     1.3600E+07  1.3500E+07     7.3801E-03     5.3576E-12     7.2595E-10
    66     1.3500E+07  1.3400E+07     7.4350E-03     5.8225E-12     7.8312E-10
    67     1.3400E+07  1.3300E+07     7.4907E-03     5.8644E-12     7.8289E-10
    68     1.3300E+07  1.3200E+07     7.5472E-03     6.8328E-12     9.0534E-10
    69     1.3200E+07  1.3100E+07     7.6046E-03     7.0493E-12     9.2698E-10
    70     1.3100E+07  1.3000E+07     7.6629E-03     7.1551E-12     9.3374E-10
    71     1.3000E+07  1.2900E+07     7.7220E-03     7.7685E-12     1.0060E-09
    72     1.2900E+07  1.2800E+07     7.7821E-03     9.3812E-12     1.2055E-09
    73     1.2800E+07  1.2700E+07     7.8432E-03     9.5211E-12     1.2139E-09
    74     1.2700E+07  1.2600E+07     7.9052E-03     1.0176E-11     1.2873E-09
    75     1.2600E+07  1.2500E+07     7.9682E-03     1.1357E-11     1.4253E-09
    76     1.2500E+07  1.2400E+07     8.0322E-03     1.1851E-11     1.4754E-09
    77     1.2400E+07  1.2300E+07     8.0972E-03     1.2763E-11     1.5762E-09
    78     1.2300E+07  1.2200E+07     8.1633E-03     1.3994E-11     1.7143E-09
    79     1.2200E+07  1.2100E+07     8.2305E-03     1.4550E-11     1.7678E-09
    80     1.2100E+07  1.2000E+07     8.2988E-03     1.5473E-11     1.8645E-09
    81     1.2000E+07  1.1900E+07     8.3682E-03     1.6953E-11     2.0259E-09
    82     1.1900E+07  1.1800E+07     8.4389E-03     1.8453E-11     2.1867E-09
    83     1.1800E+07  1.1700E+07     8.5107E-03     2.0350E-11     2.3911E-09
    84     1.1700E+07  1.1600E+07     8.5837E-03     2.1192E-11     2.4689E-09
    85     1.1600E+07  1.1500E+07     8.6581E-03     2.3015E-11     2.6582E-09
    86     1.1500E+07  1.1400E+07     8.7337E-03     2.4953E-11     2.8571E-09
    87     1.1400E+07  1.1300E+07     8.8106E-03     2.7894E-11     3.1659E-09
    88     1.1300E+07  1.1200E+07     8.8889E-03     2.8776E-11     3.2373E-09
    89     1.1200E+07  1.1100E+07     8.9687E-03     2.9940E-11     3.3383E-09
    90     1.1100E+07  1.1000E+07     9.0498E-03     3.2543E-11     3.5960E-09
    91     1.1000E+07  1.0900E+07     9.1325E-03     3.5358E-11     3.8717E-09
    92     1.0900E+07  1.0800E+07     9.2167E-03     3.8731E-11     4.2023E-09
    93     1.0800E+07  1.0700E+07     9.3024E-03     4.2413E-11     4.5594E-09
    94     1.0700E+07  1.0600E+07     9.3897E-03     4.5730E-11     4.8702E-09
    95     1.0600E+07  1.0500E+07     9.4787E-03     5.0293E-11     5.3059E-09
    96     1.0500E+07  1.0400E+07     9.5695E-03     5.2423E-11     5.4782E-09
    97     1.0400E+07  1.0300E+07     9.6619E-03     5.6780E-11     5.8767E-09
    98     1.0300E+07  1.0200E+07     9.7562E-03     5.9807E-11     6.1302E-09
    99     1.0200E+07  1.0100E+07     9.8523E-03     6.3969E-11     6.4928E-09
   100     1.0100E+07  1.0000E+07     9.9503E-03     6.7360E-11     6.7696E-09
   101     1.0000E+07  9.9000E+06     1.0050E-02     7.4014E-11     7.3643E-09
   102     9.9000E+06  9.8000E+06     1.0152E-02     7.5652E-11     7.4517E-09
   103     9.8000E+06  9.7000E+06     1.0257E-02     8.3951E-11     8.1852E-09
   104     9.7000E+06  9.6000E+06     1.0363E-02     8.9284E-11     8.6158E-09
   105     9.6000E+06  9.5000E+06     1.0471E-02     9.6436E-11     9.2096E-09
   106     9.5000E+06  9.4000E+06     1.0582E-02     1.0355E-10     9.7854E-09
   107     9.4000E+06  9.3000E+06     1.0695E-02     1.1228E-10     1.0498E-08
   108     9.3000E+06  9.2000E+06     1.0811E-02     1.2086E-10     1.1179E-08
   109     9.2000E+06  9.1000E+06     1.0929E-02     1.2767E-10     1.1682E-08
   110     9.1000E+06  9.0000E+06     1.1050E-02     1.3974E-10     1.2646E-08
   111     9.0000E+06  8.9000E+06     1.1173E-02     1.4847E-10     1.3288E-08
   112     8.9000E+06  8.8000E+06     1.1300E-02     1.6088E-10     1.4238E-08
   113     8.8000E+06  8.7000E+06     1.1429E-02     1.7050E-10     1.4919E-08
   114     8.7000E+06  8.6000E+06     1.1561E-02     1.8456E-10     1.5964E-08
   115     8.6000E+06  8.5000E+06     1.1696E-02     1.9753E-10     1.6889E-08
   116     8.5000E+06  8.4000E+06     1.1834E-02     2.1124E-10     1.7850E-08
   117     8.4000E+06  8.3000E+06     1.1976E-02     2.2791E-10     1.9030E-08
   118     8.3000E+06  8.2000E+06     1.2121E-02     2.4627E-10     2.0317E-08
   119     8.2000E+06  8.1000E+06     1.2270E-02     2.6467E-10     2.1570E-08
   120     8.1000E+06  8.0000E+06     1.2423E-02     2.8506E-10     2.2947E-08
   121     8.0000E+06  7.9000E+06     1.2579E-02     3.0560E-10     2.4295E-08
   122     7.9000E+06  7.8000E+06     1.2739E-02     3.2967E-10     2.5879E-08
   123     7.8000E+06  7.7000E+06     1.2903E-02     3.5525E-10     2.7531E-08
   124     7.7000E+06  7.6000E+06     1.3072E-02     3.8009E-10     2.9076E-08
   125     7.6000E+06  7.5000E+06     1.3245E-02     4.0842E-10     3.0835E-08
   126     7.5000E+06  7.4000E+06     1.3423E-02     4.4405E-10     3.3081E-08
   127     7.4000E+06  7.3000E+06     1.3606E-02     4.7496E-10     3.4909E-08
   128     7.3000E+06  7.2000E+06     1.3793E-02     5.1141E-10     3.7077E-08
   129     7.2000E+06  7.1000E+06     1.3986E-02     5.4860E-10     3.9224E-08
   130     7.1000E+06  7.0000E+06     1.4185E-02     5.8613E-10     4.1321E-08
   131     7.0000E+06  6.9000E+06     1.4389E-02     6.2916E-10     4.3726E-08
   132     6.9000E+06  6.8000E+06     1.4599E-02     6.8025E-10     4.6596E-08
   133     6.8000E+06  6.7000E+06     1.4815E-02     7.2908E-10     4.9212E-08
   134     6.7000E+06  6.6000E+06     1.5038E-02     7.8665E-10     5.2311E-08
   135     6.6000E+06  6.5000E+06     1.5267E-02     8.3793E-10     5.4883E-08
   136     6.5000E+06  6.4000E+06     1.5504E-02     8.9368E-10     5.7641E-08
   137     6.4000E+06  6.3000E+06     1.5748E-02     9.6957E-10     6.1566E-08
   138     6.3000E+06  6.2000E+06     1.6000E-02     1.0341E-09     6.4630E-08
   139     6.2000E+06  6.1000E+06     1.6261E-02     1.1118E-09     6.8374E-08
   140     6.1000E+06  6.0000E+06     1.6529E-02     1.1913E-09     7.2072E-08
   141     6.0000E+06  5.9000E+06     1.6807E-02     1.2698E-09     7.5551E-08
   142     5.9000E+06  5.8000E+06     1.7094E-02     1.3609E-09     7.9611E-08
   143     5.8000E+06  5.7000E+06     1.7392E-02     1.4508E-09     8.3419E-08
   144     5.7000E+06  5.6000E+06     1.7700E-02     1.5552E-09     8.7867E-08
   145     5.6000E+06  5.5000E+06     1.8019E-02     1.6655E-09     9.2433E-08
   146     5.5000E+06  5.4000E+06     1.8349E-02     1.7740E-09     9.6680E-08
   147     5.4000E+06  5.3000E+06     1.8692E-02     1.8741E-09     1.0026E-07
   148     5.3000E+06  5.2000E+06     1.9048E-02     2.0191E-09     1.0600E-07
   149     5.2000E+06  5.1000E+06     1.9418E-02     2.1470E-09     1.1057E-07
   150     5.1000E+06  5.0000E+06     1.9803E-02     2.2974E-09     1.1601E-07
   151     5.0000E+06  4.9000E+06     2.0203E-02     2.4589E-09     1.2171E-07
   152     4.9000E+06  4.8000E+06     2.0619E-02     2.6332E-09     1.2771E-07
   153     4.8000E+06  4.7000E+06     2.1053E-02     2.7765E-09     1.3188E-07
   154     4.7000E+06  4.6000E+06     2.1506E-02     2.9763E-09     1.3839E-07
   155     4.6000E+06  4.5000E+06     2.1979E-02     3.1759E-09     1.4450E-07
   156     4.5000E+06  4.4000E+06     2.2473E-02     3.4011E-09     1.5134E-07
   157     4.4000E+06  4.3000E+06     2.2990E-02     3.5978E-09     1.5650E-07
   158     4.3000E+06  4.2000E+06     2.3530E-02     3.8572E-09     1.6392E-07
   159     4.2000E+06  4.1000E+06     2.4098E-02     4.0918E-09     1.6980E-07
   160     4.1000E+06  4.0000E+06     2.4693E-02     4.3615E-09     1.7663E-07
   161     4.0000E+06  3.9000E+06     2.5318E-02     4.6554E-09     1.8388E-07
   162     3.9000E+06  3.8000E+06     2.5975E-02     4.9683E-09     1.9127E-07
   163     3.8000E+06  3.7000E+06     2.6668E-02     5.2690E-09     1.9758E-07
   164     3.7000E+06  3.6000E+06     2.7399E-02     5.6231E-09     2.0523E-07
   165     3.6000E+06  3.5000E+06     2.8171E-02     5.9929E-09     2.1273E-07
   166     3.5000E+06  3.4000E+06     2.8988E-02     6.3922E-09     2.2052E-07
   167     3.4000E+06  3.3000E+06     2.9853E-02     6.7808E-09     2.2714E-07
   168     3.3000E+06  3.2000E+06     3.0772E-02     7.2017E-09     2.3404E-07
   169     3.2000E+06  3.1000E+06     3.1749E-02     7.6642E-09     2.4140E-07
   170     3.1000E+06  3.0000E+06     3.2790E-02     8.1319E-09     2.4800E-07
   171     3.0000E+06  2.9000E+06     3.3902E-02     8.6459E-09     2.5503E-07
   172     2.9000E+06  2.8000E+06     3.5091E-02     9.2134E-09     2.6255E-07
   173     2.8000E+06  2.7000E+06     3.6368E-02     9.7154E-09     2.6714E-07
   174     2.7000E+06  2.6000E+06     3.7740E-02     1.0420E-08     2.7610E-07
   175     2.6000E+06  2.5000E+06     3.9221E-02     1.0923E-08     2.7850E-07
   176     2.5000E+06  2.4000E+06     4.0822E-02     1.2021E-08     2.9447E-07
   177     2.4000E+06  2.3000E+06     4.2560E-02     1.2583E-08     2.9566E-07
   178     2.3000E+06  2.2000E+06     4.4452E-02     1.3256E-08     2.9821E-07
   179     2.2000E+06  2.1000E+06     4.6520E-02     1.4119E-08     3.0350E-07
   180     2.1000E+06  2.0000E+06     4.8790E-02     1.4925E-08     3.0590E-07
   181     2.0000E+06  1.9000E+06     5.1293E-02     1.5997E-08     3.1187E-07
   182     1.9000E+06  1.8000E+06     5.4067E-02     1.7350E-08     3.2090E-07
   183     1.8000E+06  1.7000E+06     5.7158E-02     1.8190E-08     3.1824E-07
   184     1.7000E+06  1.6000E+06     6.0625E-02     1.9840E-08     3.2726E-07
   185     1.6000E+06  1.5000E+06     6.4539E-02     2.1233E-08     3.2900E-07
   186     1.5000E+06  1.4000E+06     6.8993E-02     2.3074E-08     3.3444E-07
   187     1.4000E+06  1.3000E+06     7.4108E-02     2.5431E-08     3.4316E-07
   188     1.3000E+06  1.2000E+06     8.0043E-02     2.7434E-08     3.4274E-07
   189     1.2000E+06  1.1000E+06     8.7011E-02     3.0173E-08     3.4677E-07
   190     1.1000E+06  1.0000E+06     9.5310E-02     3.4082E-08     3.5759E-07
   191     1.0000E+06  9.6000E+05     4.0822E-02     1.4459E-08     3.5420E-07
   192     9.6000E+05  9.2000E+05     4.2560E-02     1.5066E-08     3.5400E-07
   193     9.2000E+05  8.8000E+05     4.4452E-02     1.5668E-08     3.5247E-07
   194     8.8000E+05  8.4000E+05     4.6520E-02     1.5909E-08     3.4198E-07
   195     8.4000E+05  8.0000E+05     4.8790E-02     1.6871E-08     3.4579E-07
   196     8.0000E+05  7.6000E+05     5.1293E-02     1.7635E-08     3.4381E-07
   197     7.6000E+05  7.2000E+05     5.4067E-02     1.9421E-08     3.5920E-07
   198     7.2000E+05  6.9000E+05     4.2560E-02     1.4929E-08     3.5078E-07
   199     6.9000E+05  6.6000E+05     4.4452E-02     1.5249E-08     3.4305E-07
   200     6.6000E+05  6.3000E+05     4.6520E-02     1.5066E-08     3.2386E-07
   201     6.3000E+05  6.0000E+05     4.8790E-02     1.6406E-08     3.3626E-07
   202     6.0000E+05  5.7500E+05     4.2560E-02     1.3729E-08     3.2258E-07
   203     5.7500E+05  5.5000E+05     4.4452E-02     1.3858E-08     3.1175E-07
   204     5.5000E+05  5.2500E+05     4.6520E-02     1.4056E-08     3.0215E-07
   205     5.2500E+05  5.0000E+05     4.8790E-02     1.5014E-08     3.0773E-07
   206     5.0000E+05  4.7500E+05     5.1293E-02     1.5019E-08     2.9281E-07
   207     4.7500E+05  4.5000E+05     5.4067E-02     1.5168E-08     2.8054E-07
   208     4.5000E+05  4.2500E+05     5.7158E-02     1.5026E-08     2.6288E-07
   209     4.2500E+05  4.0000E+05     6.0625E-02     1.5950E-08     2.6309E-07
   210     4.0000E+05  3.8000E+05     5.1293E-02     1.3614E-08     2.6541E-07
   211     3.8000E+05  3.6000E+05     5.4067E-02     1.2607E-08     2.3317E-07
   212     3.6000E+05  3.4000E+05     5.7158E-02     1.3725E-08     2.4012E-07
   213     3.4000E+05  3.2000E+05     6.0625E-02     1.3341E-08     2.2006E-07
   214     3.2000E+05  3.0000E+05     6.4539E-02     1.2968E-08     2.0093E-07
   215     3.0000E+05  2.8000E+05     6.8993E-02     1.2594E-08     1.8254E-07
   216     2.8000E+05  2.7000E+05     3.6368E-02     7.1286E-09     1.9601E-07
   217     2.7000E+05  2.5500E+05     5.7158E-02     1.0759E-08     1.8823E-07
   218     2.5500E+05  2.4000E+05     6.0625E-02     9.9605E-09     1.6430E-07
   219     2.4000E+05  2.3000E+05     4.2560E-02     6.3990E-09     1.5035E-07
   220     2.3000E+05  2.2000E+05     4.4452E-02     6.3450E-09     1.4274E-07
   221     2.2000E+05  2.1000E+05     4.6520E-02     6.0553E-09     1.3017E-07
   222     2.1000E+05  2.0000E+05     4.8790E-02     6.0703E-09     1.2442E-07
   223     2.0000E+05  1.9000E+05     5.1293E-02     6.6019E-09     1.2871E-07
   224     1.9000E+05  1.8000E+05     5.4067E-02     6.6936E-09     1.2380E-07
   225     1.8000E+05  1.7000E+05     5.7158E-02     6.4146E-09     1.1222E-07
   226     1.7000E+05  1.6000E+05     6.0625E-02     5.7609E-09     9.5026E-08
   227     1.6000E+05  1.5000E+05     6.4539E-02     5.4204E-09     8.3987E-08
   228     1.5000E+05  1.4250E+05     5.1293E-02     4.0266E-09     7.8501E-08
   229     1.4250E+05  1.3500E+05     5.4067E-02     4.7615E-09     8.8066E-08
   230     1.3500E+05  1.2750E+05     5.7158E-02     5.5542E-09     9.7172E-08
   231     1.2750E+05  1.2000E+05     6.0625E-02     4.6273E-09     7.6327E-08
   232     1.2000E+05  1.1500E+05     4.2560E-02     2.7525E-09     6.4674E-08
   233     1.1500E+05  1.1000E+05     4.4452E-02     2.8752E-09     6.4681E-08
   234     1.1000E+05  1.0500E+05     4.6520E-02     2.7171E-09     5.8407E-08
   235     1.0500E+05  1.0000E+05     4.8790E-02     2.6017E-09     5.3324E-08
   236     1.0000E+05  9.6000E+04     4.0822E-02     1.8888E-09     4.6269E-08
   237     9.6000E+04  9.2000E+04     4.2560E-02     1.7325E-09     4.0708E-08
   238     9.2000E+04  8.8000E+04     4.4452E-02     1.4546E-09     3.2723E-08
   239     8.8000E+04  8.4000E+04     4.6520E-02     1.5120E-09     3.2502E-08
   240     8.4000E+04  8.0000E+04     4.8790E-02     2.0240E-09     4.1484E-08
   241     8.0000E+04  7.6000E+04     5.1293E-02     2.3422E-09     4.5663E-08
   242     7.6000E+04  7.2000E+04     5.4067E-02     2.1987E-09     4.0666E-08
   243     7.2000E+04  6.9000E+04     4.2560E-02     1.5150E-09     3.5597E-08
   244     6.9000E+04  6.6000E+04     4.4452E-02     1.3521E-09     3.0417E-08
   245     6.6000E+04  6.3000E+04     4.6520E-02     1.2274E-09     2.6384E-08
   246     6.3000E+04  6.0000E+04     4.8790E-02     1.2347E-09     2.5306E-08
   247     6.0000E+04  5.7500E+04     4.2560E-02     1.0494E-09     2.4657E-08
   248     5.7500E+04  5.5000E+04     4.4452E-02     9.3691E-10     2.1077E-08
   249     5.5000E+04  5.2500E+04     4.6520E-02     9.1575E-10     1.9685E-08
   250     5.2500E+04  5.0000E+04     4.8790E-02     8.6465E-10     1.7722E-08
   251     5.0000E+04  4.7500E+04     5.1293E-02     8.7312E-10     1.7022E-08
   252     4.7500E+04  4.5000E+04     5.4067E-02     8.4927E-10     1.5708E-08
   253     4.5000E+04  4.2500E+04     5.7158E-02     7.8783E-10     1.3783E-08
   254     4.2500E+04  4.0000E+04     6.0625E-02     7.1816E-10     1.1846E-08
   255     4.0000E+04  3.8000E+04     5.1293E-02     5.0153E-10     9.7777E-09
   256     3.8000E+04  3.6000E+04     5.4067E-02     3.9123E-10     7.2360E-09
   257     3.6000E+04  3.4000E+04     5.7158E-02     2.9962E-10     5.2419E-09
   258     3.4000E+04  3.2000E+04     6.0625E-02     5.5013E-10     9.0744E-09
   259     3.2000E+04  3.0000E+04     6.4539E-02     6.9459E-10     1.0762E-08
   260     3.0000E+04  2.8000E+04     6.8993E-02     5.8286E-10     8.4481E-09
   261     2.8000E+04  2.7000E+04     3.6368E-02     2.5568E-10     7.0304E-09
   262     2.7000E+04  2.5500E+04     5.7158E-02     3.9530E-10     6.9159E-09
   263     2.5500E+04  2.4000E+04     6.0625E-02     3.5910E-10     5.9233E-09
   264     2.4000E+04  2.3000E+04     4.2560E-02     2.1216E-10     4.9850E-09
   265     2.3000E+04  2.2000E+04     4.4452E-02     1.9968E-10     4.4921E-09
   266     2.2000E+04  2.1000E+04     4.6520E-02     1.8660E-10     4.0112E-09
   267     2.1000E+04  2.0000E+04     4.8790E-02     1.8228E-10     3.7360E-09
   268     2.0000E+04  1.9000E+04     5.1293E-02     1.7509E-10     3.4135E-09
   269     1.9000E+04  1.8000E+04     5.4067E-02     1.6208E-10     2.9977E-09
   270     1.8000E+04  1.7000E+04     5.7158E-02     1.5454E-10     2.7037E-09
   271     1.7000E+04  1.6000E+04     6.0625E-02     1.4952E-10     2.4663E-09
   272     1.6000E+04  1.5000E+04     6.4539E-02     1.4243E-10     2.2069E-09
   273     1.5000E+04  1.4250E+04     5.1293E-02     1.0680E-10     2.0821E-09
   274     1.4250E+04  1.3500E+04     5.4067E-02     1.0477E-10     1.9378E-09
   275     1.3500E+04  1.2750E+04     5.7158E-02     9.5991E-11     1.6794E-09
   276     1.2750E+04  1.2000E+04     6.0625E-02     9.6446E-11     1.5909E-09
   277     1.2000E+04  1.1500E+04     4.2560E-02     6.4464E-11     1.5147E-09
   278     1.1500E+04  1.1000E+04     4.4452E-02     6.3717E-11     1.4334E-09
   279     1.1000E+04  1.0500E+04     4.6520E-02     6.4547E-11     1.3875E-09
   280     1.0500E+04  1.0000E+04     4.8790E-02     6.5096E-11     1.3342E-09
   281     1.0000E+04  9.6000E+03     4.0822E-02     4.9995E-11     1.2247E-09
   282     9.6000E+03  9.2000E+03     4.2560E-02     4.6125E-11     1.0838E-09
   283     9.2000E+03  8.8000E+03     4.4452E-02     4.3068E-11     9.6887E-10
   284     8.8000E+03  8.4000E+03     4.6520E-02     4.0461E-11     8.6975E-10
   285     8.4000E+03  8.0000E+03     4.8790E-02     3.9795E-11     8.1564E-10
   286     8.0000E+03  7.6000E+03     5.1293E-02     3.9721E-11     7.7439E-10
   287     7.6000E+03  7.2000E+03     5.4067E-02     3.8862E-11     7.1877E-10
   288     7.2000E+03  6.9000E+03     4.2560E-02     2.8055E-11     6.5919E-10
   289     6.9000E+03  6.6000E+03     4.4452E-02     2.7824E-11     6.2594E-10
   290     6.6000E+03  6.3000E+03     4.6520E-02     2.7291E-11     5.8665E-10
   291     6.3000E+03  6.0000E+03     4.8790E-02     2.6519E-11     5.4353E-10
   292     6.0000E+03  5.7500E+03     4.2560E-02     1.9503E-11     4.5825E-10
   293     5.7500E+03  5.5000E+03     4.4452E-02     2.0883E-11     4.6979E-10
   294     5.5000E+03  5.2500E+03     4.6520E-02     2.1038E-11     4.5224E-10
   295     5.2500E+03  5.0000E+03     4.8790E-02     2.1103E-11     4.3253E-10
   296     5.0000E+03  4.7500E+03     5.1293E-02     2.0887E-11     4.0721E-10
   297     4.7500E+03  4.5000E+03     5.4067E-02     2.0281E-11     3.7511E-10
   298     4.5000E+03  4.2500E+03     5.7158E-02     1.9842E-11     3.4714E-10
   299     4.2500E+03  4.0000E+03     6.0625E-02     2.0132E-11     3.3208E-10
   300     4.0000E+03  3.8000E+03     5.1293E-02     1.6163E-11     3.1511E-10
   301     3.8000E+03  3.6000E+03     5.4067E-02     1.6631E-11     3.0760E-10
   302     3.6000E+03  3.4000E+03     5.7158E-02     1.6849E-11     2.9478E-10
   303     3.4000E+03  3.2000E+03     6.0625E-02     1.6956E-11     2.7969E-10
   304     3.2000E+03  3.0000E+03     6.4539E-02     1.7324E-11     2.6843E-10
   305     3.0000E+03  2.8000E+03     6.8993E-02     1.7208E-11     2.4942E-10
   306     2.8000E+03  2.7000E+03     3.6368E-02     8.5898E-12     2.3619E-10
   307     2.7000E+03  2.5500E+03     5.7158E-02     1.2901E-11     2.2571E-10
   308     2.5500E+03  2.4000E+03     6.0625E-02     1.2727E-11     2.0993E-10
   309     2.4000E+03  2.3000E+03     4.2560E-02     8.5986E-12     2.0204E-10
   310     2.3000E+03  2.2000E+03     4.4452E-02     8.8463E-12     1.9901E-10
   311     2.2000E+03  2.1000E+03     4.6520E-02     9.1597E-12     1.9690E-10
   312     2.1000E+03  2.0000E+03     4.8790E-02     9.4214E-12     1.9310E-10
   313     2.0000E+03  1.9000E+03     5.1293E-02     9.7428E-12     1.8994E-10
   314     1.9000E+03  1.8000E+03     5.4067E-02     1.0008E-11     1.8510E-10
   315     1.8000E+03  1.7000E+03     5.7158E-02     1.0414E-11     1.8220E-10
   316     1.7000E+03  1.6000E+03     6.0625E-02     1.0522E-11     1.7356E-10
   317     1.6000E+03  1.5000E+03     6.4539E-02     1.1114E-11     1.7221E-10
   318     1.5000E+03  1.4250E+03     5.1293E-02     8.5348E-12     1.6639E-10
   319     1.4250E+03  1.3500E+03     5.4067E-02     8.7406E-12     1.6166E-10
   320     1.3500E+03  1.2750E+03     5.7158E-02     9.0823E-12     1.5890E-10
   321     1.2750E+03  1.2000E+03     6.0625E-02     9.3420E-12     1.5410E-10
   322     1.2000E+03  1.1500E+03     4.2560E-02     6.2396E-12     1.4661E-10
   323     1.1500E+03  1.1000E+03     4.4452E-02     6.0935E-12     1.3708E-10
   324     1.1000E+03  1.0500E+03     4.6520E-02     6.3197E-12     1.3585E-10
   325     1.0500E+03  1.0000E+03     4.8790E-02     7.0660E-12     1.4482E-10
   326     1.0000E+03  9.6000E+02     4.0822E-02     5.8585E-12     1.4351E-10
   327     9.6000E+02  9.2000E+02     4.2560E-02     5.8458E-12     1.3736E-10
   328     9.2000E+02  8.8000E+02     4.4452E-02     5.9529E-12     1.3392E-10
   329     8.8000E+02  8.4000E+02     4.6520E-02     6.3340E-12     1.3616E-10
   330     8.4000E+02  8.0000E+02     4.8790E-02     6.4865E-12     1.3295E-10
   331     8.0000E+02  7.6000E+02     5.1293E-02     6.6286E-12     1.2923E-10
   332     7.6000E+02  7.2000E+02     5.4067E-02     6.8631E-12     1.2694E-10
   333     7.2000E+02  6.9000E+02     4.2560E-02     5.2829E-12     1.2413E-10
   334     6.9000E+02  6.6000E+02     4.4452E-02     5.4798E-12     1.2328E-10
   335     6.6000E+02  6.3000E+02     4.6520E-02     5.6819E-12     1.2214E-10
   336     6.3000E+02  6.0000E+02     4.8790E-02     5.9381E-12     1.2171E-10
   337     6.0000E+02  5.7500E+02     4.2560E-02     4.9864E-12     1.1716E-10
   338     5.7500E+02  5.5000E+02     4.4452E-02     5.1834E-12     1.1661E-10
   339     5.5000E+02  5.2500E+02     4.6520E-02     5.4241E-12     1.1660E-10
   340     5.2500E+02  5.0000E+02     4.8790E-02     5.5120E-12     1.1297E-10
   341     5.0000E+02  4.7500E+02     5.1293E-02     5.8358E-12     1.1377E-10
   342     4.7500E+02  4.5000E+02     5.4067E-02     5.8598E-12     1.0838E-10
   343     4.5000E+02  4.2500E+02     5.7158E-02     6.2216E-12     1.0885E-10
   344     4.2500E+02  4.0000E+02     6.0625E-02     6.5498E-12     1.0804E-10
   345     4.0000E+02  3.8000E+02     5.1293E-02     5.2894E-12     1.0312E-10
   346     3.8000E+02  3.6000E+02     5.4067E-02     5.3197E-12     9.8390E-11
   347     3.6000E+02  3.4000E+02     5.7158E-02     5.0977E-12     8.9185E-11
   348     3.4000E+02  3.2000E+02     6.0625E-02     5.2470E-12     8.6549E-11
   349     3.2000E+02  3.0000E+02     6.4539E-02     6.2685E-12     9.7128E-11
   350     3.0000E+02  2.8000E+02     6.8993E-02     6.9425E-12     1.0063E-10
   351     2.8000E+02  2.7000E+02     3.6368E-02     3.5439E-12     9.7447E-11
   352     2.7000E+02  2.5500E+02     5.7158E-02     5.6181E-12     9.8290E-11
   353     2.5500E+02  2.4000E+02     6.0625E-02     5.8331E-12     9.6217E-11
   354     2.4000E+02  2.3000E+02     4.2560E-02     4.1374E-12     9.7214E-11
   355     2.3000E+02  2.2000E+02     4.4452E-02     4.2161E-12     9.4847E-11
   356     2.2000E+02  2.1000E+02     4.6520E-02     4.3185E-12     9.2831E-11
   357     2.1000E+02  2.0000E+02     4.8790E-02     4.5069E-12     9.2373E-11
   358     2.0000E+02  1.9000E+02     5.1293E-02     4.7337E-12     9.2287E-11
   359     1.9000E+02  1.8000E+02     5.4067E-02     4.9115E-12     9.0841E-11
   360     1.8000E+02  1.7000E+02     5.7158E-02     5.0212E-12     8.7847E-11
   361     1.7000E+02  1.6000E+02     6.0625E-02     5.2336E-12     8.6328E-11
   362     1.6000E+02  1.5000E+02     6.4539E-02     5.6315E-12     8.7258E-11
   363     1.5000E+02  1.4250E+02     5.1293E-02     4.4865E-12     8.7468E-11
   364     1.4250E+02  1.3500E+02     5.4067E-02     4.5877E-12     8.4852E-11
   365     1.3500E+02  1.2750E+02     5.7158E-02     4.6509E-12     8.1369E-11
   366     1.2750E+02  1.2000E+02     6.0625E-02     5.1132E-12     8.4342E-11
   367     1.2000E+02  1.1500E+02     4.2560E-02     3.5478E-12     8.3361E-11
   368     1.1500E+02  1.1000E+02     4.4452E-02     3.7163E-12     8.3603E-11
   369     1.1000E+02  1.0500E+02     4.6520E-02     3.7286E-12     8.0150E-11
   370     1.0500E+02  1.0000E+02     4.8790E-02     3.8526E-12     7.8963E-11
   371     1.0000E+02  9.6000E+01     4.0822E-02     3.2854E-12     8.0481E-11
   372     9.6000E+01  9.2000E+01     4.2560E-02     3.4052E-12     8.0010E-11
   373     9.2000E+01  8.8000E+01     4.4452E-02     3.4544E-12     7.7711E-11
   374     8.8000E+01  8.4000E+01     4.6520E-02     3.6388E-12     7.8220E-11
   375     8.4000E+01  8.0000E+01     4.8790E-02     3.8364E-12     7.8631E-11
   376     8.0000E+01  7.6000E+01     5.1293E-02     3.9991E-12     7.7965E-11
   377     7.6000E+01  7.2000E+01     5.4067E-02     4.1374E-12     7.6523E-11
   378     7.2000E+01  6.9000E+01     4.2560E-02     3.2479E-12     7.6314E-11
   379     6.9000E+01  6.6000E+01     4.4452E-02     3.3639E-12     7.5675E-11
   380     6.6000E+01  6.3000E+01     4.6520E-02     3.4462E-12     7.4080E-11
   381     6.3000E+01  6.0000E+01     4.8790E-02     3.6020E-12     7.3826E-11
   382     6.0000E+01  5.7500E+01     4.2560E-02     3.1294E-12     7.3530E-11
   383     5.7500E+01  5.5000E+01     4.4452E-02     3.2241E-12     7.2530E-11
   384     5.5000E+01  5.2500E+01     4.6520E-02     3.3306E-12     7.1595E-11
   385     5.2500E+01  5.0000E+01     4.8790E-02     3.5236E-12     7.2219E-11
   386     5.0000E+01  4.7500E+01     5.1293E-02     3.6635E-12     7.1423E-11
   387     4.7500E+01  4.5000E+01     5.4067E-02     3.7885E-12     7.0070E-11
   388     4.5000E+01  4.2500E+01     5.7158E-02     3.9529E-12     6.9157E-11
   389     4.2500E+01  4.0000E+01     6.0625E-02     4.2856E-12     7.0691E-11
   390     4.0000E+01  3.8000E+01     5.1293E-02     3.5756E-12     6.9709E-11
   391     3.8000E+01  3.6000E+01     5.4067E-02     3.8049E-12     7.0374E-11
   392     3.6000E+01  3.4000E+01     5.7158E-02     3.9810E-12     6.9649E-11
   393     3.4000E+01  3.2000E+01     6.0625E-02     4.1145E-12     6.7868E-11
   394     3.2000E+01  3.0000E+01     6.4539E-02     4.4143E-12     6.8398E-11
   395     3.0000E+01  2.8000E+01     6.8993E-02     4.6231E-12     6.7008E-11
   396     2.8000E+01  2.7000E+01     3.6368E-02     2.4278E-12     6.6757E-11
   397     2.7000E+01  2.5500E+01     5.7158E-02     3.8120E-12     6.6692E-11
   398     2.5500E+01  2.4000E+01     6.0625E-02     3.9981E-12     6.5948E-11
   399     2.4000E+01  2.3000E+01     4.2560E-02     2.8254E-12     6.6387E-11
   400     2.3000E+01  2.2000E+01     4.4452E-02     2.8620E-12     6.4384E-11
   401     2.2000E+01  2.1000E+01     4.6520E-02     3.0578E-12     6.5731E-11
   402     2.1000E+01  2.0000E+01     4.8790E-02     3.1648E-12     6.4866E-11
   403     2.0000E+01  1.9000E+01     5.1293E-02     3.2743E-12     6.3835E-11
   404     1.9000E+01  1.8000E+01     5.4067E-02     3.5600E-12     6.5844E-11
   405     1.8000E+01  1.7000E+01     5.7158E-02     3.6758E-12     6.4309E-11
   406     1.7000E+01  1.6000E+01     6.0625E-02     3.8087E-12     6.2824E-11
   407     1.6000E+01  1.5000E+01     6.4539E-02     4.1014E-12     6.3550E-11
   408     1.5000E+01  1.4250E+01     5.1293E-02     3.1749E-12     6.1897E-11
   409     1.4250E+01  1.3500E+01     5.4067E-02     3.3799E-12     6.2513E-11
   410     1.3500E+01  1.2750E+01     5.7158E-02     3.5421E-12     6.1970E-11
   411     1.2750E+01  1.2000E+01     6.0625E-02     3.7137E-12     6.1257E-11
   412     1.2000E+01  1.1500E+01     4.2560E-02     2.6042E-12     6.1189E-11
   413     1.1500E+01  1.1000E+01     4.4452E-02     2.6540E-12     5.9705E-11
   414     1.1000E+01  1.0500E+01     4.6520E-02     2.8764E-12     6.1831E-11
   415     1.0500E+01  1.0000E+01     4.8790E-02     2.9164E-12     5.9774E-11
   416     1.0000E+01  9.6000E+00     4.0822E-02     2.5135E-12     6.1572E-11
   417     9.6000E+00  9.2000E+00     4.2560E-02     2.5737E-12     6.0473E-11
   418     9.2000E+00  8.8000E+00     4.4452E-02     2.6631E-12     5.9910E-11
   419     8.8000E+00  8.4000E+00     4.6520E-02     2.8113E-12     6.0432E-11
   420     8.4000E+00  8.0000E+00     4.8790E-02     2.8692E-12     5.8807E-11
   421     8.0000E+00  7.6000E+00     5.1293E-02     3.0396E-12     5.9259E-11
   422     7.6000E+00  7.2000E+00     5.4067E-02     3.2124E-12     5.9415E-11
   423     7.2000E+00  6.9000E+00     4.2560E-02     2.5133E-12     5.9054E-11
   424     6.9000E+00  6.6000E+00     4.4452E-02     2.5432E-12     5.7213E-11
   425     6.6000E+00  6.3000E+00     4.6520E-02     2.7212E-12     5.8495E-11
   426     6.3000E+00  6.0000E+00     4.8790E-02     2.8801E-12     5.9030E-11
   427     6.0000E+00  5.7500E+00     4.2560E-02     2.4251E-12     5.6981E-11
   428     5.7500E+00  5.5000E+00     4.4452E-02     2.5688E-12     5.7788E-11
   429     5.5000E+00  5.2500E+00     4.6520E-02     2.6812E-12     5.7635E-11
   430     5.2500E+00  5.0000E+00     4.8790E-02     2.8053E-12     5.7497E-11
   431     5.0000E+00  4.7500E+00     5.1293E-02     2.8503E-12     5.5569E-11
   432     4.7500E+00  4.5000E+00     5.4067E-02     3.0047E-12     5.5573E-11
   433     4.5000E+00  4.2500E+00     5.7158E-02     3.2459E-12     5.6788E-11
   434     4.2500E+00  4.0000E+00     6.0625E-02     3.3942E-12     5.5987E-11
   435     4.0000E+00  3.8000E+00     5.1293E-02     2.8876E-12     5.6296E-11
   436     3.8000E+00  3.6000E+00     5.4067E-02     3.0158E-12     5.5779E-11
   437     3.6000E+00  3.4000E+00     5.7158E-02     3.1713E-12     5.5483E-11
   438     3.4000E+00  3.2000E+00     6.0625E-02     3.3997E-12     5.6078E-11
   439     3.2000E+00  3.0000E+00     6.4539E-02     3.6172E-12     5.6047E-11
   440     3.0000E+00  2.8000E+00     6.8993E-02     3.7788E-12     5.4771E-11
   441     2.8000E+00  2.7000E+00     3.6368E-02     1.9872E-12     5.4642E-11
   442     2.7000E+00  2.5500E+00     5.7158E-02     3.1759E-12     5.5563E-11
   443     2.5500E+00  2.4000E+00     6.0625E-02     3.3401E-12     5.5095E-11
   444     2.4000E+00  2.3000E+00     4.2560E-02     2.2648E-12     5.3215E-11
   445     2.3000E+00  2.2000E+00     4.4452E-02     2.4202E-12     5.4446E-11
   446     2.2000E+00  2.1000E+00     4.6520E-02     2.5837E-12     5.5540E-11
   447     2.1000E+00  2.0000E+00     4.8790E-02     2.6604E-12     5.4527E-11
   448     2.0000E+00  1.9000E+00     5.1293E-02     2.8227E-12     5.5031E-11
   449     1.9000E+00  1.8000E+00     5.4067E-02     2.9039E-12     5.3709E-11
   450     1.8000E+00  1.7000E+00     5.7158E-02     3.0368E-12     5.3130E-11
   451     1.7000E+00  1.6000E+00     6.0625E-02     3.2467E-12     5.3554E-11
   452     1.6000E+00  1.5000E+00     6.4539E-02     3.4556E-12     5.3543E-11
   453     1.5000E+00  1.4250E+00     5.1293E-02     2.7110E-12     5.2853E-11
   454     1.4250E+00  1.3500E+00     5.4067E-02     2.8605E-12     5.2906E-11
   455     1.3500E+00  1.2750E+00     5.7158E-02     3.0067E-12     5.2603E-11
   456     1.2750E+00  1.2000E+00     6.0625E-02     3.1628E-12     5.2170E-11
   457     1.2000E+00  1.1500E+00     4.2560E-02     2.2118E-12     5.1969E-11
   458     1.1500E+00  1.1000E+00     4.4452E-02     2.3984E-12     5.3955E-11
   459     1.1000E+00  1.0500E+00     4.6520E-02     2.4133E-12     5.1877E-11
   460     1.0500E+00  1.0000E+00     4.8790E-02     2.5511E-12     5.2287E-11
   461     1.0000E+00  9.6000E-01     4.0822E-02     2.1232E-12     5.2011E-11
   462     9.6000E-01  9.2000E-01     4.2560E-02     2.2554E-12     5.2994E-11
   463     9.2000E-01  8.8000E-01     4.4452E-02     2.3867E-12     5.3692E-11
   464     8.8000E-01  8.4000E-01     4.6520E-02     2.4270E-12     5.2171E-11
   465     8.4000E-01  8.0000E-01     4.8790E-02     2.5078E-12     5.1400E-11
   466     8.0000E-01  7.6000E-01     5.1293E-02     2.6916E-12     5.2475E-11
   467     7.6000E-01  7.2000E-01     5.4067E-02     2.7983E-12     5.1756E-11
   468     7.2000E-01  6.9000E-01     4.2560E-02     2.2438E-12     5.2721E-11
   469     6.9000E-01  6.6000E-01     4.4452E-02     2.2815E-12     5.1325E-11
   470     6.6000E-01  6.3000E-01     4.6520E-02     2.4032E-12     5.1659E-11
   471     6.3000E-01  6.0000E-01     4.8790E-02     2.4650E-12     5.0522E-11
   472     6.0000E-01  5.7500E-01     4.2560E-02     2.1707E-12     5.1004E-11
   473     5.7500E-01  5.5000E-01     4.4452E-02     2.2568E-12     5.0770E-11
   474     5.5000E-01  5.2500E-01     4.6520E-02     2.3750E-12     5.1053E-11
   475     5.2500E-01  5.0000E-01     4.8790E-02     2.4734E-12     5.0695E-11
   476     5.0000E-01  4.7500E-01     5.1293E-02     2.6338E-12     5.1348E-11
   477     4.7500E-01  4.5000E-01     5.4067E-02     2.8135E-12     5.2037E-11
   478     4.5000E-01  4.2500E-01     5.7158E-02     2.9758E-12     5.2062E-11
   479     4.2500E-01  4.0000E-01     6.0625E-02     3.1909E-12     5.2634E-11
   480     4.0000E-01  3.8000E-01     5.1293E-02     2.6317E-12     5.1307E-11
   481     3.8000E-01  3.6000E-01     5.4067E-02     2.8053E-12     5.1885E-11
   482     3.6000E-01  3.4000E-01     5.7158E-02     3.0079E-12     5.2624E-11
   483     3.4000E-01  3.2000E-01     6.0625E-02     3.1290E-12     5.1613E-11
   484     3.2000E-01  3.0000E-01     6.4539E-02     3.3626E-12     5.2102E-11
   485     3.0000E-01  2.8000E-01     6.8993E-02     3.6725E-12     5.3230E-11
   486     2.8000E-01  2.7000E-01     3.6368E-02     1.9793E-12     5.4425E-11
   487     2.7000E-01  2.5500E-01     5.7158E-02     3.2500E-12     5.6860E-11
   488     2.5500E-01  2.4000E-01     6.0625E-02     3.5151E-12     5.7981E-11
   489     2.4000E-01  2.3000E-01     4.2560E-02     2.6360E-12     6.1937E-11
   490     2.3000E-01  2.2000E-01     4.4452E-02     2.8094E-12     6.3201E-11
   491     2.2000E-01  2.1000E-01     4.6520E-02     3.0946E-12     6.6522E-11
   492     2.1000E-01  2.0000E-01     4.8790E-02     3.4144E-12     6.9981E-11
   493     2.0000E-01  1.9000E-01     5.1293E-02     3.8882E-12     7.5803E-11
   494     1.9000E-01  1.8000E-01     5.4067E-02     4.5119E-12     8.3450E-11
   495     1.8000E-01  1.7000E-01     5.7158E-02     5.2817E-12     9.2405E-11
   496     1.7000E-01  1.6000E-01     6.0625E-02     6.4147E-12     1.0581E-10
   497     1.6000E-01  1.5000E-01     6.4539E-02     7.8466E-12     1.2158E-10
   498     1.5000E-01  1.4250E-01     5.1293E-02     6.9610E-12     1.3571E-10
   499     1.4250E-01  1.3500E-01     5.4067E-02     8.3941E-12     1.5525E-10
   500     1.3500E-01  1.2750E-01     5.7158E-02     9.8417E-12     1.7218E-10
   501     1.2750E-01  1.2000E-01     6.0625E-02     1.1879E-11     1.9594E-10
   502     1.2000E-01  1.1500E-01     4.2560E-02     9.1554E-12     2.1512E-10
   503     1.1500E-01  1.1000E-01     4.4452E-02     1.0448E-11     2.3504E-10
   504     1.1000E-01  1.0500E-01     4.6520E-02     1.1831E-11     2.5432E-10
   505     1.0500E-01  1.0000E-01     4.8790E-02     1.3301E-11     2.7262E-10
   506     1.0000E-01  9.6000E-02     4.0822E-02     1.1953E-11     2.9281E-10
   507     9.6000E-02  9.2000E-02     4.2560E-02     1.3299E-11     3.1248E-10
   508     9.2000E-02  8.8000E-02     4.4452E-02     1.4478E-11     3.2570E-10
   509     8.8000E-02  8.4000E-02     4.6520E-02     1.6197E-11     3.4817E-10
   510     8.4000E-02  8.0000E-02     4.8790E-02     1.7640E-11     3.6155E-10
   511     8.0000E-02  7.6000E-02     5.1293E-02     1.9173E-11     3.7379E-10
   512     7.6000E-02  7.2000E-02     5.4067E-02     2.1285E-11     3.9368E-10
   513     7.2000E-02  6.9000E-02     4.2560E-02     1.7149E-11     4.0294E-10
   514     6.9000E-02  6.6000E-02     4.4452E-02     1.8180E-11     4.0898E-10
   515     6.6000E-02  6.3000E-02     4.6520E-02     1.9537E-11     4.1997E-10
   516     6.3000E-02  6.0000E-02     4.8790E-02     2.0893E-11     4.2822E-10
   517     6.0000E-02  5.7500E-02     4.2560E-02     1.8485E-11     4.3433E-10
   518     5.7500E-02  5.5000E-02     4.4452E-02     1.9435E-11     4.3722E-10
   519     5.5000E-02  5.2500E-02     4.6520E-02     2.0170E-11     4.3358E-10
   520     5.2500E-02  5.0000E-02     4.8790E-02     2.1113E-11     4.3273E-10
   521     5.0000E-02  4.7500E-02     5.1293E-02     2.1961E-11     4.2815E-10
   522     4.7500E-02  4.5000E-02     5.4067E-02     2.2968E-11     4.2480E-10
   523     4.5000E-02  4.2500E-02     5.7158E-02     2.3692E-11     4.1450E-10
   524     4.2500E-02  4.0000E-02     6.0625E-02     2.4397E-11     4.0243E-10
   525     4.0000E-02  3.8000E-02     5.1293E-02     2.0010E-11     3.9011E-10
   526     3.8000E-02  3.6000E-02     5.4067E-02     2.0906E-11     3.8667E-10
   527     3.6000E-02  3.4000E-02     5.7158E-02     2.0815E-11     3.6416E-10
   528     3.4000E-02  3.2000E-02     6.0625E-02     2.1254E-11     3.5058E-10
   529     3.2000E-02  3.0000E-02     6.4539E-02     2.1663E-11     3.3566E-10
   530     3.0000E-02  2.8000E-02     6.8993E-02     2.1654E-11     3.1386E-10
   531     2.8000E-02  2.7000E-02     3.6368E-02     1.0862E-11     2.9867E-10
   532     2.7000E-02  2.5500E-02     5.7158E-02     1.6386E-11     2.8668E-10
   533     2.5500E-02  2.4000E-02     6.0625E-02     1.6183E-11     2.6694E-10
   534     2.4000E-02  2.3000E-02     4.2560E-02     1.0596E-11     2.4897E-10
   535     2.3000E-02  2.2000E-02     4.4452E-02     1.0627E-11     2.3907E-10
   536     2.2000E-02  2.1000E-02     4.6520E-02     1.0613E-11     2.2814E-10
   537     2.1000E-02  2.0000E-02     4.8790E-02     1.0631E-11     2.1789E-10
   538     2.0000E-02  1.9000E-02     5.1293E-02     1.0253E-11     1.9989E-10
   539     1.9000E-02  1.8000E-02     5.4067E-02     1.0080E-11     1.8643E-10
   540     1.8000E-02  1.7000E-02     5.7158E-02     9.9003E-12     1.7321E-10
   541     1.7000E-02  1.6000E-02     6.0625E-02     9.5640E-12     1.5776E-10
   542     1.6000E-02  1.5000E-02     6.4539E-02     9.4669E-12     1.4669E-10
   543     1.5000E-02  1.4250E-02     5.1293E-02     6.9119E-12     1.3475E-10
   544     1.4250E-02  1.3500E-02     5.4067E-02     6.7158E-12     1.2421E-10
   545     1.3500E-02  1.2750E-02     5.7158E-02     6.5298E-12     1.1424E-10
   546     1.2750E-02  1.2000E-02     6.0625E-02     6.2652E-12     1.0334E-10
   547     1.2000E-02  1.1500E-02     4.2560E-02     4.1127E-12     9.6634E-11
   548     1.1500E-02  1.1000E-02     4.4452E-02     3.9384E-12     8.8599E-11
   549     1.1000E-02  1.0500E-02     4.6520E-02     3.9373E-12     8.4637E-11
   550     1.0500E-02  1.0000E-02     4.8790E-02     3.6483E-12     7.4775E-11
   551     1.0000E-02  9.6000E-03     4.0822E-02     3.0208E-12     7.3999E-11
   552     9.6000E-03  9.2000E-03     4.2560E-02     2.8021E-12     6.5839E-11
   553     9.2000E-03  8.8000E-03     4.4452E-02     2.7822E-12     6.2589E-11
   554     8.8000E-03  8.4000E-03     4.6520E-02     2.6711E-12     5.7418E-11
   555     8.4000E-03  8.0000E-03     4.8790E-02     2.5304E-12     5.1863E-11
   556     8.0000E-03  7.6000E-03     5.1293E-02     2.5101E-12     4.8936E-11
   557     7.6000E-03  7.2000E-03     5.4067E-02     2.3600E-12     4.3649E-11
   558     7.2000E-03  6.9000E-03     4.2560E-02     1.7127E-12     4.0242E-11
   559     6.9000E-03  6.6000E-03     4.4452E-02     1.6561E-12     3.7256E-11
   560     6.6000E-03  6.3000E-03     4.6520E-02     1.6042E-12     3.4484E-11
   561     6.3000E-03  6.0000E-03     4.8790E-02     1.5395E-12     3.1553E-11
   562     6.0000E-03  5.7500E-03     4.2560E-02     1.2416E-12     2.9173E-11
   563     5.7500E-03  5.5000E-03     4.4452E-02     1.1974E-12     2.6937E-11
   564     5.5000E-03  5.2500E-03     4.6520E-02     1.1491E-12     2.4701E-11
   565     5.2500E-03  5.0000E-03     4.8790E-02     1.1237E-12     2.3031E-11
   566     5.0000E-03  4.7500E-03     5.1293E-02     1.0261E-12     2.0005E-11
   567     4.7500E-03  4.5000E-03     5.4067E-02     1.0003E-12     1.8501E-11
   568     4.5000E-03  4.2500E-03     5.7158E-02     9.6595E-13     1.6900E-11
   569     4.2500E-03  4.0000E-03     6.0625E-02     8.9290E-13     1.4728E-11
   570     4.0000E-03  3.8000E-03     5.1293E-02     6.9792E-13     1.3606E-11
   571     3.8000E-03  3.6000E-03     5.4067E-02     6.7174E-13     1.2424E-11
   572     3.6000E-03  3.4000E-03     5.7158E-02     6.0765E-13     1.0631E-11
   573     3.4000E-03  3.2000E-03     6.0625E-02     6.1349E-13     1.0119E-11
   574     3.2000E-03  3.0000E-03     6.4539E-02     5.5633E-13     8.6201E-12
   575     3.0000E-03  2.8000E-03     6.8993E-02     5.3847E-13     7.8047E-12
   576     2.8000E-03  2.7000E-03     3.6368E-02     2.4561E-13     6.7535E-12
   577     2.7000E-03  2.5500E-03     5.7158E-02     3.4743E-13     6.0784E-12
   578     2.5500E-03  2.4000E-03     6.0625E-02     3.1986E-13     5.2761E-12
   579     2.4000E-03  2.3000E-03     4.2560E-02     2.0773E-13     4.8809E-12
   580     2.3000E-03  2.2000E-03     4.4452E-02     2.0404E-13     4.5901E-12
   581     2.2000E-03  2.1000E-03     4.6520E-02     1.9380E-13     4.1659E-12
   582     2.1000E-03  2.0000E-03     4.8790E-02     2.1061E-13     4.3166E-12
   583     2.0000E-03  1.9000E-03     5.1293E-02     1.8120E-13     3.5326E-12
   584     1.9000E-03  1.8000E-03     5.4067E-02     1.6670E-13     3.0832E-12
   585     1.8000E-03  1.7000E-03     5.7158E-02     1.6402E-13     2.8696E-12
   586     1.7000E-03  1.6000E-03     6.0625E-02     1.5605E-13     2.5740E-12
   587     1.6000E-03  1.5000E-03     6.4539E-02     1.5103E-13     2.3402E-12
   588     1.5000E-03  1.4250E-03     5.1293E-02     1.0205E-13     1.9895E-12
   589     1.4250E-03  1.3500E-03     5.4067E-02     9.3453E-14     1.7285E-12
   590     1.3500E-03  1.2750E-03     5.7158E-02     8.9080E-14     1.5585E-12
   591     1.2750E-03  1.2000E-03     6.0625E-02     8.2345E-14     1.3583E-12
   592     1.2000E-03  1.1500E-03     4.2560E-02     5.1547E-14     1.2112E-12
   593     1.1500E-03  1.1000E-03     4.4452E-02     5.1124E-14     1.1501E-12
   594     1.1000E-03  1.0500E-03     4.6520E-02     4.8831E-14     1.0497E-12
   595     1.0500E-03  1.0000E-03     4.8790E-02     4.8475E-14     9.9354E-13
   596     1.0000E-03  9.6000E-04     4.0822E-02     3.5591E-14     8.7186E-13
   597     9.6000E-04  9.2000E-04     4.2560E-02     3.5639E-14     8.3739E-13
   598     9.2000E-04  8.8000E-04     4.4452E-02     3.0441E-14     6.8481E-13
   599     8.8000E-04  8.4000E-04     4.6520E-02     2.8571E-14     6.1417E-13
   600     8.4000E-04  8.0000E-04     4.8790E-02     3.0660E-14     6.2841E-13
   601     8.0000E-04  7.6000E-04     5.1293E-02     2.5916E-14     5.0525E-13
   602     7.6000E-04  7.2000E-04     5.4067E-02     2.6946E-14     4.9838E-13
   603     7.2000E-04  6.9000E-04     4.2560E-02     1.8153E-14     4.2653E-13
   604     6.9000E-04  6.6000E-04     4.4452E-02     1.7486E-14     3.9337E-13
   605     6.6000E-04  6.3000E-04     4.6520E-02     1.8318E-14     3.9377E-13
   606     6.3000E-04  6.0000E-04     4.8790E-02     1.6092E-14     3.2982E-13
   607     6.0000E-04  5.7500E-04     4.2560E-02     1.1489E-14     2.6995E-13
   608     5.7500E-04  5.5000E-04     4.4452E-02     1.2327E-14     2.7731E-13
   609     5.5000E-04  5.2500E-04     4.6520E-02     9.5346E-15     2.0496E-13
   610     5.2500E-04  5.0000E-04     4.8790E-02     1.3414E-14     2.7493E-13
   611     5.0000E-04  4.7500E-04     5.1293E-02     1.1187E-14     2.1810E-13
   612     4.7500E-04  4.5000E-04     5.4067E-02     1.0531E-14     1.9478E-13
   613     4.5000E-04  4.2500E-04     5.7158E-02     8.6649E-15     1.5159E-13
   614     4.2500E-04  4.0000E-04     6.0625E-02     9.0395E-15     1.4911E-13
   615     4.0000E-04  3.8000E-04     5.1293E-02     7.5224E-15     1.4665E-13
   616     3.8000E-04  3.6000E-04     5.4067E-02     7.2085E-15     1.3332E-13
   617     3.6000E-04  3.4000E-04     5.7158E-02     5.8021E-15     1.0151E-13
   618     3.4000E-04  3.2000E-04     6.0625E-02     5.3154E-15     8.7677E-14
   619     3.2000E-04  3.0000E-04     6.4539E-02     5.5153E-15     8.5457E-14
   620     3.0000E-04  2.8000E-04     6.8993E-02     4.8768E-15     7.0686E-14
   621     2.8000E-04  2.7000E-04     3.6368E-02     2.7276E-15     7.5001E-14
   622     2.7000E-04  2.5500E-04     5.7158E-02     3.3344E-15     5.8336E-14
   623     2.5500E-04  2.4000E-04     6.0625E-02     2.6075E-15     4.3011E-14
   624     2.4000E-04  2.3000E-04     4.2560E-02     2.3304E-15     5.4756E-14
   625     2.3000E-04  2.2000E-04     4.4452E-02     1.9921E-15     4.4815E-14
   626     2.2000E-04  2.1000E-04     4.6520E-02     1.9604E-15     4.2141E-14
   627     2.1000E-04  2.0000E-04     4.8790E-02     1.7166E-15     3.5183E-14
   628     2.0000E-04  1.9000E-04     5.1293E-02     1.5923E-15     3.1043E-14
   629     1.9000E-04  1.8000E-04     5.4067E-02     1.6039E-15     2.9665E-14
   630     1.8000E-04  1.7000E-04     5.7158E-02     1.4192E-15     2.4829E-14
   631     1.7000E-04  1.6000E-04     6.0625E-02     1.7993E-15     2.9679E-14
   632     1.6000E-04  1.5000E-04     6.4539E-02     1.0293E-15     1.5949E-14
   633     1.5000E-04  1.4250E-04     5.1293E-02     8.7585E-16     1.7075E-14
   634     1.4250E-04  1.3500E-04     5.4067E-02     8.9507E-16     1.6555E-14
   635     1.3500E-04  1.2750E-04     5.7158E-02     8.1056E-16     1.4181E-14
   636     1.2750E-04  1.2000E-04     6.0625E-02     7.8691E-16     1.2980E-14
   637     1.2000E-04  1.1500E-04     4.2560E-02     4.8194E-16     1.1324E-14
   638     1.1500E-04  1.1000E-04     4.4452E-02     6.6718E-16     1.5009E-14
   639     1.1000E-04  1.0500E-04     4.6520E-02     5.8614E-16     1.2600E-14
   640     1.0500E-04  1.0000E-04     4.8790E-02     4.1627E-16     8.5318E-15
  TOTAL                                              1.0002E-06
