  GROUP      UPPER       LOWER         LETHARGY         DATA        DATA/LETHARGY

     1     2.0000E+07  1.9900E+07     5.0125E-03     0.0000E+00     0.0000E+00
     2     1.9900E+07  1.9800E+07     5.0378E-03     7.3148E-15     1.4520E-12
     3     1.9800E+07  1.9700E+07     5.0633E-03     5.6578E-15     1.1174E-12
     4     1.9700E+07  1.9600E+07     5.0891E-03     1.6272E-14     3.1974E-12
     5     1.9600E+07  1.9500E+07     5.1151E-03     3.3168E-14     6.4843E-12
     6     1.9500E+07  1.9400E+07     5.1414E-03     1.6865E-14     3.2802E-12
     7     1.9400E+07  1.9300E+07     5.1680E-03     9.8505E-15     1.9061E-12
     8     1.9300E+07  1.9200E+07     5.1948E-03     5.6158E-14     1.0810E-11
     9     1.9200E+07  1.9100E+07     5.2219E-03     3.8889E-14     7.4472E-12
    10     1.9100E+07  1.9000E+07     5.2494E-03     4.5073E-14     8.5864E-12
    11     1.9000E+07  1.8900E+07     5.2771E-03     2.0557E-14     3.8955E-12
    12     1.8900E+07  1.8800E+07     5.3051E-03     4.0095E-14     7.5579E-12
    13     1.8800E+07  1.8700E+07     5.3333E-03     5.9917E-14     1.1234E-11
    14     1.8700E+07  1.8600E+07     5.3619E-03     2.3882E-14     4.4540E-12
    15     1.8600E+07  1.8500E+07     5.3908E-03     3.7876E-14     7.0260E-12
    16     1.8500E+07  1.8400E+07     5.4201E-03     3.6315E-14     6.7001E-12
    17     1.8400E+07  1.8300E+07     5.4496E-03     7.5846E-14     1.3918E-11
    18     1.8300E+07  1.8200E+07     5.4795E-03     5.5327E-14     1.0097E-11
    19     1.8200E+07  1.8100E+07     5.5097E-03     1.1650E-13     2.1145E-11
    20     1.8100E+07  1.8000E+07     5.5402E-03     1.0861E-13     1.9604E-11
    21     1.8000E+07  1.7900E+07     5.5710E-03     5.0275E-14     9.0243E-12
    22     1.7900E+07  1.7800E+07     5.6023E-03     1.0208E-13     1.8221E-11
    23     1.7800E+07  1.7700E+07     5.6338E-03     4.3018E-14     7.6357E-12
    24     1.7700E+07  1.7600E+07     5.6657E-03     1.3764E-13     2.4293E-11
    25     1.7600E+07  1.7500E+07     5.6980E-03     8.6328E-14     1.5151E-11
    26     1.7500E+07  1.7400E+07     5.7307E-03     6.7486E-14     1.1776E-11
    27     1.7400E+07  1.7300E+07     5.7637E-03     1.0395E-13     1.8035E-11
    28     1.7300E+07  1.7200E+07     5.7971E-03     1.0643E-13     1.8359E-11
    29     1.7200E+07  1.7100E+07     5.8309E-03     1.5838E-13     2.7162E-11
    30     1.7100E+07  1.7000E+07     5.8651E-03     9.9972E-14     1.7045E-11
    31     1.7000E+07  1.6900E+07     5.8997E-03     1.5404E-13     2.6110E-11
    32     1.6900E+07  1.6800E+07     5.9347E-03     1.4993E-13     2.5263E-11
    33     1.6800E+07  1.6700E+07     5.9702E-03     1.4047E-13     2.3529E-11
    34     1.6700E+07  1.6600E+07     6.0060E-03     1.2728E-13     2.1192E-11
    35     1.6600E+07  1.6500E+07     6.0423E-03     2.7515E-13     4.5537E-11
    36     1.6500E+07  1.6400E+07     6.0790E-03     2.1275E-13     3.4997E-11
    37     1.6400E+07  1.6300E+07     6.1162E-03     2.3082E-13     3.7739E-11
    38     1.6300E+07  1.6200E+07     6.1539E-03     2.3996E-13     3.8993E-11
    39     1.6200E+07  1.6100E+07     6.1920E-03     2.1553E-13     3.4808E-11
    40     1.6100E+07  1.6000E+07     6.2305E-03     4.0841E-13     6.5550E-11
    41     1.6000E+07  1.5900E+07     6.2696E-03     2.8608E-13     4.5630E-11
    42     1.5900E+07  1.5800E+07     6.3092E-03     3.0726E-13     4.8701E-11
    43     1.5800E+07  1.5700E+07     6.3492E-03     3.1921E-13     5.0275E-11
    44     1.5700E+07  1.5600E+07     6.3898E-03     4.0599E-13     6.3537E-11
    45     1.5600E+07  1.5500E+07     6.4309E-03     3.8573E-13     5.9981E-11
    46     1.5500E+07  1.5400E+07     6.4725E-03     5.1717E-13     7.9902E-11
    47     1.5400E+07  1.5300E+07     6.5147E-03     4.2595E-13     6.5383E-11
    48     1.5300E+07  1.5200E+07     6.5574E-03     5.0515E-13     7.7035E-11
    49     1.5200E+07  1.5100E+07     6.6007E-03     4.9198E-13     7.4535E-11
    50     1.5100E+07  1.5000E+07     6.6445E-03     6.3775E-13     9.5981E-11
    51     1.5000E+07  1.4900E+07     6.6890E-03     7.3027E-13     1.0917E-10
    52     1.4900E+07  1.4800E+07     6.7340E-03     6.6561E-13     9.8843E-11
    53     1.4800E+07  1.4700E+07     6.7797E-03     7.8108E-13     1.1521E-10
    54     1.4700E+07  1.4600E+07     6.8260E-03     7.7562E-13     1.1363E-10
    55     1.4600E+07  1.4500E+07     6.8729E-03     9.6142E-13     1.3989E-10
    56     1.4500E+07  1.4400E+07     6.9204E-03     7.6729E-13     1.1087E-10
    57     1.4400E+07  1.4300E+07     6.9687E-03     9.0125E-13     1.2933E-10
    58     1.4300E+07  1.4200E+07     7.0176E-03     1.0736E-12     1.5299E-10
    59     1.4200E+07  1.4100E+07     7.0672E-03     1.3989E-12     1.9794E-10
    60     1.4100E+07  1.4000E+07     7.1175E-03     1.4043E-12     1.9730E-10
    61     1.4000E+07  1.3900E+07     7.1685E-03     1.3460E-12     1.8777E-10
    62     1.3900E+07  1.3800E+07     7.2202E-03     1.7429E-12     2.4139E-10
    63     1.3800E+07  1.3700E+07     7.2728E-03     1.4935E-12     2.0536E-10
    64     1.3700E+07  1.3600E+07     7.3260E-03     1.5903E-12     2.1707E-10
    65     1.3600E+07  1.3500E+07     7.3801E-03     1.7925E-12     2.4288E-10
    66     1.3500E+07  1.3400E+07     7.4350E-03     1.9257E-12     2.5901E-10
    67     1.3400E+07  1.3300E+07     7.4907E-03     2.0234E-12     2.7012E-10
    68     1.3300E+07  1.3200E+07     7.5472E-03     2.1800E-12     2.8885E-10
    69     1.3200E+07  1.3100E+07     7.6046E-03     2.4319E-12     3.1979E-10
    70     1.3100E+07  1.3000E+07     7.6629E-03     2.3266E-12     3.0362E-10
    71     1.3000E+07  1.2900E+07     7.7220E-03     2.5064E-12     3.2458E-10
    72     1.2900E+07  1.2800E+07     7.7821E-03     3.1726E-12     4.0768E-10
    73     1.2800E+07  1.2700E+07     7.8432E-03     3.0759E-12     3.9218E-10
    74     1.2700E+07  1.2600E+07     7.9052E-03     3.4328E-12     4.3425E-10
    75     1.2600E+07  1.2500E+07     7.9682E-03     3.4977E-12     4.3896E-10
    76     1.2500E+07  1.2400E+07     8.0322E-03     3.5707E-12     4.4455E-10
    77     1.2400E+07  1.2300E+07     8.0972E-03     4.0484E-12     4.9997E-10
    78     1.2300E+07  1.2200E+07     8.1633E-03     4.3793E-12     5.3646E-10
    79     1.2200E+07  1.2100E+07     8.2305E-03     4.8782E-12     5.9270E-10
    80     1.2100E+07  1.2000E+07     8.2988E-03     4.8683E-12     5.8663E-10
    81     1.2000E+07  1.1900E+07     8.3682E-03     5.4057E-12     6.4598E-10
    82     1.1900E+07  1.1800E+07     8.4389E-03     5.8769E-12     6.9641E-10
    83     1.1800E+07  1.1700E+07     8.5107E-03     6.0590E-12     7.1193E-10
    84     1.1700E+07  1.1600E+07     8.5837E-03     6.6613E-12     7.7604E-10
    85     1.1600E+07  1.1500E+07     8.6581E-03     6.6584E-12     7.6904E-10
    86     1.1500E+07  1.1400E+07     8.7337E-03     7.8740E-12     9.0157E-10
    87     1.1400E+07  1.1300E+07     8.8106E-03     8.3710E-12     9.5010E-10
    88     1.1300E+07  1.1200E+07     8.8889E-03     8.7321E-12     9.8235E-10
    89     1.1200E+07  1.1100E+07     8.9687E-03     9.2893E-12     1.0358E-09
    90     1.1100E+07  1.1000E+07     9.0498E-03     1.0243E-11     1.1318E-09
    91     1.1000E+07  1.0900E+07     9.1325E-03     1.1096E-11     1.2150E-09
    92     1.0900E+07  1.0800E+07     9.2167E-03     1.2332E-11     1.3380E-09
    93     1.0800E+07  1.0700E+07     9.3024E-03     1.3579E-11     1.4597E-09
    94     1.0700E+07  1.0600E+07     9.3897E-03     1.4539E-11     1.5484E-09
    95     1.0600E+07  1.0500E+07     9.4787E-03     1.5158E-11     1.5992E-09
    96     1.0500E+07  1.0400E+07     9.5695E-03     1.6306E-11     1.7040E-09
    97     1.0400E+07  1.0300E+07     9.6619E-03     1.7176E-11     1.7777E-09
    98     1.0300E+07  1.0200E+07     9.7562E-03     1.7717E-11     1.8160E-09
    99     1.0200E+07  1.0100E+07     9.8523E-03     2.1000E-11     2.1315E-09
   100     1.0100E+07  1.0000E+07     9.9503E-03     2.1070E-11     2.1175E-09
   101     1.0000E+07  9.9000E+06     1.0050E-02     2.2914E-11     2.2799E-09
   102     9.9000E+06  9.8000E+06     1.0152E-02     2.4121E-11     2.3759E-09
   103     9.8000E+06  9.7000E+06     1.0257E-02     2.6079E-11     2.5427E-09
   104     9.7000E+06  9.6000E+06     1.0363E-02     2.8647E-11     2.7644E-09
   105     9.6000E+06  9.5000E+06     1.0471E-02     3.1010E-11     2.9614E-09
   106     9.5000E+06  9.4000E+06     1.0582E-02     3.2671E-11     3.0874E-09
   107     9.4000E+06  9.3000E+06     1.0695E-02     3.6027E-11     3.3685E-09
   108     9.3000E+06  9.2000E+06     1.0811E-02     3.8137E-11     3.5276E-09
   109     9.2000E+06  9.1000E+06     1.0929E-02     4.0809E-11     3.7340E-09
   110     9.1000E+06  9.0000E+06     1.1050E-02     4.3760E-11     3.9602E-09
   111     9.0000E+06  8.9000E+06     1.1173E-02     4.5736E-11     4.0933E-09
   112     8.9000E+06  8.8000E+06     1.1300E-02     5.0401E-11     4.4604E-09
   113     8.8000E+06  8.7000E+06     1.1429E-02     5.2783E-11     4.6185E-09
   114     8.7000E+06  8.6000E+06     1.1561E-02     5.6872E-11     4.9194E-09
   115     8.6000E+06  8.5000E+06     1.1696E-02     6.2434E-11     5.3380E-09
   116     8.5000E+06  8.4000E+06     1.1834E-02     6.6732E-11     5.6388E-09
   117     8.4000E+06  8.3000E+06     1.1976E-02     6.9991E-11     5.8442E-09
   118     8.3000E+06  8.2000E+06     1.2121E-02     7.7048E-11     6.3564E-09
   119     8.2000E+06  8.1000E+06     1.2270E-02     8.5516E-11     6.9695E-09
   120     8.1000E+06  8.0000E+06     1.2423E-02     9.0892E-11     7.3167E-09
   121     8.0000E+06  7.9000E+06     1.2579E-02     9.6611E-11     7.6805E-09
   122     7.9000E+06  7.8000E+06     1.2739E-02     1.0053E-10     7.8915E-09
   123     7.8000E+06  7.7000E+06     1.2903E-02     1.1094E-10     8.5977E-09
   124     7.7000E+06  7.6000E+06     1.3072E-02     1.1742E-10     8.9825E-09
   125     7.6000E+06  7.5000E+06     1.3245E-02     1.3054E-10     9.8556E-09
   126     7.5000E+06  7.4000E+06     1.3423E-02     1.3730E-10     1.0229E-08
   127     7.4000E+06  7.3000E+06     1.3606E-02     1.4590E-10     1.0723E-08
   128     7.3000E+06  7.2000E+06     1.3793E-02     1.5235E-10     1.1045E-08
   129     7.2000E+06  7.1000E+06     1.3986E-02     1.7116E-10     1.2238E-08
   130     7.1000E+06  7.0000E+06     1.4185E-02     1.8457E-10     1.3012E-08
   131     7.0000E+06  6.9000E+06     1.4389E-02     2.0015E-10     1.3910E-08
   132     6.9000E+06  6.8000E+06     1.4599E-02     2.1191E-10     1.4516E-08
   133     6.8000E+06  6.7000E+06     1.4815E-02     2.2620E-10     1.5268E-08
   134     6.7000E+06  6.6000E+06     1.5038E-02     2.5084E-10     1.6681E-08
   135     6.6000E+06  6.5000E+06     1.5267E-02     2.6854E-10     1.7589E-08
   136     6.5000E+06  6.4000E+06     1.5504E-02     2.8158E-10     1.8162E-08
   137     6.4000E+06  6.3000E+06     1.5748E-02     3.0342E-10     1.9267E-08
   138     6.3000E+06  6.2000E+06     1.6000E-02     3.3476E-10     2.0922E-08
   139     6.2000E+06  6.1000E+06     1.6261E-02     3.5443E-10     2.1797E-08
   140     6.1000E+06  6.0000E+06     1.6529E-02     3.7135E-10     2.2466E-08
   141     6.0000E+06  5.9000E+06     1.6807E-02     3.9065E-10     2.3243E-08
   142     5.9000E+06  5.8000E+06     1.7094E-02     4.3132E-10     2.5232E-08
   143     5.8000E+06  5.7000E+06     1.7392E-02     4.6443E-10     2.6704E-08
   144     5.7000E+06  5.6000E+06     1.7700E-02     4.8413E-10     2.7353E-08
   145     5.6000E+06  5.5000E+06     1.8019E-02     5.4481E-10     3.0236E-08
   146     5.5000E+06  5.4000E+06     1.8349E-02     5.8382E-10     3.1817E-08
   147     5.4000E+06  5.3000E+06     1.8692E-02     6.1568E-10     3.2938E-08
   148     5.3000E+06  5.2000E+06     1.9048E-02     6.8986E-10     3.6217E-08
   149     5.2000E+06  5.1000E+06     1.9418E-02     6.8246E-10     3.5146E-08
   150     5.1000E+06  5.0000E+06     1.9803E-02     7.5574E-10     3.8164E-08
   151     5.0000E+06  4.9000E+06     2.0203E-02     8.4601E-10     4.1876E-08
   152     4.9000E+06  4.8000E+06     2.0619E-02     8.8021E-10     4.2689E-08
   153     4.8000E+06  4.7000E+06     2.1053E-02     9.7001E-10     4.6074E-08
   154     4.7000E+06  4.6000E+06     2.1506E-02     1.0163E-09     4.7256E-08
   155     4.6000E+06  4.5000E+06     2.1979E-02     1.0742E-09     4.8874E-08
   156     4.5000E+06  4.4000E+06     2.2473E-02     1.1501E-09     5.1177E-08
   157     4.4000E+06  4.3000E+06     2.2990E-02     1.1384E-09     4.9518E-08
   158     4.3000E+06  4.2000E+06     2.3530E-02     1.3418E-09     5.7024E-08
   159     4.2000E+06  4.1000E+06     2.4098E-02     1.4028E-09     5.8213E-08
   160     4.1000E+06  4.0000E+06     2.4693E-02     1.5129E-09     6.1269E-08
   161     4.0000E+06  3.9000E+06     2.5318E-02     1.5610E-09     6.1656E-08
   162     3.9000E+06  3.8000E+06     2.5975E-02     1.6505E-09     6.3541E-08
   163     3.8000E+06  3.7000E+06     2.6668E-02     1.6412E-09     6.1541E-08
   164     3.7000E+06  3.6000E+06     2.7399E-02     1.7929E-09     6.5437E-08
   165     3.6000E+06  3.5000E+06     2.8171E-02     1.9155E-09     6.7996E-08
   166     3.5000E+06  3.4000E+06     2.8988E-02     2.0540E-09     7.0858E-08
   167     3.4000E+06  3.3000E+06     2.9853E-02     2.1855E-09     7.3209E-08
   168     3.3000E+06  3.2000E+06     3.0772E-02     2.3620E-09     7.6759E-08
   169     3.2000E+06  3.1000E+06     3.1749E-02     2.7211E-09     8.5707E-08
   170     3.1000E+06  3.0000E+06     3.2790E-02     2.9283E-09     8.9305E-08
   171     3.0000E+06  2.9000E+06     3.3902E-02     3.0859E-09     9.1025E-08
   172     2.9000E+06  2.8000E+06     3.5091E-02     3.3888E-09     9.6571E-08
   173     2.8000E+06  2.7000E+06     3.6368E-02     3.5010E-09     9.6267E-08
   174     2.7000E+06  2.6000E+06     3.7740E-02     3.9916E-09     1.0576E-07
   175     2.6000E+06  2.5000E+06     3.9221E-02     4.0419E-09     1.0306E-07
   176     2.5000E+06  2.4000E+06     4.0822E-02     5.1314E-09     1.2570E-07
   177     2.4000E+06  2.3000E+06     4.2560E-02     5.5154E-09     1.2959E-07
   178     2.3000E+06  2.2000E+06     4.4452E-02     5.4287E-09     1.2213E-07
   179     2.2000E+06  2.1000E+06     4.6520E-02     5.7123E-09     1.2279E-07
   180     2.1000E+06  2.0000E+06     4.8790E-02     5.8756E-09     1.2043E-07
   181     2.0000E+06  1.9000E+06     5.1293E-02     6.4181E-09     1.2513E-07
   182     1.9000E+06  1.8000E+06     5.4067E-02     7.4459E-09     1.3772E-07
   183     1.8000E+06  1.7000E+06     5.7158E-02     7.5119E-09     1.3142E-07
   184     1.7000E+06  1.6000E+06     6.0625E-02     8.3725E-09     1.3810E-07
   185     1.6000E+06  1.5000E+06     6.4539E-02     8.7414E-09     1.3544E-07
   186     1.5000E+06  1.4000E+06     6.8993E-02     9.5850E-09     1.3893E-07
   187     1.4000E+06  1.3000E+06     7.4108E-02     1.0331E-08     1.3940E-07
   188     1.3000E+06  1.2000E+06     8.0043E-02     1.0868E-08     1.3578E-07
   189     1.2000E+06  1.1000E+06     8.7011E-02     1.1087E-08     1.2742E-07
   190     1.1000E+06  1.0000E+06     9.5310E-02     1.2647E-08     1.3269E-07
   191     1.0000E+06  9.6000E+05     4.0822E-02     5.0473E-09     1.2364E-07
   192     9.6000E+05  9.2000E+05     4.2560E-02     5.3418E-09     1.2551E-07
   193     9.2000E+05  8.8000E+05     4.4452E-02     5.7058E-09     1.2836E-07
   194     8.8000E+05  8.4000E+05     4.6520E-02     5.2950E-09     1.1382E-07
   195     8.4000E+05  8.0000E+05     4.8790E-02     6.0449E-09     1.2390E-07
   196     8.0000E+05  7.6000E+05     5.1293E-02     6.0666E-09     1.1827E-07
   197     7.6000E+05  7.2000E+05     5.4067E-02     7.8140E-09     1.4452E-07
   198     7.2000E+05  6.9000E+05     4.2560E-02     5.9334E-09     1.3941E-07
   199     6.9000E+05  6.6000E+05     4.4452E-02     6.0068E-09     1.3513E-07
   200     6.6000E+05  6.3000E+05     4.6520E-02     5.1895E-09     1.1155E-07
   201     6.3000E+05  6.0000E+05     4.8790E-02     6.3260E-09     1.2966E-07
   202     6.0000E+05  5.7500E+05     4.2560E-02     4.9214E-09     1.1564E-07
   203     5.7500E+05  5.5000E+05     4.4452E-02     4.8513E-09     1.0914E-07
   204     5.5000E+05  5.2500E+05     4.6520E-02     4.7711E-09     1.0256E-07
   205     5.2500E+05  5.0000E+05     4.8790E-02     5.7332E-09     1.1751E-07
   206     5.0000E+05  4.7500E+05     5.1293E-02     5.5404E-09     1.0801E-07
   207     4.7500E+05  4.5000E+05     5.4067E-02     5.2081E-09     9.6326E-08
   208     4.5000E+05  4.2500E+05     5.7158E-02     4.5684E-09     7.9925E-08
   209     4.2500E+05  4.0000E+05     6.0625E-02     5.3960E-09     8.9007E-08
   210     4.0000E+05  3.8000E+05     5.1293E-02     5.6664E-09     1.1047E-07
   211     3.8000E+05  3.6000E+05     5.4067E-02     4.2492E-09     7.8591E-08
   212     3.6000E+05  3.4000E+05     5.7158E-02     6.1207E-09     1.0708E-07
   213     3.4000E+05  3.2000E+05     6.0625E-02     5.6636E-09     9.3421E-08
   214     3.2000E+05  3.0000E+05     6.4539E-02     4.8808E-09     7.5626E-08
   215     3.0000E+05  2.8000E+05     6.8993E-02     4.5282E-09     6.5633E-08
   216     2.8000E+05  2.7000E+05     3.6368E-02     3.7912E-09     1.0425E-07
   217     2.7000E+05  2.5500E+05     5.7158E-02     5.6202E-09     9.8327E-08
   218     2.5500E+05  2.4000E+05     6.0625E-02     5.1802E-09     8.5447E-08
   219     2.4000E+05  2.3000E+05     4.2560E-02     3.0805E-09     7.2381E-08
   220     2.3000E+05  2.2000E+05     4.4452E-02     2.7507E-09     6.1881E-08
   221     2.2000E+05  2.1000E+05     4.6520E-02     2.4899E-09     5.3523E-08
   222     2.1000E+05  2.0000E+05     4.8790E-02     2.2855E-09     4.6843E-08
   223     2.0000E+05  1.9000E+05     5.1293E-02     3.7069E-09     7.2269E-08
   224     1.9000E+05  1.8000E+05     5.4067E-02     3.7445E-09     6.9256E-08
   225     1.8000E+05  1.7000E+05     5.7158E-02     3.3980E-09     5.9449E-08
   226     1.7000E+05  1.6000E+05     6.0625E-02     2.6314E-09     4.3405E-08
   227     1.6000E+05  1.5000E+05     6.4539E-02     2.0202E-09     3.1302E-08
   228     1.5000E+05  1.4250E+05     5.1293E-02     1.6779E-09     3.2712E-08
   229     1.4250E+05  1.3500E+05     5.4067E-02     3.0401E-09     5.6228E-08
   230     1.3500E+05  1.2750E+05     5.7158E-02     5.3531E-09     9.3654E-08
   231     1.2750E+05  1.2000E+05     6.0625E-02     3.8687E-09     6.3814E-08
   232     1.2000E+05  1.1500E+05     4.2560E-02     2.0317E-09     4.7738E-08
   233     1.1500E+05  1.1000E+05     4.4452E-02     2.8378E-09     6.3840E-08
   234     1.1000E+05  1.0500E+05     4.6520E-02     2.6530E-09     5.7029E-08
   235     1.0500E+05  1.0000E+05     4.8790E-02     2.2935E-09     4.7007E-08
   236     1.0000E+05  9.6000E+04     4.0822E-02     1.4439E-09     3.5371E-08
   237     9.6000E+04  9.2000E+04     4.2560E-02     1.0460E-09     2.4577E-08
   238     9.2000E+04  8.8000E+04     4.4452E-02     6.5241E-10     1.4677E-08
   239     8.8000E+04  8.4000E+04     4.6520E-02     7.1170E-10     1.5299E-08
   240     8.4000E+04  8.0000E+04     4.8790E-02     1.5417E-09     3.1599E-08
   241     8.0000E+04  7.6000E+04     5.1293E-02     2.8361E-09     5.5292E-08
   242     7.6000E+04  7.2000E+04     5.4067E-02     3.5357E-09     6.5395E-08
   243     7.2000E+04  6.9000E+04     4.2560E-02     2.8703E-09     6.7442E-08
   244     6.9000E+04  6.6000E+04     4.4452E-02     2.7454E-09     6.1761E-08
   245     6.6000E+04  6.3000E+04     4.6520E-02     2.6197E-09     5.6313E-08
   246     6.3000E+04  6.0000E+04     4.8790E-02     2.5391E-09     5.2041E-08
   247     6.0000E+04  5.7500E+04     4.2560E-02     2.0049E-09     4.7108E-08
   248     5.7500E+04  5.5000E+04     4.4452E-02     1.9873E-09     4.4707E-08
   249     5.5000E+04  5.2500E+04     4.6520E-02     2.0062E-09     4.3126E-08
   250     5.2500E+04  5.0000E+04     4.8790E-02     1.9769E-09     4.0518E-08
   251     5.0000E+04  4.7500E+04     5.1293E-02     1.9851E-09     3.8701E-08
   252     4.7500E+04  4.5000E+04     5.4067E-02     1.9415E-09     3.5909E-08
   253     4.5000E+04  4.2500E+04     5.7158E-02     1.8366E-09     3.2132E-08
   254     4.2500E+04  4.0000E+04     6.0625E-02     1.6483E-09     2.7189E-08
   255     4.0000E+04  3.8000E+04     5.1293E-02     1.0170E-09     1.9827E-08
   256     3.8000E+04  3.6000E+04     5.4067E-02     5.6581E-10     1.0465E-08
   257     3.6000E+04  3.4000E+04     5.7158E-02     3.3055E-10     5.7831E-09
   258     3.4000E+04  3.2000E+04     6.0625E-02     1.3144E-09     2.1681E-08
   259     3.2000E+04  3.0000E+04     6.4539E-02     3.2194E-09     4.9883E-08
   260     3.0000E+04  2.8000E+04     6.8993E-02     3.7950E-09     5.5006E-08
   261     2.8000E+04  2.7000E+04     3.6368E-02     1.8705E-09     5.1433E-08
   262     2.7000E+04  2.5500E+04     5.7158E-02     2.8150E-09     4.9249E-08
   263     2.5500E+04  2.4000E+04     6.0625E-02     2.5345E-09     4.1806E-08
   264     2.4000E+04  2.3000E+04     4.2560E-02     1.6523E-09     3.8823E-08
   265     2.3000E+04  2.2000E+04     4.4452E-02     1.7168E-09     3.8622E-08
   266     2.2000E+04  2.1000E+04     4.6520E-02     1.7195E-09     3.6963E-08
   267     2.1000E+04  2.0000E+04     4.8790E-02     1.7646E-09     3.6167E-08
   268     2.0000E+04  1.9000E+04     5.1293E-02     1.8141E-09     3.5367E-08
   269     1.9000E+04  1.8000E+04     5.4067E-02     1.9327E-09     3.5746E-08
   270     1.8000E+04  1.7000E+04     5.7158E-02     1.9725E-09     3.4509E-08
   271     1.7000E+04  1.6000E+04     6.0625E-02     2.1937E-09     3.6185E-08
   272     1.6000E+04  1.5000E+04     6.4539E-02     2.2205E-09     3.4406E-08
   273     1.5000E+04  1.4250E+04     5.1293E-02     1.7806E-09     3.4714E-08
   274     1.4250E+04  1.3500E+04     5.4067E-02     1.8325E-09     3.3893E-08
   275     1.3500E+04  1.2750E+04     5.7158E-02     1.9729E-09     3.4516E-08
   276     1.2750E+04  1.2000E+04     6.0625E-02     2.0561E-09     3.3915E-08
   277     1.2000E+04  1.1500E+04     4.2560E-02     1.4482E-09     3.4028E-08
   278     1.1500E+04  1.1000E+04     4.4452E-02     1.5016E-09     3.3780E-08
   279     1.1000E+04  1.0500E+04     4.6520E-02     1.5605E-09     3.3545E-08
   280     1.0500E+04  1.0000E+04     4.8790E-02     1.6307E-09     3.3423E-08
   281     1.0000E+04  9.6000E+03     4.0822E-02     1.3507E-09     3.3088E-08
   282     9.6000E+03  9.2000E+03     4.2560E-02     1.4054E-09     3.3022E-08
   283     9.2000E+03  8.8000E+03     4.4452E-02     1.4332E-09     3.2242E-08
   284     8.8000E+03  8.4000E+03     4.6520E-02     1.5375E-09     3.3050E-08
   285     8.4000E+03  8.0000E+03     4.8790E-02     1.5831E-09     3.2447E-08
   286     8.0000E+03  7.6000E+03     5.1293E-02     1.6517E-09     3.2201E-08
   287     7.6000E+03  7.2000E+03     5.4067E-02     1.7522E-09     3.2408E-08
   288     7.2000E+03  6.9000E+03     4.2560E-02     1.3637E-09     3.2042E-08
   289     6.9000E+03  6.6000E+03     4.4452E-02     1.4621E-09     3.2892E-08
   290     6.6000E+03  6.3000E+03     4.6520E-02     1.5253E-09     3.2788E-08
   291     6.3000E+03  6.0000E+03     4.8790E-02     1.5144E-09     3.1039E-08
   292     6.0000E+03  5.7500E+03     4.2560E-02     8.2326E-10     1.9344E-08
   293     5.7500E+03  5.5000E+03     4.4452E-02     1.4906E-09     3.3533E-08
   294     5.5000E+03  5.2500E+03     4.6520E-02     1.5526E-09     3.3375E-08
   295     5.2500E+03  5.0000E+03     4.8790E-02     1.6260E-09     3.3326E-08
   296     5.0000E+03  4.7500E+03     5.1293E-02     1.6672E-09     3.2503E-08
   297     4.7500E+03  4.5000E+03     5.4067E-02     1.7411E-09     3.2203E-08
   298     4.5000E+03  4.2500E+03     5.7158E-02     1.8326E-09     3.2062E-08
   299     4.2500E+03  4.0000E+03     6.0625E-02     1.9087E-09     3.1484E-08
   300     4.0000E+03  3.8000E+03     5.1293E-02     1.5906E-09     3.1010E-08
   301     3.8000E+03  3.6000E+03     5.4067E-02     1.7576E-09     3.2508E-08
   302     3.6000E+03  3.4000E+03     5.7158E-02     1.8054E-09     3.1586E-08
   303     3.4000E+03  3.2000E+03     6.0625E-02     1.9114E-09     3.1528E-08
   304     3.2000E+03  3.0000E+03     6.4539E-02     2.0107E-09     3.1155E-08
   305     3.0000E+03  2.8000E+03     6.8993E-02     2.1387E-09     3.0999E-08
   306     2.8000E+03  2.7000E+03     3.6368E-02     1.0703E-09     2.9430E-08
   307     2.7000E+03  2.5500E+03     5.7158E-02     1.7558E-09     3.0718E-08
   308     2.5500E+03  2.4000E+03     6.0625E-02     1.8353E-09     3.0273E-08
   309     2.4000E+03  2.3000E+03     4.2560E-02     1.2947E-09     3.0421E-08
   310     2.3000E+03  2.2000E+03     4.4452E-02     1.3813E-09     3.1074E-08
   311     2.2000E+03  2.1000E+03     4.6520E-02     1.4602E-09     3.1389E-08
   312     2.1000E+03  2.0000E+03     4.8790E-02     1.4938E-09     3.0617E-08
   313     2.0000E+03  1.9000E+03     5.1293E-02     1.6225E-09     3.1632E-08
   314     1.9000E+03  1.8000E+03     5.4067E-02     1.6762E-09     3.1002E-08
   315     1.8000E+03  1.7000E+03     5.7158E-02     1.7746E-09     3.1047E-08
   316     1.7000E+03  1.6000E+03     6.0625E-02     1.8684E-09     3.0819E-08
   317     1.6000E+03  1.5000E+03     6.4539E-02     1.9528E-09     3.0258E-08
   318     1.5000E+03  1.4250E+03     5.1293E-02     1.6047E-09     3.1285E-08
   319     1.4250E+03  1.3500E+03     5.4067E-02     1.6556E-09     3.0621E-08
   320     1.3500E+03  1.2750E+03     5.7158E-02     1.7514E-09     3.0641E-08
   321     1.2750E+03  1.2000E+03     6.0625E-02     1.8533E-09     3.0570E-08
   322     1.2000E+03  1.1500E+03     4.2560E-02     1.2850E-09     3.0193E-08
   323     1.1500E+03  1.1000E+03     4.4452E-02     1.3091E-09     2.9450E-08
   324     1.1000E+03  1.0500E+03     4.6520E-02     1.3786E-09     2.9635E-08
   325     1.0500E+03  1.0000E+03     4.8790E-02     1.5009E-09     3.0762E-08
   326     1.0000E+03  9.6000E+02     4.0822E-02     1.2444E-09     3.0484E-08
   327     9.6000E+02  9.2000E+02     4.2560E-02     1.2961E-09     3.0454E-08
   328     9.2000E+02  8.8000E+02     4.4452E-02     1.3498E-09     3.0366E-08
   329     8.8000E+02  8.4000E+02     4.6520E-02     1.4010E-09     3.0116E-08
   330     8.4000E+02  8.0000E+02     4.8790E-02     1.4721E-09     3.0172E-08
   331     8.0000E+02  7.6000E+02     5.1293E-02     1.5497E-09     3.0213E-08
   332     7.6000E+02  7.2000E+02     5.4067E-02     1.6251E-09     3.0057E-08
   333     7.2000E+02  6.9000E+02     4.2560E-02     1.2802E-09     3.0080E-08
   334     6.9000E+02  6.6000E+02     4.4452E-02     1.3171E-09     2.9630E-08
   335     6.6000E+02  6.3000E+02     4.6520E-02     1.4089E-09     3.0286E-08
   336     6.3000E+02  6.0000E+02     4.8790E-02     1.4605E-09     2.9934E-08
   337     6.0000E+02  5.7500E+02     4.2560E-02     1.2547E-09     2.9481E-08
   338     5.7500E+02  5.5000E+02     4.4452E-02     1.3389E-09     3.0120E-08
   339     5.5000E+02  5.2500E+02     4.6520E-02     1.3828E-09     2.9725E-08
   340     5.2500E+02  5.0000E+02     4.8790E-02     1.4346E-09     2.9403E-08
   341     5.0000E+02  4.7500E+02     5.1293E-02     1.5352E-09     2.9930E-08
   342     4.7500E+02  4.5000E+02     5.4067E-02     1.6049E-09     2.9683E-08
   343     4.5000E+02  4.2500E+02     5.7158E-02     1.6986E-09     2.9717E-08
   344     4.2500E+02  4.0000E+02     6.0625E-02     1.7896E-09     2.9519E-08
   345     4.0000E+02  3.8000E+02     5.1293E-02     1.4977E-09     2.9199E-08
   346     3.8000E+02  3.6000E+02     5.4067E-02     1.5381E-09     2.8448E-08
   347     3.6000E+02  3.4000E+02     5.7158E-02     1.3938E-09     2.4385E-08
   348     3.4000E+02  3.2000E+02     6.0625E-02     1.6863E-09     2.7815E-08
   349     3.2000E+02  3.0000E+02     6.4539E-02     1.9918E-09     3.0862E-08
   350     3.0000E+02  2.8000E+02     6.8993E-02     2.0554E-09     2.9791E-08
   351     2.8000E+02  2.7000E+02     3.6368E-02     1.0913E-09     3.0007E-08
   352     2.7000E+02  2.5500E+02     5.7158E-02     1.6931E-09     2.9621E-08
   353     2.5500E+02  2.4000E+02     6.0625E-02     1.7915E-09     2.9551E-08
   354     2.4000E+02  2.3000E+02     4.2560E-02     1.2424E-09     2.9192E-08
   355     2.3000E+02  2.2000E+02     4.4452E-02     1.2982E-09     2.9205E-08
   356     2.2000E+02  2.1000E+02     4.6520E-02     1.3590E-09     2.9213E-08
   357     2.1000E+02  2.0000E+02     4.8790E-02     1.4177E-09     2.9057E-08
   358     2.0000E+02  1.9000E+02     5.1293E-02     1.4820E-09     2.8893E-08
   359     1.9000E+02  1.8000E+02     5.4067E-02     1.5661E-09     2.8966E-08
   360     1.8000E+02  1.7000E+02     5.7158E-02     1.6610E-09     2.9060E-08
   361     1.7000E+02  1.6000E+02     6.0625E-02     1.7511E-09     2.8884E-08
   362     1.6000E+02  1.5000E+02     6.4539E-02     1.8660E-09     2.8913E-08
   363     1.5000E+02  1.4250E+02     5.1293E-02     1.4757E-09     2.8770E-08
   364     1.4250E+02  1.3500E+02     5.4067E-02     1.5580E-09     2.8816E-08
   365     1.3500E+02  1.2750E+02     5.7158E-02     1.6500E-09     2.8867E-08
   366     1.2750E+02  1.2000E+02     6.0625E-02     1.7425E-09     2.8742E-08
   367     1.2000E+02  1.1500E+02     4.2560E-02     1.2124E-09     2.8487E-08
   368     1.1500E+02  1.1000E+02     4.4452E-02     1.2804E-09     2.8804E-08
   369     1.1000E+02  1.0500E+02     4.6520E-02     1.3236E-09     2.8452E-08
   370     1.0500E+02  1.0000E+02     4.8790E-02     1.3794E-09     2.8272E-08
   371     1.0000E+02  9.6000E+01     4.0822E-02     1.1700E-09     2.8661E-08
   372     9.6000E+01  9.2000E+01     4.2560E-02     1.2084E-09     2.8393E-08
   373     9.2000E+01  8.8000E+01     4.4452E-02     1.2624E-09     2.8399E-08
   374     8.8000E+01  8.4000E+01     4.6520E-02     1.3307E-09     2.8605E-08
   375     8.4000E+01  8.0000E+01     4.8790E-02     1.3725E-09     2.8131E-08
   376     8.0000E+01  7.6000E+01     5.1293E-02     1.4573E-09     2.8411E-08
   377     7.6000E+01  7.2000E+01     5.4067E-02     1.5276E-09     2.8254E-08
   378     7.2000E+01  6.9000E+01     4.2560E-02     1.2012E-09     2.8224E-08
   379     6.9000E+01  6.6000E+01     4.4452E-02     1.2368E-09     2.7823E-08
   380     6.6000E+01  6.3000E+01     4.6520E-02     1.3095E-09     2.8149E-08
   381     6.3000E+01  6.0000E+01     4.8790E-02     1.3737E-09     2.8155E-08
   382     6.0000E+01  5.7500E+01     4.2560E-02     1.1947E-09     2.8071E-08
   383     5.7500E+01  5.5000E+01     4.4452E-02     1.2430E-09     2.7963E-08
   384     5.5000E+01  5.2500E+01     4.6520E-02     1.3084E-09     2.8126E-08
   385     5.2500E+01  5.0000E+01     4.8790E-02     1.3616E-09     2.7907E-08
   386     5.0000E+01  4.7500E+01     5.1293E-02     1.4288E-09     2.7855E-08
   387     4.7500E+01  4.5000E+01     5.4067E-02     1.5066E-09     2.7865E-08
   388     4.5000E+01  4.2500E+01     5.7158E-02     1.5927E-09     2.7865E-08
   389     4.2500E+01  4.0000E+01     6.0625E-02     1.6789E-09     2.7693E-08
   390     4.0000E+01  3.8000E+01     5.1293E-02     1.4202E-09     2.7688E-08
   391     3.8000E+01  3.6000E+01     5.4067E-02     1.4467E-09     2.6757E-08
   392     3.6000E+01  3.4000E+01     5.7158E-02     1.5587E-09     2.7270E-08
   393     3.4000E+01  3.2000E+01     6.0625E-02     1.6495E-09     2.7208E-08
   394     3.2000E+01  3.0000E+01     6.4539E-02     1.7580E-09     2.7240E-08
   395     3.0000E+01  2.8000E+01     6.8993E-02     1.8839E-09     2.7306E-08
   396     2.8000E+01  2.7000E+01     3.6368E-02     9.9085E-10     2.7245E-08
   397     2.7000E+01  2.5500E+01     5.7158E-02     1.5590E-09     2.7275E-08
   398     2.5500E+01  2.4000E+01     6.0625E-02     1.6570E-09     2.7332E-08
   399     2.4000E+01  2.3000E+01     4.2560E-02     1.1593E-09     2.7239E-08
   400     2.3000E+01  2.2000E+01     4.4452E-02     1.2027E-09     2.7056E-08
   401     2.2000E+01  2.1000E+01     4.6520E-02     1.2441E-09     2.6743E-08
   402     2.1000E+01  2.0000E+01     4.8790E-02     1.2542E-09     2.5706E-08
   403     2.0000E+01  1.9000E+01     5.1293E-02     1.3517E-09     2.6352E-08
   404     1.9000E+01  1.8000E+01     5.4067E-02     1.4456E-09     2.6737E-08
   405     1.8000E+01  1.7000E+01     5.7158E-02     1.5257E-09     2.6692E-08
   406     1.7000E+01  1.6000E+01     6.0625E-02     1.6076E-09     2.6517E-08
   407     1.6000E+01  1.5000E+01     6.4539E-02     1.7174E-09     2.6610E-08
   408     1.5000E+01  1.4250E+01     5.1293E-02     1.3664E-09     2.6639E-08
   409     1.4250E+01  1.3500E+01     5.4067E-02     1.4364E-09     2.6567E-08
   410     1.3500E+01  1.2750E+01     5.7158E-02     1.5142E-09     2.6491E-08
   411     1.2750E+01  1.2000E+01     6.0625E-02     1.5963E-09     2.6331E-08
   412     1.2000E+01  1.1500E+01     4.2560E-02     1.1135E-09     2.6163E-08
   413     1.1500E+01  1.1000E+01     4.4452E-02     1.1724E-09     2.6375E-08
   414     1.1000E+01  1.0500E+01     4.6520E-02     1.2290E-09     2.6419E-08
   415     1.0500E+01  1.0000E+01     4.8790E-02     1.2894E-09     2.6427E-08
   416     1.0000E+01  9.6000E+00     4.0822E-02     1.0861E-09     2.6606E-08
   417     9.6000E+00  9.2000E+00     4.2560E-02     1.1260E-09     2.6457E-08
   418     9.2000E+00  8.8000E+00     4.4452E-02     1.1622E-09     2.6145E-08
   419     8.8000E+00  8.4000E+00     4.6520E-02     1.1942E-09     2.5671E-08
   420     8.4000E+00  8.0000E+00     4.8790E-02     1.2768E-09     2.6169E-08
   421     8.0000E+00  7.6000E+00     5.1293E-02     1.3445E-09     2.6212E-08
   422     7.6000E+00  7.2000E+00     5.4067E-02     1.4215E-09     2.6291E-08
   423     7.2000E+00  6.9000E+00     4.2560E-02     1.1013E-09     2.5877E-08
   424     6.9000E+00  6.6000E+00     4.4452E-02     1.0468E-09     2.3549E-08
   425     6.6000E+00  6.3000E+00     4.6520E-02     1.1391E-09     2.4486E-08
   426     6.3000E+00  6.0000E+00     4.8790E-02     1.2352E-09     2.5317E-08
   427     6.0000E+00  5.7500E+00     4.2560E-02     1.0849E-09     2.5491E-08
   428     5.7500E+00  5.5000E+00     4.4452E-02     1.1348E-09     2.5529E-08
   429     5.5000E+00  5.2500E+00     4.6520E-02     1.1915E-09     2.5613E-08
   430     5.2500E+00  5.0000E+00     4.8790E-02     1.2395E-09     2.5405E-08
   431     5.0000E+00  4.7500E+00     5.1293E-02     1.3067E-09     2.5475E-08
   432     4.7500E+00  4.5000E+00     5.4067E-02     1.3813E-09     2.5548E-08
   433     4.5000E+00  4.2500E+00     5.7158E-02     1.4619E-09     2.5576E-08
   434     4.2500E+00  4.0000E+00     6.0625E-02     1.5484E-09     2.5541E-08
   435     4.0000E+00  3.8000E+00     5.1293E-02     1.3199E-09     2.5732E-08
   436     3.8000E+00  3.6000E+00     5.4067E-02     1.3835E-09     2.5589E-08
   437     3.6000E+00  3.4000E+00     5.7158E-02     1.4548E-09     2.5452E-08
   438     3.4000E+00  3.2000E+00     6.0625E-02     1.5500E-09     2.5567E-08
   439     3.2000E+00  3.0000E+00     6.4539E-02     1.6492E-09     2.5554E-08
   440     3.0000E+00  2.8000E+00     6.8993E-02     1.7618E-09     2.5536E-08
   441     2.8000E+00  2.7000E+00     3.6368E-02     9.3211E-10     2.5630E-08
   442     2.7000E+00  2.5500E+00     5.7158E-02     1.4678E-09     2.5680E-08
   443     2.5500E+00  2.4000E+00     6.0625E-02     1.5534E-09     2.5623E-08
   444     2.4000E+00  2.3000E+00     4.2560E-02     1.0895E-09     2.5599E-08
   445     2.3000E+00  2.2000E+00     4.4452E-02     1.1373E-09     2.5585E-08
   446     2.2000E+00  2.1000E+00     4.6520E-02     1.1987E-09     2.5767E-08
   447     2.1000E+00  2.0000E+00     4.8790E-02     1.2533E-09     2.5688E-08
   448     2.0000E+00  1.9000E+00     5.1293E-02     1.3186E-09     2.5707E-08
   449     1.9000E+00  1.8000E+00     5.4067E-02     1.3920E-09     2.5746E-08
   450     1.8000E+00  1.7000E+00     5.7158E-02     1.4754E-09     2.5812E-08
   451     1.7000E+00  1.6000E+00     6.0625E-02     1.5661E-09     2.5833E-08
   452     1.6000E+00  1.5000E+00     6.4539E-02     1.6676E-09     2.5839E-08
   453     1.5000E+00  1.4250E+00     5.1293E-02     1.3259E-09     2.5849E-08
   454     1.4250E+00  1.3500E+00     5.4067E-02     1.4045E-09     2.5977E-08
   455     1.3500E+00  1.2750E+00     5.7158E-02     1.4815E-09     2.5919E-08
   456     1.2750E+00  1.2000E+00     6.0625E-02     1.5722E-09     2.5933E-08
   457     1.2000E+00  1.1500E+00     4.2560E-02     1.1048E-09     2.5959E-08
   458     1.1500E+00  1.1000E+00     4.4452E-02     1.1549E-09     2.5981E-08
   459     1.1000E+00  1.0500E+00     4.6520E-02     1.2042E-09     2.5886E-08
   460     1.0500E+00  1.0000E+00     4.8790E-02     1.2715E-09     2.6061E-08
   461     1.0000E+00  9.6000E-01     4.0822E-02     1.0637E-09     2.6057E-08
   462     9.6000E-01  9.2000E-01     4.2560E-02     1.1159E-09     2.6220E-08
   463     9.2000E-01  8.8000E-01     4.4452E-02     1.1628E-09     2.6159E-08
   464     8.8000E-01  8.4000E-01     4.6520E-02     1.2275E-09     2.6386E-08
   465     8.4000E-01  8.0000E-01     4.8790E-02     1.2898E-09     2.6436E-08
   466     8.0000E-01  7.6000E-01     5.1293E-02     1.3640E-09     2.6592E-08
   467     7.6000E-01  7.2000E-01     5.4067E-02     1.4500E-09     2.6818E-08
   468     7.2000E-01  6.9000E-01     4.2560E-02     1.1422E-09     2.6838E-08
   469     6.9000E-01  6.6000E-01     4.4452E-02     1.1901E-09     2.6773E-08
   470     6.6000E-01  6.3000E-01     4.6520E-02     1.2481E-09     2.6829E-08
   471     6.3000E-01  6.0000E-01     4.8790E-02     1.3209E-09     2.7073E-08
   472     6.0000E-01  5.7500E-01     4.2560E-02     1.1600E-09     2.7256E-08
   473     5.7500E-01  5.5000E-01     4.4452E-02     1.2159E-09     2.7353E-08
   474     5.5000E-01  5.2500E-01     4.6520E-02     1.2727E-09     2.7358E-08
   475     5.2500E-01  5.0000E-01     4.8790E-02     1.3318E-09     2.7296E-08
   476     5.0000E-01  4.7500E-01     5.1293E-02     1.4120E-09     2.7528E-08
   477     4.7500E-01  4.5000E-01     5.4067E-02     1.5017E-09     2.7775E-08
   478     4.5000E-01  4.2500E-01     5.7158E-02     1.5943E-09     2.7893E-08
   479     4.2500E-01  4.0000E-01     6.0625E-02     1.6859E-09     2.7809E-08
   480     4.0000E-01  3.8000E-01     5.1293E-02     1.4344E-09     2.7965E-08
   481     3.8000E-01  3.6000E-01     5.4067E-02     1.5085E-09     2.7900E-08
   482     3.6000E-01  3.4000E-01     5.7158E-02     1.5962E-09     2.7926E-08
   483     3.4000E-01  3.2000E-01     6.0625E-02     1.7106E-09     2.8216E-08
   484     3.2000E-01  3.0000E-01     6.4539E-02     1.8334E-09     2.8408E-08
   485     3.0000E-01  2.8000E-01     6.8993E-02     1.9960E-09     2.8931E-08
   486     2.8000E-01  2.7000E-01     3.6368E-02     1.0668E-09     2.9334E-08
   487     2.7000E-01  2.5500E-01     5.7158E-02     1.7085E-09     2.9891E-08
   488     2.5500E-01  2.4000E-01     6.0625E-02     1.8518E-09     3.0545E-08
   489     2.4000E-01  2.3000E-01     4.2560E-02     1.3412E-09     3.1513E-08
   490     2.3000E-01  2.2000E-01     4.4452E-02     1.4403E-09     3.2401E-08
   491     2.2000E-01  2.1000E-01     4.6520E-02     1.5500E-09     3.3319E-08
   492     2.1000E-01  2.0000E-01     4.8790E-02     1.6920E-09     3.4679E-08
   493     2.0000E-01  1.9000E-01     5.1293E-02     1.8555E-09     3.6174E-08
   494     1.9000E-01  1.8000E-01     5.4067E-02     2.0654E-09     3.8201E-08
   495     1.8000E-01  1.7000E-01     5.7158E-02     2.3327E-09     4.0811E-08
   496     1.7000E-01  1.6000E-01     6.0625E-02     2.6809E-09     4.4221E-08
   497     1.6000E-01  1.5000E-01     6.4539E-02     3.1590E-09     4.8948E-08
   498     1.5000E-01  1.4250E-01     5.1293E-02     2.7703E-09     5.4009E-08
   499     1.4250E-01  1.3500E-01     5.4067E-02     3.2121E-09     5.9409E-08
   500     1.3500E-01  1.2750E-01     5.7158E-02     3.7250E-09     6.5170E-08
   501     1.2750E-01  1.2000E-01     6.0625E-02     4.3536E-09     7.1812E-08
   502     1.2000E-01  1.1500E-01     4.2560E-02     3.2748E-09     7.6946E-08
   503     1.1500E-01  1.1000E-01     4.4452E-02     3.6106E-09     8.1225E-08
   504     1.1000E-01  1.0500E-01     4.6520E-02     3.9755E-09     8.5458E-08
   505     1.0500E-01  1.0000E-01     4.8790E-02     4.3989E-09     9.0160E-08
   506     1.0000E-01  9.6000E-02     4.0822E-02     3.8503E-09     9.4319E-08
   507     9.6000E-02  9.2000E-02     4.2560E-02     4.1624E-09     9.7802E-08
   508     9.2000E-02  8.8000E-02     4.4452E-02     4.5026E-09     1.0129E-07
   509     8.8000E-02  8.4000E-02     4.6520E-02     4.8661E-09     1.0460E-07
   510     8.4000E-02  8.0000E-02     4.8790E-02     5.2639E-09     1.0789E-07
   511     8.0000E-02  7.6000E-02     5.1293E-02     5.6829E-09     1.1079E-07
   512     7.6000E-02  7.2000E-02     5.4067E-02     6.1114E-09     1.1303E-07
   513     7.2000E-02  6.9000E-02     4.2560E-02     4.9039E-09     1.1522E-07
   514     6.9000E-02  6.6000E-02     4.4452E-02     5.1540E-09     1.1595E-07
   515     6.6000E-02  6.3000E-02     4.6520E-02     5.4429E-09     1.1700E-07
   516     6.3000E-02  6.0000E-02     4.8790E-02     5.7264E-09     1.1737E-07
   517     6.0000E-02  5.7500E-02     4.2560E-02     4.9988E-09     1.1745E-07
   518     5.7500E-02  5.5000E-02     4.4452E-02     5.1868E-09     1.1668E-07
   519     5.5000E-02  5.2500E-02     4.6520E-02     5.3907E-09     1.1588E-07
   520     5.2500E-02  5.0000E-02     4.8790E-02     5.5795E-09     1.1436E-07
   521     5.0000E-02  4.7500E-02     5.1293E-02     5.7640E-09     1.1237E-07
   522     4.7500E-02  4.5000E-02     5.4067E-02     5.9435E-09     1.0993E-07
   523     4.5000E-02  4.2500E-02     5.7158E-02     6.0997E-09     1.0672E-07
   524     4.2500E-02  4.0000E-02     6.0625E-02     6.2352E-09     1.0285E-07
   525     4.0000E-02  3.8000E-02     5.1293E-02     5.0881E-09     9.9196E-08
   526     3.8000E-02  3.6000E-02     5.4067E-02     5.1509E-09     9.5268E-08
   527     3.6000E-02  3.4000E-02     5.7158E-02     5.2186E-09     9.1301E-08
   528     3.4000E-02  3.2000E-02     6.0625E-02     5.2407E-09     8.6445E-08
   529     3.2000E-02  3.0000E-02     6.4539E-02     5.2722E-09     8.1691E-08
   530     3.0000E-02  2.8000E-02     6.8993E-02     5.2649E-09     7.6311E-08
   531     2.8000E-02  2.7000E-02     3.6368E-02     2.6147E-09     7.1896E-08
   532     2.7000E-02  2.5500E-02     5.7158E-02     3.9047E-09     6.8314E-08
   533     2.5500E-02  2.4000E-02     6.0625E-02     3.8740E-09     6.3901E-08
   534     2.4000E-02  2.3000E-02     4.2560E-02     2.5552E-09     6.0038E-08
   535     2.3000E-02  2.2000E-02     4.4452E-02     2.5205E-09     5.6702E-08
   536     2.2000E-02  2.1000E-02     4.6520E-02     2.4937E-09     5.3605E-08
   537     2.1000E-02  2.0000E-02     4.8790E-02     2.4499E-09     5.0213E-08
   538     2.0000E-02  1.9000E-02     5.1293E-02     2.4045E-09     4.6877E-08
   539     1.9000E-02  1.8000E-02     5.4067E-02     2.3565E-09     4.3585E-08
   540     1.8000E-02  1.7000E-02     5.7158E-02     2.2996E-09     4.0232E-08
   541     1.7000E-02  1.6000E-02     6.0625E-02     2.2424E-09     3.6988E-08
   542     1.6000E-02  1.5000E-02     6.4539E-02     2.1683E-09     3.3597E-08
   543     1.5000E-02  1.4250E-02     5.1293E-02     1.5760E-09     3.0725E-08
   544     1.4250E-02  1.3500E-02     5.4067E-02     1.5262E-09     2.8228E-08
   545     1.3500E-02  1.2750E-02     5.7158E-02     1.4801E-09     2.5895E-08
   546     1.2750E-02  1.2000E-02     6.0625E-02     1.4315E-09     2.3613E-08
   547     1.2000E-02  1.1500E-02     4.2560E-02     9.1934E-10     2.1601E-08
   548     1.1500E-02  1.1000E-02     4.4452E-02     8.9674E-10     2.0173E-08
   549     1.1000E-02  1.0500E-02     4.6520E-02     8.7180E-10     1.8740E-08
   550     1.0500E-02  1.0000E-02     4.8790E-02     8.3974E-10     1.7211E-08
   551     1.0000E-02  9.6000E-03     4.0822E-02     6.5058E-10     1.5937E-08
   552     9.6000E-03  9.2000E-03     4.2560E-02     6.3095E-10     1.4825E-08
   553     9.2000E-03  8.8000E-03     4.4452E-02     6.1323E-10     1.3795E-08
   554     8.8000E-03  8.4000E-03     4.6520E-02     5.8888E-10     1.2659E-08
   555     8.4000E-03  8.0000E-03     4.8790E-02     5.6816E-10     1.1645E-08
   556     8.0000E-03  7.6000E-03     5.1293E-02     5.4776E-10     1.0679E-08
   557     7.6000E-03  7.2000E-03     5.4067E-02     5.2534E-10     9.7164E-09
   558     7.2000E-03  6.9000E-03     4.2560E-02     3.7643E-10     8.8448E-09
   559     6.9000E-03  6.6000E-03     4.4452E-02     3.6363E-10     8.1803E-09
   560     6.6000E-03  6.3000E-03     4.6520E-02     3.5087E-10     7.5423E-09
   561     6.3000E-03  6.0000E-03     4.8790E-02     3.3342E-10     6.8338E-09
   562     6.0000E-03  5.7500E-03     4.2560E-02     2.6969E-10     6.3368E-09
   563     5.7500E-03  5.5000E-03     4.4452E-02     2.6043E-10     5.8587E-09
   564     5.5000E-03  5.2500E-03     4.6520E-02     2.4862E-10     5.3444E-09
   565     5.2500E-03  5.0000E-03     4.8790E-02     2.3878E-10     4.8940E-09
   566     5.0000E-03  4.7500E-03     5.1293E-02     2.2787E-10     4.4425E-09
   567     4.7500E-03  4.5000E-03     5.4067E-02     2.1812E-10     4.0342E-09
   568     4.5000E-03  4.2500E-03     5.7158E-02     2.0736E-10     3.6278E-09
   569     4.2500E-03  4.0000E-03     6.0625E-02     1.9370E-10     3.1951E-09
   570     4.0000E-03  3.8000E-03     5.1293E-02     1.4812E-10     2.8877E-09
   571     3.8000E-03  3.6000E-03     5.4067E-02     1.4101E-10     2.6080E-09
   572     3.6000E-03  3.4000E-03     5.7158E-02     1.3431E-10     2.3498E-09
   573     3.4000E-03  3.2000E-03     6.0625E-02     1.2595E-10     2.0775E-09
   574     3.2000E-03  3.0000E-03     6.4539E-02     1.1919E-10     1.8468E-09
   575     3.0000E-03  2.8000E-03     6.8993E-02     1.1202E-10     1.6236E-09
   576     2.8000E-03  2.7000E-03     3.6368E-02     5.2611E-11     1.4466E-09
   577     2.7000E-03  2.5500E-03     5.7158E-02     7.3804E-11     1.2912E-09
   578     2.5500E-03  2.4000E-03     6.0625E-02     7.2093E-11     1.1892E-09
   579     2.4000E-03  2.3000E-03     4.2560E-02     4.4255E-11     1.0398E-09
   580     2.3000E-03  2.2000E-03     4.4452E-02     4.2034E-11     9.4561E-10
   581     2.2000E-03  2.1000E-03     4.6520E-02     4.0932E-11     8.7988E-10
   582     2.1000E-03  2.0000E-03     4.8790E-02     3.8747E-11     7.9416E-10
   583     2.0000E-03  1.9000E-03     5.1293E-02     3.6725E-11     7.1598E-10
   584     1.9000E-03  1.8000E-03     5.4067E-02     3.5252E-11     6.5200E-10
   585     1.8000E-03  1.7000E-03     5.7158E-02     3.3476E-11     5.8567E-10
   586     1.7000E-03  1.6000E-03     6.0625E-02     3.1112E-11     5.1319E-10
   587     1.6000E-03  1.5000E-03     6.4539E-02     2.9020E-11     4.4965E-10
   588     1.5000E-03  1.4250E-03     5.1293E-02     2.0757E-11     4.0467E-10
   589     1.4250E-03  1.3500E-03     5.4067E-02     1.9477E-11     3.6024E-10
   590     1.3500E-03  1.2750E-03     5.7158E-02     1.8167E-11     3.1784E-10
   591     1.2750E-03  1.2000E-03     6.0625E-02     1.6811E-11     2.7730E-10
   592     1.2000E-03  1.1500E-03     4.2560E-02     1.0685E-11     2.5106E-10
   593     1.1500E-03  1.1000E-03     4.4452E-02     1.0171E-11     2.2881E-10
   594     1.1000E-03  1.0500E-03     4.6520E-02     1.0330E-11     2.2205E-10
   595     1.0500E-03  1.0000E-03     4.8790E-02     9.4545E-12     1.9378E-10
   596     1.0000E-03  9.6000E-04     4.0822E-02     7.3661E-12     1.8044E-10
   597     9.6000E-04  9.2000E-04     4.2560E-02     7.0150E-12     1.6483E-10
   598     9.2000E-04  8.8000E-04     4.4452E-02     6.3544E-12     1.4295E-10
   599     8.8000E-04  8.4000E-04     4.6520E-02     6.2595E-12     1.3455E-10
   600     8.4000E-04  8.0000E-04     4.8790E-02     5.5779E-12     1.1432E-10
   601     8.0000E-04  7.6000E-04     5.1293E-02     5.7753E-12     1.1259E-10
   602     7.6000E-04  7.2000E-04     5.4067E-02     5.4462E-12     1.0073E-10
   603     7.2000E-04  6.9000E-04     4.2560E-02     3.6547E-12     8.5872E-11
   604     6.9000E-04  6.6000E-04     4.4452E-02     3.5316E-12     7.9448E-11
   605     6.6000E-04  6.3000E-04     4.6520E-02     3.2110E-12     6.9024E-11
   606     6.3000E-04  6.0000E-04     4.8790E-02     3.0586E-12     6.2689E-11
   607     6.0000E-04  5.7500E-04     4.2560E-02     2.2063E-12     5.1840E-11
   608     5.7500E-04  5.5000E-04     4.4452E-02     2.3314E-12     5.2448E-11
   609     5.5000E-04  5.2500E-04     4.6520E-02     2.2877E-12     4.9177E-11
   610     5.2500E-04  5.0000E-04     4.8790E-02     2.1603E-12     4.4277E-11
   611     5.0000E-04  4.7500E-04     5.1293E-02     2.1307E-12     4.1540E-11
   612     4.7500E-04  4.5000E-04     5.4067E-02     1.8882E-12     3.4923E-11
   613     4.5000E-04  4.2500E-04     5.7158E-02     1.8966E-12     3.3181E-11
   614     4.2500E-04  4.0000E-04     6.0625E-02     1.7995E-12     2.9683E-11
   615     4.0000E-04  3.8000E-04     5.1293E-02     1.2713E-12     2.4785E-11
   616     3.8000E-04  3.6000E-04     5.4067E-02     1.2325E-12     2.2796E-11
   617     3.6000E-04  3.4000E-04     5.7158E-02     9.0654E-13     1.5860E-11
   618     3.4000E-04  3.2000E-04     6.0625E-02     1.0734E-12     1.7706E-11
   619     3.2000E-04  3.0000E-04     6.4539E-02     9.9480E-13     1.5414E-11
   620     3.0000E-04  2.8000E-04     6.8993E-02     8.7939E-13     1.2746E-11
   621     2.8000E-04  2.7000E-04     3.6368E-02     4.0753E-13     1.1206E-11
   622     2.7000E-04  2.5500E-04     5.7158E-02     5.8482E-13     1.0232E-11
   623     2.5500E-04  2.4000E-04     6.0625E-02     5.4751E-13     9.0311E-12
   624     2.4000E-04  2.3000E-04     4.2560E-02     3.7717E-13     8.8622E-12
   625     2.3000E-04  2.2000E-04     4.4452E-02     3.5299E-13     7.9410E-12
   626     2.2000E-04  2.1000E-04     4.6520E-02     3.3628E-13     7.2287E-12
   627     2.1000E-04  2.0000E-04     4.8790E-02     3.3823E-13     6.9323E-12
   628     2.0000E-04  1.9000E-04     5.1293E-02     3.1445E-13     6.1304E-12
   629     1.9000E-04  1.8000E-04     5.4067E-02     2.9272E-13     5.4140E-12
   630     1.8000E-04  1.7000E-04     5.7158E-02     2.7830E-13     4.8689E-12
   631     1.7000E-04  1.6000E-04     6.0625E-02     2.4092E-13     3.9740E-12
   632     1.6000E-04  1.5000E-04     6.4539E-02     2.1082E-13     3.2666E-12
   633     1.5000E-04  1.4250E-04     5.1293E-02     1.8129E-13     3.5344E-12
   634     1.4250E-04  1.3500E-04     5.4067E-02     1.5038E-13     2.7814E-12
   635     1.3500E-04  1.2750E-04     5.7158E-02     2.1441E-13     3.7512E-12
   636     1.2750E-04  1.2000E-04     6.0625E-02     1.4102E-13     2.3261E-12
   637     1.2000E-04  1.1500E-04     4.2560E-02     7.5902E-14     1.7834E-12
   638     1.1500E-04  1.1000E-04     4.4452E-02     7.6990E-14     1.7320E-12
   639     1.1000E-04  1.0500E-04     4.6520E-02     3.4695E-14     7.4581E-13
   640     1.0500E-04  1.0000E-04     4.8790E-02     3.7623E-14     7.7112E-13
  TOTAL                                              1.0002E-06
