  GROUP      UPPER       LOWER         LETHARGY         DATA        DATA/LETHARGY

     1     1.9640E+07  1.7332E+07     1.2500E-01     4.5364E-10     3.6291E-09
     2     1.7332E+07  1.6905E+07     2.4998E-02     1.0428E-10     4.1716E-09
     3     1.6905E+07  1.6487E+07     2.5001E-02     1.0818E-10     4.3269E-09
     4     1.6487E+07  1.5683E+07     5.0001E-02     2.4064E-10     4.8127E-09
     5     1.5683E+07  1.4918E+07     5.0002E-02     2.4455E-10     4.8908E-09
     6     1.4918E+07  1.4550E+07     2.4998E-02     1.2352E-10     4.9412E-09
     7     1.4550E+07  1.4191E+07     2.4997E-02     1.2425E-10     4.9705E-09
     8     1.4191E+07  1.3840E+07     2.5002E-02     1.2678E-10     5.0708E-09
     9     1.3840E+07  1.3499E+07     2.4999E-02     1.3028E-10     5.2115E-09
    10     1.3499E+07  1.2840E+07     4.9997E-02     2.6531E-10     5.3065E-09
    11     1.2840E+07  1.2523E+07     2.5006E-02     1.3677E-10     5.4695E-09
    12     1.2523E+07  1.2214E+07     2.5000E-02     1.4137E-10     5.6548E-09
    13     1.2214E+07  1.1618E+07     5.0001E-02     3.0293E-10     6.0584E-09
    14     1.1618E+07  1.1052E+07     4.9997E-02     3.2392E-10     6.4788E-09
    15     1.1052E+07  1.0513E+07     5.0000E-02     3.4257E-10     6.8514E-09
    16     1.0513E+07  1.0000E+07     4.9999E-02     3.5506E-10     7.1013E-09
    17     1.0000E+07  9.5123E+06     5.0000E-02     3.6877E-10     7.3753E-09
    18     9.5123E+06  9.0484E+06     5.0000E-02     3.8197E-10     7.6394E-09
    19     9.0484E+06  8.6071E+06     5.0000E-02     3.9700E-10     7.9401E-09
    20     8.6071E+06  8.1873E+06     5.0000E-02     4.1488E-10     8.2976E-09
    21     8.1873E+06  7.7880E+06     5.0000E-02     4.1454E-10     8.2908E-09
    22     7.7880E+06  7.4082E+06     5.0001E-02     4.1233E-10     8.2465E-09
    23     7.4082E+06  7.0469E+06     5.0000E-02     4.0822E-10     8.1644E-09
    24     7.0469E+06  6.7032E+06     5.0000E-02     3.9852E-10     7.9704E-09
    25     6.7032E+06  6.5924E+06     1.6666E-02     1.2966E-10     7.7799E-09
    26     6.5924E+06  6.3763E+06     3.3334E-02     2.5931E-10     7.7791E-09
    27     6.3763E+06  6.0653E+06     4.9999E-02     3.8071E-10     7.6143E-09
    28     6.0653E+06  5.7695E+06     5.0000E-02     3.6590E-10     7.3180E-09
    29     5.7695E+06  5.4881E+06     5.0000E-02     3.5196E-10     7.0392E-09
    30     5.4881E+06  5.2205E+06     5.0000E-02     3.3871E-10     6.7742E-09
    31     5.2205E+06  4.9658E+06     5.0001E-02     3.2735E-10     6.5469E-09
    32     4.9658E+06  4.7237E+06     4.9998E-02     3.1692E-10     6.3386E-09
    33     4.7237E+06  4.4933E+06     5.0001E-02     3.0371E-10     6.0741E-09
    34     4.4933E+06  4.0657E+06     9.9999E-02     5.7018E-10     5.7018E-09
    35     4.0657E+06  3.6788E+06     1.0000E-01     5.2446E-10     5.2445E-09
    36     3.6788E+06  3.3287E+06     9.9999E-02     4.8599E-10     4.8599E-09
    37     3.3287E+06  3.1664E+06     4.9999E-02     2.2573E-10     4.5147E-09
    38     3.1664E+06  3.0119E+06     5.0001E-02     2.1805E-10     4.3609E-09
    39     3.0119E+06  2.8650E+06     4.9999E-02     2.0569E-10     4.1139E-09
    40     2.8650E+06  2.7253E+06     5.0000E-02     1.9763E-10     3.9526E-09
    41     2.7253E+06  2.5924E+06     5.0002E-02     2.0655E-10     4.1309E-09
    42     2.5924E+06  2.4660E+06     4.9999E-02     2.1255E-10     4.2511E-09
    43     2.4660E+06  2.3851E+06     3.3332E-02     1.3877E-10     4.1633E-09
    44     2.3851E+06  2.3653E+06     8.3361E-03     3.4413E-11     4.1282E-09
    45     2.3653E+06  2.3457E+06     8.3337E-03     3.4336E-11     4.1201E-09
    46     2.3457E+06  2.3069E+06     1.6666E-02     6.6250E-11     3.9751E-09
    47     2.3069E+06  2.2313E+06     3.3333E-02     1.3407E-10     4.0221E-09
    48     2.2313E+06  2.1225E+06     4.9999E-02     1.9627E-10     3.9255E-09
    49     2.1225E+06  2.0190E+06     4.9998E-02     1.8913E-10     3.7828E-09
    50     2.0190E+06  1.9205E+06     5.0002E-02     1.8295E-10     3.6589E-09
    51     1.9205E+06  1.8268E+06     4.9998E-02     1.7737E-10     3.5476E-09
    52     1.8268E+06  1.7377E+06     5.0002E-02     1.6984E-10     3.3966E-09
    53     1.7377E+06  1.6530E+06     5.0000E-02     1.6145E-10     3.2290E-09
    54     1.6530E+06  1.5724E+06     5.0002E-02     1.5441E-10     3.0881E-09
    55     1.5724E+06  1.4957E+06     4.9996E-02     1.4915E-10     2.9832E-09
    56     1.4957E+06  1.4227E+06     5.0003E-02     1.4123E-10     2.8244E-09
    57     1.4227E+06  1.3534E+06     5.0002E-02     1.3590E-10     2.7179E-09
    58     1.3534E+06  1.2874E+06     4.9997E-02     1.2905E-10     2.5811E-09
    59     1.2874E+06  1.2246E+06     5.0004E-02     1.2409E-10     2.4816E-09
    60     1.2246E+06  1.1648E+06     4.9998E-02     1.1762E-10     2.3525E-09
    61     1.1648E+06  1.1080E+06     5.0000E-02     1.1069E-10     2.2138E-09
    62     1.1080E+06  1.0026E+06     9.9997E-02     2.0656E-10     2.0657E-09
    63     1.0026E+06  9.6167E+05     4.1668E-02     8.1190E-11     1.9485E-09
    64     9.6167E+05  9.0718E+05     5.8333E-02     1.0609E-10     1.8187E-09
    65     9.0718E+05  8.6294E+05     5.0000E-02     8.9791E-11     1.7958E-09
    66     8.6294E+05  8.2085E+05     5.0000E-02     8.5051E-11     1.7010E-09
    67     8.2085E+05  7.8082E+05     5.0000E-02     7.7770E-11     1.5554E-09
    68     7.8082E+05  7.4274E+05     5.0000E-02     8.1633E-11     1.6327E-09
    69     7.4274E+05  7.0651E+05     5.0000E-02     7.7024E-11     1.5405E-09
    70     7.0651E+05  6.7206E+05     5.0000E-02     7.2830E-11     1.4566E-09
    71     6.7206E+05  6.3928E+05     4.9999E-02     6.5159E-11     1.3032E-09
    72     6.3928E+05  6.0810E+05     5.0000E-02     5.3198E-11     1.0640E-09
    73     6.0810E+05  5.7844E+05     5.0001E-02     5.7276E-11     1.1455E-09
    74     5.7844E+05  5.5023E+05     5.0000E-02     5.7795E-11     1.1559E-09
    75     5.5023E+05  5.2340E+05     5.0000E-02     5.4613E-11     1.0923E-09
    76     5.2340E+05  4.9787E+05     4.9999E-02     5.1886E-11     1.0377E-09
    77     4.9787E+05  4.5049E+05     1.0000E-01     1.0007E-10     1.0007E-09
    78     4.5049E+05  4.0762E+05     1.0000E-01     9.2135E-11     9.2135E-10
    79     4.0762E+05  3.8774E+05     5.0000E-02     4.0409E-11     8.0818E-10
    80     3.8774E+05  3.6883E+05     4.9999E-02     4.2757E-11     8.5516E-10
    81     3.6883E+05  3.3373E+05     1.0000E-01     7.4308E-11     7.4308E-10
    82     3.3373E+05  3.0197E+05     1.0000E-01     6.4832E-11     6.4832E-10
    83     3.0197E+05  2.9849E+05     1.1601E-02     9.7202E-12     8.3787E-10
    84     2.9849E+05  2.9721E+05     4.2975E-03     3.0909E-12     7.1924E-10
    85     2.9721E+05  2.9452E+05     9.1022E-03     6.9612E-12     7.6478E-10
    86     2.9452E+05  2.8725E+05     2.5001E-02     1.7363E-11     6.9449E-10
    87     2.8725E+05  2.7324E+05     4.9999E-02     3.6018E-11     7.2037E-10
    88     2.7324E+05  2.4724E+05     1.0000E-01     6.7459E-11     6.7459E-10
    89     2.4724E+05  2.3518E+05     5.0001E-02     3.0714E-11     6.1427E-10
    90     2.3518E+05  2.2371E+05     4.9997E-02     2.9490E-11     5.8984E-10
    91     2.2371E+05  2.1280E+05     5.0003E-02     2.6484E-11     5.2965E-10
    92     2.1280E+05  2.0242E+05     4.9999E-02     2.7201E-11     5.4403E-10
    93     2.0242E+05  1.9255E+05     5.0000E-02     2.6348E-11     5.2696E-10
    94     1.9255E+05  1.8316E+05     5.0002E-02     2.4127E-11     4.8252E-10
    95     1.8316E+05  1.7422E+05     4.9996E-02     2.3080E-11     4.6163E-10
    96     1.7422E+05  1.6573E+05     5.0000E-02     2.0276E-11     4.0552E-10
    97     1.6573E+05  1.5764E+05     5.0003E-02     1.9778E-11     3.9554E-10
    98     1.5764E+05  1.4996E+05     4.9997E-02     1.9694E-11     3.9390E-10
    99     1.4996E+05  1.4264E+05     5.0004E-02     1.6949E-11     3.3895E-10
   100     1.4264E+05  1.3569E+05     4.9995E-02     1.8545E-11     3.7094E-10
   101     1.3569E+05  1.2907E+05     5.0004E-02     1.7912E-11     3.5821E-10
   102     1.2907E+05  1.2277E+05     5.0002E-02     1.7025E-11     3.4048E-10
   103     1.2277E+05  1.1679E+05     4.9994E-02     1.5539E-11     3.1082E-10
   104     1.1679E+05  1.1109E+05     5.0003E-02     1.2912E-11     2.5823E-10
   105     1.1109E+05  9.8036E+04     1.2500E-01     3.0512E-11     2.4409E-10
   106     9.8036E+04  8.6517E+04     1.2500E-01     2.3992E-11     1.9194E-10
   107     8.6517E+04  8.2503E+04     4.7501E-02     4.4919E-12     9.4563E-11
   108     8.2503E+04  7.9499E+04     3.7099E-02     3.4912E-12     9.4105E-11
   109     7.9499E+04  7.2024E+04     9.8734E-02     9.2135E-12     9.3316E-11
   110     7.2024E+04  6.7380E+04     6.6666E-02     5.0535E-12     7.5804E-11
   111     6.7380E+04  5.6562E+04     1.7500E-01     1.8942E-11     1.0824E-10
   112     5.6562E+04  5.2475E+04     7.5000E-02     6.4427E-12     8.5902E-11
   113     5.2475E+04  4.6309E+04     1.2500E-01     1.0607E-11     8.4856E-11
   114     4.6309E+04  4.0868E+04     1.2500E-01     8.1376E-12     6.5100E-11
   115     4.0868E+04  3.4307E+04     1.7500E-01     9.9989E-12     5.7137E-11
   116     3.4307E+04  3.1828E+04     7.5001E-02     4.0815E-12     5.4420E-11
   117     3.1828E+04  2.8501E+04     1.1040E-01     6.4418E-12     5.8351E-11
   118     2.8501E+04  2.7000E+04     5.4102E-02     2.5124E-12     4.6438E-11
   119     2.7000E+04  2.6058E+04     3.5500E-02     1.4796E-12     4.1678E-11
   120     2.6058E+04  2.4788E+04     5.0001E-02     1.7447E-12     3.4894E-11
   121     2.4788E+04  2.4176E+04     2.5000E-02     9.9482E-13     3.9793E-11
   122     2.4176E+04  2.3579E+04     2.5000E-02     8.5548E-13     3.4219E-11
   123     2.3579E+04  2.1875E+04     7.5000E-02     2.9887E-12     3.9850E-11
   124     2.1875E+04  1.9304E+04     1.2500E-01     4.0097E-12     3.2077E-11
   125     1.9304E+04  1.5034E+04     2.5000E-01     5.5484E-12     2.2194E-11
   126     1.5034E+04  1.1709E+04     2.5000E-01     4.8567E-12     1.9427E-11
   127     1.1709E+04  1.0595E+04     9.9996E-02     1.2980E-12     1.2980E-11
   128     1.0595E+04  9.1188E+03     1.5000E-01     2.0656E-12     1.3770E-11
   129     9.1188E+03  7.1017E+03     2.5000E-01     2.6517E-12     1.0607E-11
   130     7.1017E+03  5.5308E+03     2.5000E-01     1.6822E-12     6.7288E-12
   131     5.5308E+03  4.3074E+03     2.5000E-01     1.3183E-12     5.2732E-12
   132     4.3074E+03  3.7074E+03     1.5000E-01     3.7369E-13     2.4913E-12
   133     3.7074E+03  3.3546E+03     1.0000E-01     2.9946E-13     2.9946E-12
   134     3.3546E+03  3.0354E+03     1.0000E-01     5.4926E-13     5.4925E-12
   135     3.0354E+03  2.7465E+03     9.9998E-02     2.6146E-13     2.6147E-12
   136     2.7465E+03  2.6126E+03     5.0000E-02     1.0691E-13     2.1382E-12
   137     2.6126E+03  2.4852E+03     5.0001E-02     7.7078E-14     1.5415E-12
   138     2.4852E+03  2.2487E+03     1.0000E-01     3.2648E-13     3.2647E-12
   139     2.2487E+03  2.0347E+03     1.0000E-01     3.3155E-13     3.3155E-12
   140     2.0347E+03  1.5846E+03     2.5000E-01     5.8076E-13     2.3230E-12
   141     1.5846E+03  1.2341E+03     2.5000E-01     5.5002E-13     2.2001E-12
   142     1.2341E+03  9.6112E+02     2.5000E-01     4.5645E-13     1.8258E-12
   143     9.6112E+02  7.4852E+02     2.5000E-01     1.7658E-13     7.0632E-13
   144     7.4852E+02  5.8295E+02     2.5000E-01     1.8934E-13     7.5736E-13
   145     5.8295E+02  4.5400E+02     2.5000E-01     1.1823E-13     4.7292E-13
   146     4.5400E+02  3.5357E+02     2.5000E-01     9.2219E-14     3.6888E-13
   147     3.5357E+02  2.7536E+02     2.5000E-01     8.3572E-14     3.3429E-13
   148     2.7536E+02  2.1445E+02     2.5000E-01     8.9686E-14     3.5875E-13
   149     2.1445E+02  1.6702E+02     2.5000E-01     1.0413E-13     4.1652E-13
   150     1.6702E+02  1.3007E+02     2.5000E-01     1.4939E-13     5.9756E-13
   151     1.3007E+02  1.0130E+02     2.5000E-01     5.4766E-14     2.1906E-13
   152     1.0130E+02  7.8893E+01     2.5000E-01     7.9932E-14     3.1973E-13
   153     7.8893E+01  6.1442E+01     2.5000E-01     7.3936E-15     2.9574E-14
   154     6.1442E+01  4.7851E+01     2.5000E-01     1.0700E-14     4.2800E-14
   155     4.7851E+01  3.7267E+01     2.5000E-01     3.8729E-14     1.5492E-13
   156     3.7267E+01  2.9023E+01     2.5000E-01     2.6669E-14     1.0668E-13
   157     2.9023E+01  2.2603E+01     2.5000E-01     1.1257E-14     4.5028E-14
   158     2.2603E+01  1.7604E+01     2.5000E-01     1.5767E-15     6.3068E-15
   159     1.7604E+01  1.3710E+01     2.5000E-01     1.1840E-14     4.7360E-14
   160     1.3710E+01  1.0677E+01     2.5000E-01     8.4450E-18     3.3779E-17
   161     1.0677E+01  8.3153E+00     2.5000E-01     8.4442E-18     3.3777E-17
   162     8.3153E+00  6.4760E+00     2.5000E-01     2.2869E-14     9.1476E-14
   163     6.4760E+00  5.0435E+00     2.5000E-01     8.4442E-18     3.3777E-17
   164     5.0435E+00  3.9279E+00     2.5000E-01     8.4450E-18     3.3780E-17
   165     3.9279E+00  3.0590E+00     2.5000E-01     8.4433E-18     3.3773E-17
   166     3.0590E+00  2.3824E+00     2.5000E-01     8.4450E-18     3.3780E-17
   167     2.3824E+00  1.8554E+00     2.5000E-01     8.4450E-18     3.3780E-17
   168     1.8554E+00  1.4450E+00     2.5000E-01     2.5631E-15     1.0252E-14
   169     1.4450E+00  1.1254E+00     2.5000E-01     4.8381E-15     1.9352E-14
   170     1.1254E+00  8.7643E-01     2.5000E-01     8.4433E-18     3.3773E-17
   171     8.7643E-01  6.8256E-01     2.5000E-01     8.4442E-18     3.3777E-17
   172     6.8256E-01  5.3158E-01     2.5000E-01     8.4450E-18     3.3780E-17
   173     5.3158E-01  4.1399E-01     2.5000E-01     2.4997E-15     9.9988E-15
   174     4.1399E-01  1.0000E-01     1.4207E+00     8.4450E-18     5.9444E-18
   175     1.0000E-01  1.0000E-02     2.3026E+00     2.0251E-17     8.7949E-18
  TOTAL                                              1.7188E-08
