  GROUP      UPPER       LOWER         LETHARGY         DATA        DATA/LETHARGY

     1     2.0000E+07  1.9953E+07     2.3528E-03     0.0000E+00     0.0000E+00
     2     1.9953E+07  1.9055E+07     4.6050E-02     0.0000E+00     0.0000E+00
     3     1.9055E+07  1.8197E+07     4.6073E-02     0.0000E+00     0.0000E+00
     4     1.8197E+07  1.7378E+07     4.6052E-02     0.0000E+00     0.0000E+00
     5     1.7378E+07  1.6596E+07     4.6043E-02     0.0000E+00     0.0000E+00
     6     1.6596E+07  1.5849E+07     4.6055E-02     0.0000E+00     0.0000E+00
     7     1.5849E+07  1.5136E+07     4.6030E-02     0.0000E+00     0.0000E+00
     8     1.5136E+07  1.4454E+07     4.6105E-02     5.6743E+06     1.2307E+08
     9     1.4454E+07  1.3804E+07     4.6013E-02     1.0472E+08     2.2758E+09
    10     1.3804E+07  1.3183E+07     4.6030E-02     7.6060E+07     1.6524E+09
    11     1.3183E+07  1.2589E+07     4.6105E-02     2.4872E+07     5.3946E+08
    12     1.2589E+07  1.2023E+07     4.6002E-02     1.1448E+07     2.4887E+08
    13     1.2023E+07  1.1482E+07     4.6041E-02     7.5282E+06     1.6351E+08
    14     1.1482E+07  1.0965E+07     4.6072E-02     6.4871E+06     1.4080E+08
    15     1.0965E+07  1.0471E+07     4.6099E-02     4.6757E+06     1.0143E+08
    16     1.0471E+07  1.0000E+07     4.6024E-02     4.7474E+06     1.0315E+08
    17     1.0000E+07  9.5499E+06     4.6054E-02     5.7073E+06     1.2393E+08
    18     9.5499E+06  9.1201E+06     4.6050E-02     7.8883E+06     1.7130E+08
    19     9.1201E+06  8.7096E+06     4.6055E-02     5.6567E+06     1.2282E+08
    20     8.7096E+06  8.3176E+06     4.6052E-02     8.7060E+06     1.8905E+08
    21     8.3176E+06  7.9433E+06     4.6045E-02     6.6150E+06     1.4366E+08
    22     7.9433E+06  7.5858E+06     4.6051E-02     8.5268E+06     1.8516E+08
    23     7.5858E+06  7.2444E+06     4.6049E-02     4.9138E+06     1.0671E+08
    24     7.2444E+06  6.9183E+06     4.6059E-02     5.1865E+06     1.1261E+08
    25     6.9183E+06  6.6069E+06     4.6056E-02     5.7004E+06     1.2377E+08
    26     6.6069E+06  6.3096E+06     4.6042E-02     6.7732E+06     1.4711E+08
    27     6.3096E+06  6.0256E+06     4.6055E-02     7.8389E+06     1.7021E+08
    28     6.0256E+06  5.7544E+06     4.6052E-02     7.4531E+06     1.6184E+08
    29     5.7544E+06  5.4954E+06     4.6053E-02     6.1689E+06     1.3395E+08
    30     5.4954E+06  5.2481E+06     4.6045E-02     6.2106E+06     1.3488E+08
    31     5.2481E+06  5.0119E+06     4.6051E-02     8.6443E+06     1.8771E+08
    32     5.0119E+06  4.7863E+06     4.6057E-02     9.2095E+06     1.9996E+08
    33     4.7863E+06  4.5709E+06     4.6048E-02     1.0955E+07     2.3791E+08
    34     4.5709E+06  4.3652E+06     4.6046E-02     1.0877E+07     2.3622E+08
    35     4.3652E+06  4.1687E+06     4.6060E-02     9.7825E+06     2.1239E+08
    36     4.1687E+06  3.9811E+06     4.6046E-02     1.1266E+07     2.4467E+08
    37     3.9811E+06  3.8019E+06     4.6057E-02     1.5400E+07     3.3436E+08
    38     3.8019E+06  3.6308E+06     4.6048E-02     1.6621E+07     3.6096E+08
    39     3.6308E+06  3.4674E+06     4.6048E-02     1.7180E+07     3.7308E+08
    40     3.4674E+06  3.3113E+06     4.6064E-02     2.1779E+07     4.7280E+08
    41     3.3113E+06  3.1623E+06     4.6041E-02     1.9381E+07     4.2096E+08
    42     3.1623E+06  3.0200E+06     4.6043E-02     2.8221E+07     6.1293E+08
    43     3.0200E+06  2.8840E+06     4.6079E-02     2.9174E+07     6.3315E+08
    44     2.8840E+06  2.7542E+06     4.6051E-02     3.7338E+07     8.1079E+08
    45     2.7542E+06  2.6303E+06     4.6029E-02     5.3320E+07     1.1584E+09
    46     2.6303E+06  2.5119E+06     4.6058E-02     5.0569E+07     1.0979E+09
    47     2.5119E+06  2.3988E+06     4.6071E-02     6.5959E+07     1.4317E+09
    48     2.3988E+06  2.2909E+06     4.6024E-02     8.8521E+07     1.9234E+09
    49     2.2909E+06  2.1878E+06     4.6048E-02     1.0945E+08     2.3768E+09
    50     2.1878E+06  2.0893E+06     4.6067E-02     1.2306E+08     2.6713E+09
    51     2.0893E+06  1.9953E+06     4.6035E-02     1.3660E+08     2.9672E+09
    52     1.9953E+06  1.9055E+06     4.6050E-02     1.7547E+08     3.8105E+09
    53     1.9055E+06  1.8197E+06     4.6073E-02     2.5355E+08     5.5032E+09
    54     1.8197E+06  1.7378E+06     4.6052E-02     3.3742E+08     7.3269E+09
    55     1.7378E+06  1.6596E+06     4.6043E-02     4.2843E+08     9.3048E+09
    56     1.6596E+06  1.5849E+06     4.6055E-02     4.6461E+08     1.0088E+10
    57     1.5849E+06  1.5136E+06     4.6030E-02     5.3286E+08     1.1576E+10
    58     1.5136E+06  1.4454E+06     4.6105E-02     7.1229E+08     1.5449E+10
    59     1.4454E+06  1.3804E+06     4.6013E-02     8.9198E+08     1.9385E+10
    60     1.3804E+06  1.3183E+06     4.6030E-02     1.1342E+09     2.4641E+10
    61     1.3183E+06  1.2589E+06     4.6105E-02     1.4014E+09     3.0397E+10
    62     1.2589E+06  1.2023E+06     4.6002E-02     2.0299E+09     4.4126E+10
    63     1.2023E+06  1.1482E+06     4.6041E-02     3.6829E+09     7.9993E+10
    64     1.1482E+06  1.0965E+06     4.6072E-02     4.3680E+09     9.4807E+10
    65     1.0965E+06  1.0471E+06     4.6099E-02     4.8526E+09     1.0526E+11
    66     1.0471E+06  1.0000E+06     4.6024E-02     6.3793E+09     1.3861E+11
    67     1.0000E+06  9.5499E+05     4.6054E-02     6.7855E+09     1.4734E+11
    68     9.5499E+05  9.1201E+05     4.6050E-02     1.1525E+10     2.5027E+11
    69     9.1201E+05  8.7096E+05     4.6055E-02     1.0804E+10     2.3458E+11
    70     8.7096E+05  8.3176E+05     4.6052E-02     1.3624E+10     2.9584E+11
    71     8.3176E+05  7.9433E+05     4.6045E-02     1.4048E+10     3.0510E+11
    72     7.9433E+05  7.5858E+05     4.6051E-02     1.4518E+10     3.1526E+11
    73     7.5858E+05  7.2444E+05     4.6049E-02     1.7571E+10     3.8156E+11
    74     7.2444E+05  6.9183E+05     4.6059E-02     2.3909E+10     5.1911E+11
    75     6.9183E+05  6.6069E+05     4.6056E-02     2.4384E+10     5.2946E+11
    76     6.6069E+05  6.3096E+05     4.6042E-02     3.6479E+10     7.9230E+11
    77     6.3096E+05  6.0256E+05     4.6055E-02     4.5067E+10     9.7854E+11
    78     6.0256E+05  5.7544E+05     4.6052E-02     7.8455E+10     1.7036E+12
    79     5.7544E+05  5.4954E+05     4.6053E-02     7.0381E+10     1.5282E+12
    80     5.4954E+05  5.2481E+05     4.6045E-02     6.1072E+10     1.3263E+12
    81     5.2481E+05  5.0119E+05     4.6051E-02     6.4754E+10     1.4061E+12
    82     5.0119E+05  4.7863E+05     4.6057E-02     6.4393E+10     1.3981E+12
    83     4.7863E+05  4.5709E+05     4.6048E-02     5.8338E+10     1.2669E+12
    84     4.5709E+05  4.3652E+05     4.6046E-02     6.5906E+10     1.4313E+12
    85     4.3652E+05  4.1687E+05     4.6060E-02     5.9024E+10     1.2815E+12
    86     4.1687E+05  3.9811E+05     4.6046E-02     7.1009E+10     1.5421E+12
    87     3.9811E+05  3.8019E+05     4.6057E-02     6.8679E+10     1.4912E+12
    88     3.8019E+05  3.6308E+05     4.6048E-02     9.3728E+10     2.0355E+12
    89     3.6308E+05  3.4674E+05     4.6048E-02     1.0313E+11     2.2397E+12
    90     3.4674E+05  3.3113E+05     4.6064E-02     9.9532E+10     2.1607E+12
    91     3.3113E+05  3.1623E+05     4.6041E-02     9.3594E+10     2.0328E+12
    92     3.1623E+05  3.0200E+05     4.6043E-02     1.6972E+11     3.6862E+12
    93     3.0200E+05  2.8840E+05     4.6079E-02     1.4386E+11     3.1220E+12
    94     2.8840E+05  2.7542E+05     4.6051E-02     1.0650E+11     2.3126E+12
    95     2.7542E+05  2.6303E+05     4.6029E-02     2.1335E+11     4.6352E+12
    96     2.6303E+05  2.5119E+05     4.6058E-02     1.4580E+11     3.1655E+12
    97     2.5119E+05  2.3988E+05     4.6071E-02     1.1800E+11     2.5612E+12
    98     2.3988E+05  2.2909E+05     4.6024E-02     1.3200E+11     2.8681E+12
    99     2.2909E+05  2.1878E+05     4.6048E-02     1.4899E+11     3.2356E+12
   100     2.1878E+05  2.0893E+05     4.6067E-02     9.9851E+10     2.1675E+12
   101     2.0893E+05  1.9953E+05     4.6035E-02     1.2845E+11     2.7903E+12
   102     1.9953E+05  1.9055E+05     4.6050E-02     1.0331E+11     2.2434E+12
   103     1.9055E+05  1.8197E+05     4.6073E-02     1.4203E+11     3.0828E+12
   104     1.8197E+05  1.7378E+05     4.6052E-02     1.5891E+11     3.4507E+12
   105     1.7378E+05  1.6596E+05     4.6043E-02     1.1451E+11     2.4870E+12
   106     1.6596E+05  1.5849E+05     4.6055E-02     8.1516E+10     1.7700E+12
   107     1.5849E+05  1.5136E+05     4.6030E-02     1.5713E+11     3.4136E+12
   108     1.5136E+05  1.4454E+05     4.6105E-02     9.4418E+10     2.0479E+12
   109     1.4454E+05  1.3804E+05     4.6013E-02     6.6036E+10     1.4352E+12
   110     1.3804E+05  1.3183E+05     4.6030E-02     2.7845E+11     6.0493E+12
   111     1.3183E+05  1.2589E+05     4.6105E-02     2.1223E+11     4.6032E+12
   112     1.2589E+05  1.2023E+05     4.6002E-02     1.6332E+11     3.5502E+12
   113     1.2023E+05  1.1482E+05     4.6041E-02     1.7541E+11     3.8100E+12
   114     1.1482E+05  1.0965E+05     4.6072E-02     1.1943E+11     2.5923E+12
   115     1.0965E+05  1.0471E+05     4.6099E-02     1.2336E+11     2.6759E+12
   116     1.0471E+05  1.0000E+05     4.6024E-02     1.0885E+11     2.3650E+12
   117     1.0000E+05  9.5499E+04     4.6054E-02     6.9738E+10     1.5143E+12
   118     9.5499E+04  9.1201E+04     4.6050E-02     1.1678E+11     2.5359E+12
   119     9.1201E+04  8.7096E+04     4.6055E-02     1.2073E+11     2.6214E+12
   120     8.7096E+04  8.3176E+04     4.6052E-02     9.0885E+10     1.9735E+12
   121     8.3176E+04  7.9433E+04     4.6045E-02     1.4904E+11     3.2369E+12
   122     7.9433E+04  7.5858E+04     4.6051E-02     1.2248E+11     2.6597E+12
   123     7.5858E+04  7.2444E+04     4.6049E-02     8.8207E+10     1.9155E+12
   124     7.2444E+04  6.9183E+04     4.6059E-02     9.3274E+10     2.0251E+12
   125     6.9183E+04  6.6069E+04     4.6056E-02     6.8096E+10     1.4786E+12
   126     6.6069E+04  6.3096E+04     4.6042E-02     4.4746E+10     9.7185E+11
   127     6.3096E+04  6.0256E+04     4.6055E-02     1.3052E+11     2.8341E+12
   128     6.0256E+04  5.7544E+04     4.6052E-02     2.2132E+11     4.8058E+12
   129     5.7544E+04  5.4954E+04     4.6053E-02     1.7936E+11     3.8947E+12
   130     5.4954E+04  5.2481E+04     4.6045E-02     1.2664E+11     2.7504E+12
   131     5.2481E+04  5.0119E+04     4.6051E-02     6.8617E+10     1.4900E+12
   132     5.0119E+04  4.7863E+04     4.6057E-02     1.0701E+11     2.3234E+12
   133     4.7863E+04  4.5709E+04     4.6048E-02     1.3768E+11     2.9900E+12
   134     4.5709E+04  4.3652E+04     4.6046E-02     1.2648E+11     2.7467E+12
   135     4.3652E+04  4.1687E+04     4.6060E-02     1.1307E+11     2.4549E+12
   136     4.1687E+04  3.9811E+04     4.6046E-02     1.1030E+11     2.3955E+12
   137     3.9811E+04  3.8019E+04     4.6057E-02     9.7358E+10     2.1138E+12
   138     3.8019E+04  3.6308E+04     4.6048E-02     8.6438E+10     1.8771E+12
   139     3.6308E+04  3.4674E+04     4.6048E-02     8.6537E+10     1.8793E+12
   140     3.4674E+04  3.3113E+04     4.6064E-02     7.6815E+10     1.6676E+12
   141     3.3113E+04  3.1623E+04     4.6041E-02     6.3865E+10     1.3871E+12
   142     3.1623E+04  3.0200E+04     4.6043E-02     5.5794E+10     1.2118E+12
   143     3.0200E+04  2.8840E+04     4.6079E-02     3.5491E+10     7.7024E+11
   144     2.8840E+04  2.7542E+04     4.6051E-02     2.6480E+10     5.7500E+11
   145     2.7542E+04  2.6303E+04     4.6029E-02     5.6691E+10     1.2316E+12
   146     2.6303E+04  2.5119E+04     4.6058E-02     8.9487E+10     1.9429E+12
   147     2.5119E+04  2.3988E+04     4.6071E-02     1.0524E+11     2.2842E+12
   148     2.3988E+04  2.2909E+04     4.6024E-02     9.3082E+10     2.0225E+12
   149     2.2909E+04  2.1878E+04     4.6048E-02     8.8428E+10     1.9203E+12
   150     2.1878E+04  2.0893E+04     4.6067E-02     7.8862E+10     1.7119E+12
   151     2.0893E+04  1.9953E+04     4.6035E-02     6.9960E+10     1.5197E+12
   152     1.9953E+04  1.9055E+04     4.6050E-02     6.1610E+10     1.3379E+12
   153     1.9055E+04  1.8197E+04     4.6073E-02     5.2827E+10     1.1466E+12
   154     1.8197E+04  1.7378E+04     4.6052E-02     4.2851E+10     9.3049E+11
   155     1.7378E+04  1.6596E+04     4.6043E-02     3.1948E+10     6.9387E+11
   156     1.6596E+04  1.5849E+04     4.6055E-02     2.0907E+10     4.5396E+11
   157     1.5849E+04  1.5136E+04     4.6030E-02     1.3528E+10     2.9389E+11
   158     1.5136E+04  1.4454E+04     4.6105E-02     2.3804E+10     5.1631E+11
   159     1.4454E+04  1.3804E+04     4.6013E-02     4.1667E+10     9.0556E+11
   160     1.3804E+04  1.3183E+04     4.6030E-02     3.6391E+10     7.9059E+11
   161     1.3183E+04  1.2589E+04     4.6105E-02     2.9701E+10     6.4421E+11
   162     1.2589E+04  1.2023E+04     4.6002E-02     3.0439E+10     6.6169E+11
   163     1.2023E+04  1.1482E+04     4.6041E-02     4.2462E+10     9.2227E+11
   164     1.1482E+04  1.0965E+04     4.6072E-02     6.1844E+10     1.3423E+12
   165     1.0965E+04  1.0471E+04     4.6099E-02     7.9999E+10     1.7354E+12
   166     1.0471E+04  1.0000E+04     4.6024E-02     9.0202E+10     1.9599E+12
   167     1.0000E+04  9.5499E+03     4.6054E-02     9.2852E+10     2.0161E+12
   168     9.5499E+03  9.1201E+03     4.6050E-02     8.5335E+10     1.8531E+12
   169     9.1201E+03  8.7096E+03     4.6055E-02     7.3078E+10     1.5868E+12
   170     8.7096E+03  8.3176E+03     4.6052E-02     5.8554E+10     1.2715E+12
   171     8.3176E+03  7.9433E+03     4.6045E-02     4.8817E+10     1.0602E+12
   172     7.9433E+03  7.5858E+03     4.6051E-02     4.8121E+10     1.0449E+12
   173     7.5858E+03  7.2444E+03     4.6049E-02     5.2754E+10     1.1456E+12
   174     7.2444E+03  6.9183E+03     4.6059E-02     5.5344E+10     1.2016E+12
   175     6.9183E+03  6.6069E+03     4.6056E-02     5.4656E+10     1.1868E+12
   176     6.6069E+03  6.3096E+03     4.6042E-02     5.2945E+10     1.1499E+12
   177     6.3096E+03  6.0256E+03     4.6055E-02     5.1274E+10     1.1133E+12
   178     6.0256E+03  5.7544E+03     4.6052E-02     4.6808E+10     1.0164E+12
   179     5.7544E+03  5.4954E+03     4.6053E-02     3.4877E+10     7.5732E+11
   180     5.4954E+03  5.2481E+03     4.6045E-02     3.7150E+10     8.0682E+11
   181     5.2481E+03  5.0119E+03     4.6051E-02     3.5385E+10     7.6839E+11
   182     5.0119E+03  4.7863E+03     4.6057E-02     3.3501E+10     7.2738E+11
   183     4.7863E+03  4.5709E+03     4.6048E-02     3.1528E+10     6.8468E+11
   184     4.5709E+03  4.3652E+03     4.6046E-02     3.1128E+10     6.7601E+11
   185     4.3652E+03  4.1687E+03     4.6060E-02     3.1737E+10     6.8905E+11
   186     4.1687E+03  3.9811E+03     4.6046E-02     3.3175E+10     7.2048E+11
   187     3.9811E+03  3.8019E+03     4.6057E-02     3.5954E+10     7.8064E+11
   188     3.8019E+03  3.6308E+03     4.6048E-02     3.9826E+10     8.6487E+11
   189     3.6308E+03  3.4674E+03     4.6048E-02     4.3548E+10     9.4571E+11
   190     3.4674E+03  3.3113E+03     4.6064E-02     4.6935E+10     1.0189E+12
   191     3.3113E+03  3.1623E+03     4.6041E-02     4.9539E+10     1.0760E+12
   192     3.1623E+03  3.0199E+03     4.6076E-02     5.3224E+10     1.1551E+12
   193     3.0199E+03  2.8840E+03     4.6045E-02     5.4865E+10     1.1915E+12
   194     2.8840E+03  2.7542E+03     4.6051E-02     5.7047E+10     1.2388E+12
   195     2.7542E+03  2.6303E+03     4.6029E-02     5.6265E+10     1.2224E+12
   196     2.6303E+03  2.5119E+03     4.6058E-02     5.9875E+10     1.3000E+12
   197     2.5119E+03  2.3988E+03     4.6071E-02     5.7478E+10     1.2476E+12
   198     2.3988E+03  2.2909E+03     4.6024E-02     5.9338E+10     1.2893E+12
   199     2.2909E+03  2.1878E+03     4.6048E-02     5.8724E+10     1.2753E+12
   200     2.1878E+03  2.0893E+03     4.6067E-02     5.8668E+10     1.2735E+12
   201     2.0893E+03  1.9953E+03     4.6035E-02     5.7988E+10     1.2597E+12
   202     1.9953E+03  1.9055E+03     4.6050E-02     5.8975E+10     1.2807E+12
   203     1.9055E+03  1.8197E+03     4.6073E-02     5.8025E+10     1.2594E+12
   204     1.8197E+03  1.7378E+03     4.6052E-02     5.8628E+10     1.2731E+12
   205     1.7378E+03  1.6596E+03     4.6043E-02     5.8072E+10     1.2613E+12
   206     1.6596E+03  1.5849E+03     4.6055E-02     5.5769E+10     1.2109E+12
   207     1.5849E+03  1.5136E+03     4.6030E-02     5.4420E+10     1.1823E+12
   208     1.5136E+03  1.4454E+03     4.6105E-02     5.3846E+10     1.1679E+12
   209     1.4454E+03  1.3804E+03     4.6013E-02     5.4821E+10     1.1914E+12
   210     1.3804E+03  1.3183E+03     4.6030E-02     5.4036E+10     1.1739E+12
   211     1.3183E+03  1.2589E+03     4.6105E-02     5.3722E+10     1.1652E+12
   212     1.2589E+03  1.2023E+03     4.6002E-02     5.3120E+10     1.1547E+12
   213     1.2023E+03  1.1481E+03     4.6128E-02     4.9824E+10     1.0801E+12
   214     1.1481E+03  1.0965E+03     4.5985E-02     4.9154E+10     1.0689E+12
   215     1.0965E+03  1.0471E+03     4.6099E-02     4.8327E+10     1.0483E+12
   216     1.0471E+03  1.0000E+03     4.6024E-02     4.5873E+10     9.9671E+11
   217     1.0000E+03  9.5499E+02     4.6054E-02     4.6891E+10     1.0182E+12
   218     9.5499E+02  9.1201E+02     4.6050E-02     4.4507E+10     9.6650E+11
   219     9.1201E+02  8.7096E+02     4.6055E-02     4.5164E+10     9.8066E+11
   220     8.7096E+02  8.3176E+02     4.6052E-02     4.4984E+10     9.7680E+11
   221     8.3176E+02  7.9433E+02     4.6045E-02     4.4379E+10     9.6381E+11
   222     7.9433E+02  7.5858E+02     4.6051E-02     4.4112E+10     9.5789E+11
   223     7.5858E+02  7.2444E+02     4.6049E-02     4.2750E+10     9.2835E+11
   224     7.2444E+02  6.9183E+02     4.6059E-02     4.2941E+10     9.3232E+11
   225     6.9183E+02  6.6069E+02     4.6056E-02     4.1954E+10     9.1093E+11
   226     6.6069E+02  6.3096E+02     4.6042E-02     4.2033E+10     9.1291E+11
   227     6.3096E+02  6.0256E+02     4.6055E-02     4.1553E+10     9.0224E+11
   228     6.0256E+02  5.7544E+02     4.6052E-02     4.1356E+10     8.9802E+11
   229     5.7544E+02  5.4954E+02     4.6053E-02     4.0550E+10     8.8051E+11
   230     5.4954E+02  5.2481E+02     4.6045E-02     4.0793E+10     8.8593E+11
   231     5.2481E+02  5.0119E+02     4.6051E-02     4.0377E+10     8.7680E+11
   232     5.0119E+02  4.7863E+02     4.6057E-02     3.9999E+10     8.6845E+11
   233     4.7863E+02  4.5709E+02     4.6048E-02     3.7566E+10     8.1581E+11
   234     4.5709E+02  4.3652E+02     4.6046E-02     3.9346E+10     8.5450E+11
   235     4.3652E+02  4.1687E+02     4.6060E-02     3.8451E+10     8.3481E+11
   236     4.1687E+02  3.9811E+02     4.6046E-02     3.8230E+10     8.3025E+11
   237     3.9811E+02  3.8019E+02     4.6057E-02     3.7592E+10     8.1620E+11
   238     3.8019E+02  3.6308E+02     4.6048E-02     3.3716E+10     7.3219E+11
   239     3.6308E+02  3.4674E+02     4.6048E-02     3.4827E+10     7.5633E+11
   240     3.4674E+02  3.3113E+02     4.6064E-02     3.3528E+10     7.2786E+11
   241     3.3113E+02  3.1623E+02     4.6041E-02     3.3463E+10     7.2681E+11
   242     3.1623E+02  3.0199E+02     4.6076E-02     3.3383E+10     7.2452E+11
   243     3.0199E+02  2.8840E+02     4.6045E-02     3.3312E+10     7.2345E+11
   244     2.8840E+02  2.7542E+02     4.6051E-02     3.3027E+10     7.1718E+11
   245     2.7542E+02  2.6303E+02     4.6029E-02     3.2944E+10     7.1572E+11
   246     2.6303E+02  2.5119E+02     4.6058E-02     3.2833E+10     7.1286E+11
   247     2.5119E+02  2.3988E+02     4.6071E-02     3.2555E+10     7.0663E+11
   248     2.3988E+02  2.2909E+02     4.6024E-02     3.2384E+10     7.0364E+11
   249     2.2909E+02  2.1878E+02     4.6048E-02     3.2234E+10     7.0000E+11
   250     2.1878E+02  2.0893E+02     4.6067E-02     3.2035E+10     6.9539E+11
   251     2.0893E+02  1.9953E+02     4.6035E-02     3.1883E+10     6.9258E+11
   252     1.9953E+02  1.9055E+02     4.6050E-02     2.9281E+10     6.3584E+11
   253     1.9055E+02  1.8197E+02     4.6073E-02     2.9719E+10     6.4505E+11
   254     1.8197E+02  1.7378E+02     4.6052E-02     2.9162E+10     6.3325E+11
   255     1.7378E+02  1.6596E+02     4.6043E-02     2.9033E+10     6.3056E+11
   256     1.6596E+02  1.5849E+02     4.6055E-02     2.8718E+10     6.2356E+11
   257     1.5849E+02  1.5136E+02     4.6030E-02     2.8583E+10     6.2097E+11
   258     1.5136E+02  1.4454E+02     4.6105E-02     2.8392E+10     6.1580E+11
   259     1.4454E+02  1.3804E+02     4.6013E-02     2.8204E+10     6.1295E+11
   260     1.3804E+02  1.3183E+02     4.6030E-02     2.6512E+10     5.7597E+11
   261     1.3183E+02  1.2589E+02     4.6105E-02     2.5206E+10     5.4672E+11
   262     1.2589E+02  1.2023E+02     4.6002E-02     2.5922E+10     5.6349E+11
   263     1.2023E+02  1.1482E+02     4.6041E-02     2.5017E+10     5.4337E+11
   264     1.1482E+02  1.0965E+02     4.6072E-02     2.5101E+10     5.4482E+11
   265     1.0965E+02  1.0471E+02     4.6099E-02     2.4850E+10     5.3906E+11
   266     1.0471E+02  1.0000E+02     4.6024E-02     2.4717E+10     5.3703E+11
   267     1.0000E+02  9.5499E+01     4.6054E-02     2.4510E+10     5.3219E+11
   268     9.5499E+01  9.1201E+01     4.6050E-02     2.4190E+10     5.2530E+11
   269     9.1201E+01  8.7096E+01     4.6055E-02     2.4077E+10     5.2279E+11
   270     8.7096E+01  8.3176E+01     4.6052E-02     2.3954E+10     5.2016E+11
   271     8.3176E+01  7.9433E+01     4.6045E-02     2.3793E+10     5.1674E+11
   272     7.9433E+01  7.5858E+01     4.6051E-02     2.3618E+10     5.1287E+11
   273     7.5858E+01  7.2444E+01     4.6049E-02     2.3449E+10     5.0922E+11
   274     7.2444E+01  6.9183E+01     4.6059E-02     2.2706E+10     4.9299E+11
   275     6.9183E+01  6.6069E+01     4.6056E-02     2.2638E+10     4.9153E+11
   276     6.6069E+01  6.3096E+01     4.6042E-02     2.2493E+10     4.8853E+11
   277     6.3096E+01  6.0256E+01     4.6055E-02     2.2286E+10     4.8390E+11
   278     6.0256E+01  5.7544E+01     4.6052E-02     2.2113E+10     4.8018E+11
   279     5.7544E+01  5.4954E+01     4.6053E-02     2.1911E+10     4.7577E+11
   280     5.4954E+01  5.2481E+01     4.6045E-02     2.1742E+10     4.7218E+11
   281     5.2481E+01  5.0119E+01     4.6051E-02     2.1514E+10     4.6717E+11
   282     5.0119E+01  4.7863E+01     4.6057E-02     2.1241E+10     4.6119E+11
   283     4.7863E+01  4.5709E+01     4.6048E-02     2.0120E+10     4.3693E+11
   284     4.5709E+01  4.3652E+01     4.6046E-02     1.2904E+10     2.8024E+11
   285     4.3652E+01  4.1687E+01     4.6060E-02     1.5176E+10     3.2947E+11
   286     4.1687E+01  3.9811E+01     4.6046E-02     1.5117E+10     3.2830E+11
   287     3.9811E+01  3.8019E+01     4.6057E-02     1.4816E+10     3.2170E+11
   288     3.8019E+01  3.6308E+01     4.6048E-02     1.4661E+10     3.1839E+11
   289     3.6308E+01  3.4674E+01     4.6048E-02     1.4309E+10     3.1074E+11
   290     3.4674E+01  3.3113E+01     4.6064E-02     1.4226E+10     3.0884E+11
   291     3.3113E+01  3.1623E+01     4.6041E-02     1.4095E+10     3.0613E+11
   292     3.1623E+01  3.0200E+01     4.6043E-02     1.3947E+10     3.0291E+11
   293     3.0200E+01  2.8840E+01     4.6079E-02     1.3811E+10     2.9972E+11
   294     2.8840E+01  2.7542E+01     4.6051E-02     1.3667E+10     2.9678E+11
   295     2.7542E+01  2.6303E+01     4.6029E-02     1.3473E+10     2.9270E+11
   296     2.6303E+01  2.5119E+01     4.6058E-02     1.3342E+10     2.8967E+11
   297     2.5119E+01  2.3988E+01     4.6071E-02     1.3152E+10     2.8547E+11
   298     2.3988E+01  2.2909E+01     4.6024E-02     1.2976E+10     2.8194E+11
   299     2.2909E+01  2.1878E+01     4.6048E-02     1.2830E+10     2.7861E+11
   300     2.1878E+01  2.0893E+01     4.6067E-02     1.2613E+10     2.7380E+11
   301     2.0893E+01  1.9953E+01     4.6035E-02     1.2400E+10     2.6935E+11
   302     1.9953E+01  1.9055E+01     4.6050E-02     1.2123E+10     2.6325E+11
   303     1.9055E+01  1.8197E+01     4.6073E-02     1.1864E+10     2.5751E+11
   304     1.8197E+01  1.7378E+01     4.6052E-02     1.1674E+10     2.5351E+11
   305     1.7378E+01  1.6596E+01     4.6043E-02     1.1464E+10     2.4898E+11
   306     1.6596E+01  1.5849E+01     4.6055E-02     1.1270E+10     2.4471E+11
   307     1.5849E+01  1.5136E+01     4.6030E-02     1.1044E+10     2.3992E+11
   308     1.5136E+01  1.4454E+01     4.6105E-02     1.0854E+10     2.3541E+11
   309     1.4454E+01  1.3804E+01     4.6013E-02     1.0652E+10     2.3150E+11
   310     1.3804E+01  1.3183E+01     4.6030E-02     1.0460E+10     2.2724E+11
   311     1.3183E+01  1.2589E+01     4.6105E-02     1.0264E+10     2.2262E+11
   312     1.2589E+01  1.2023E+01     4.6002E-02     9.9720E+09     2.1677E+11
   313     1.2023E+01  1.1482E+01     4.6041E-02     9.7348E+09     2.1144E+11
   314     1.1482E+01  1.0965E+01     4.6072E-02     9.5432E+09     2.0714E+11
   315     1.0965E+01  1.0471E+01     4.6099E-02     9.3460E+09     2.0274E+11
   316     1.0471E+01  1.0000E+01     4.6024E-02     9.2686E+09     2.0138E+11
   317     1.0000E+01  9.5499E+00     4.6054E-02     9.4536E+09     2.0527E+11
   318     9.5499E+00  9.1201E+00     4.6050E-02     8.7097E+09     1.8914E+11
   319     9.1201E+00  8.7096E+00     4.6055E-02     8.6361E+09     1.8752E+11
   320     8.7096E+00  8.3176E+00     4.6052E-02     8.4147E+09     1.8272E+11
   321     8.3176E+00  7.9433E+00     4.6045E-02     8.2368E+09     1.7889E+11
   322     7.9433E+00  7.5858E+00     4.6051E-02     8.0394E+09     1.7458E+11
   323     7.5858E+00  7.2444E+00     4.6049E-02     7.8409E+09     1.7027E+11
   324     7.2444E+00  6.9183E+00     4.6059E-02     7.6580E+09     1.6627E+11
   325     6.9183E+00  6.6069E+00     4.6056E-02     7.4735E+09     1.6227E+11
   326     6.6069E+00  6.3096E+00     4.6042E-02     7.2900E+09     1.5833E+11
   327     6.3096E+00  6.0256E+00     4.6055E-02     7.0906E+09     1.5396E+11
   328     6.0256E+00  5.7544E+00     4.6052E-02     6.9157E+09     1.5017E+11
   329     5.7544E+00  5.4954E+00     4.6053E-02     6.7341E+09     1.4622E+11
   330     5.4954E+00  5.2481E+00     4.6045E-02     6.5513E+09     1.4228E+11
   331     5.2481E+00  5.0119E+00     4.6051E-02     6.3929E+09     1.3882E+11
   332     5.0119E+00  4.7863E+00     4.6057E-02     6.1985E+09     1.3458E+11
   333     4.7863E+00  4.5709E+00     4.6048E-02     6.0346E+09     1.3105E+11
   334     4.5709E+00  4.3652E+00     4.6046E-02     5.8368E+09     1.2676E+11
   335     4.3652E+00  4.1687E+00     4.6060E-02     5.6492E+09     1.2265E+11
   336     4.1687E+00  3.9811E+00     4.6046E-02     5.4562E+09     1.1850E+11
   337     3.9811E+00  3.8019E+00     4.6057E-02     5.2762E+09     1.1456E+11
   338     3.8019E+00  3.6308E+00     4.6048E-02     5.0824E+09     1.1037E+11
   339     3.6308E+00  3.4674E+00     4.6048E-02     4.9139E+09     1.0671E+11
   340     3.4674E+00  3.3113E+00     4.6064E-02     4.7438E+09     1.0298E+11
   341     3.3113E+00  3.1623E+00     4.6041E-02     4.5824E+09     9.9529E+10
   342     3.1623E+00  3.0200E+00     4.6043E-02     4.4092E+09     9.5764E+10
   343     3.0200E+00  2.8840E+00     4.6079E-02     4.2535E+09     9.2309E+10
   344     2.8840E+00  2.7542E+00     4.6051E-02     4.0959E+09     8.8943E+10
   345     2.7542E+00  2.6303E+00     4.6029E-02     3.9385E+09     8.5565E+10
   346     2.6303E+00  2.5119E+00     4.6058E-02     3.7745E+09     8.1949E+10
   347     2.5119E+00  2.3988E+00     4.6071E-02     3.6472E+09     7.9164E+10
   348     2.3988E+00  2.2909E+00     4.6024E-02     3.4850E+09     7.5722E+10
   349     2.2909E+00  2.1878E+00     4.6048E-02     3.3497E+09     7.2744E+10
   350     2.1878E+00  2.0893E+00     4.6067E-02     3.2069E+09     6.9614E+10
   351     2.0893E+00  1.9953E+00     4.6035E-02     3.0886E+09     6.7093E+10
   352     1.9953E+00  1.9055E+00     4.6050E-02     2.9335E+09     6.3702E+10
   353     1.9055E+00  1.8197E+00     4.6073E-02     2.8087E+09     6.0963E+10
   354     1.8197E+00  1.7378E+00     4.6052E-02     2.6812E+09     5.8222E+10
   355     1.7378E+00  1.6596E+00     4.6043E-02     2.5561E+09     5.5514E+10
   356     1.6596E+00  1.5849E+00     4.6055E-02     2.4357E+09     5.2887E+10
   357     1.5849E+00  1.5136E+00     4.6030E-02     2.3181E+09     5.0359E+10
   358     1.5136E+00  1.4454E+00     4.6105E-02     2.2030E+09     4.7783E+10
   359     1.4454E+00  1.3804E+00     4.6013E-02     2.0924E+09     4.5475E+10
   360     1.3804E+00  1.3183E+00     4.6030E-02     1.9752E+09     4.2911E+10
   361     1.3183E+00  1.2589E+00     4.6105E-02     1.8823E+09     4.0827E+10
   362     1.2589E+00  1.2023E+00     4.6002E-02     1.7848E+09     3.8798E+10
   363     1.2023E+00  1.1481E+00     4.6128E-02     1.6830E+09     3.6486E+10
   364     1.1481E+00  1.0965E+00     4.5985E-02     1.5837E+09     3.4440E+10
   365     1.0965E+00  1.0471E+00     4.6099E-02     1.4920E+09     3.2365E+10
   366     1.0471E+00  1.0000E+00     4.6024E-02     1.4036E+09     3.0496E+10
   367     1.0000E+00  9.5499E-01     4.6054E-02     1.3263E+09     2.8799E+10
   368     9.5499E-01  9.1201E-01     4.6050E-02     1.2418E+09     2.6967E+10
   369     9.1201E-01  8.7096E-01     4.6055E-02     1.1638E+09     2.5271E+10
   370     8.7096E-01  8.3176E-01     4.6052E-02     1.0892E+09     2.3652E+10
   371     8.3176E-01  7.9433E-01     4.6045E-02     1.0235E+09     2.2227E+10
   372     7.9433E-01  7.5858E-01     4.6051E-02     9.4877E+08     2.0603E+10
   373     7.5858E-01  7.2444E-01     4.6049E-02     8.8910E+08     1.9308E+10
   374     7.2444E-01  6.9183E-01     4.6059E-02     8.2480E+08     1.7908E+10
   375     6.9183E-01  6.6069E-01     4.6056E-02     7.6170E+08     1.6539E+10
   376     6.6069E-01  6.3096E-01     4.6042E-02     7.1020E+08     1.5425E+10
   377     6.3096E-01  6.0256E-01     4.6055E-02     6.5654E+08     1.4256E+10
   378     6.0256E-01  5.7544E-01     4.6052E-02     6.1015E+08     1.3249E+10
   379     5.7544E-01  5.4954E-01     4.6053E-02     5.6433E+08     1.2254E+10
   380     5.4954E-01  5.2481E-01     4.6045E-02     5.1676E+08     1.1223E+10
   381     5.2481E-01  5.0119E-01     4.6051E-02     4.7201E+08     1.0250E+10
   382     5.0119E-01  4.7863E-01     4.6057E-02     4.3400E+08     9.4231E+09
   383     4.7863E-01  4.5709E-01     4.6048E-02     4.0128E+08     8.7146E+09
   384     4.5709E-01  4.3652E-01     4.6046E-02     3.6604E+08     7.9494E+09
   385     4.3652E-01  4.1687E-01     4.6060E-02     3.3586E+08     7.2919E+09
   386     4.1687E-01  3.9811E-01     4.6046E-02     3.0456E+08     6.6142E+09
   387     3.9811E-01  3.8019E-01     4.6057E-02     2.7426E+08     5.9547E+09
   388     3.8019E-01  3.6308E-01     4.6048E-02     2.5000E+08     5.4291E+09
   389     3.6308E-01  3.4674E-01     4.6048E-02     2.2228E+08     4.8271E+09
   390     3.4674E-01  3.3113E-01     4.6064E-02     2.0519E+08     4.4545E+09
   391     3.3113E-01  3.1623E-01     4.6041E-02     1.8072E+08     3.9252E+09
   392     3.1623E-01  3.0199E-01     4.6076E-02     1.6533E+08     3.5882E+09
   393     3.0199E-01  2.8840E-01     4.6045E-02     1.4631E+08     3.1775E+09
   394     2.8840E-01  2.7542E-01     4.6051E-02     1.3248E+08     2.8767E+09
   395     2.7542E-01  2.6303E-01     4.6029E-02     1.1953E+08     2.5969E+09
   396     2.6303E-01  2.5119E-01     4.6058E-02     1.0607E+08     2.3030E+09
   397     2.5119E-01  2.3988E-01     4.6071E-02     9.4922E+07     2.0604E+09
   398     2.3988E-01  2.2909E-01     4.6024E-02     8.3245E+07     1.8087E+09
   399     2.2909E-01  2.1878E-01     4.6048E-02     7.4471E+07     1.6172E+09
   400     2.1878E-01  2.0893E-01     4.6067E-02     6.6919E+07     1.4526E+09
   401     2.0893E-01  1.9953E-01     4.6035E-02     5.8091E+07     1.2619E+09
   402     1.9953E-01  1.9055E-01     4.6050E-02     5.0541E+07     1.0975E+09
   403     1.9055E-01  1.8197E-01     4.6073E-02     4.4647E+07     9.6906E+08
   404     1.8197E-01  1.7378E-01     4.6052E-02     3.9673E+07     8.6149E+08
   405     1.7378E-01  1.6596E-01     4.6043E-02     3.4826E+07     7.5638E+08
   406     1.6596E-01  1.5849E-01     4.6055E-02     3.0335E+07     6.5866E+08
   407     1.5849E-01  1.5136E-01     4.6030E-02     2.6609E+07     5.7808E+08
   408     1.5136E-01  1.4454E-01     4.6105E-02     2.3154E+07     5.0219E+08
   409     1.4454E-01  1.3804E-01     4.6013E-02     2.0007E+07     4.3481E+08
   410     1.3804E-01  1.3183E-01     4.6030E-02     1.7425E+07     3.7856E+08
   411     1.3183E-01  1.2589E-01     4.6105E-02     1.5211E+07     3.2992E+08
   412     1.2589E-01  1.2023E-01     4.6002E-02     1.3617E+07     2.9600E+08
   413     1.2023E-01  1.1481E-01     4.6128E-02     1.0885E+07     2.3598E+08
   414     1.1481E-01  1.0965E-01     4.5985E-02     9.8511E+06     2.1422E+08
   415     1.0965E-01  1.0471E-01     4.6099E-02     8.3171E+06     1.8042E+08
   416     1.0471E-01  1.0000E-01     4.6024E-02     6.7054E+06     1.4569E+08
   417     1.0000E-01  9.5499E-02     4.6054E-02     6.3480E+06     1.3784E+08
   418     9.5499E-02  9.1201E-02     4.6050E-02     5.4000E+06     1.1727E+08
   419     9.1201E-02  8.7096E-02     4.6055E-02     4.4899E+06     9.7490E+07
   420     8.7096E-02  8.3176E-02     4.6052E-02     3.7388E+06     8.1187E+07
   421     8.3176E-02  7.9433E-02     4.6045E-02     3.4100E+06     7.4057E+07
   422     7.9433E-02  7.5858E-02     4.6051E-02     2.9375E+06     6.3788E+07
   423     7.5858E-02  7.2444E-02     4.6049E-02     2.4402E+06     5.2990E+07
   424     7.2444E-02  6.9183E-02     4.6059E-02     2.0313E+06     4.4103E+07
   425     6.9183E-02  6.6069E-02     4.6056E-02     1.7564E+06     3.8136E+07
   426     6.6069E-02  6.3096E-02     4.6042E-02     1.3400E+06     2.9105E+07
   427     6.3096E-02  6.0256E-02     4.6055E-02     1.2964E+06     2.8148E+07
   428     6.0256E-02  5.7544E-02     4.6052E-02     9.6352E+05     2.0922E+07
   429     5.7544E-02  5.4954E-02     4.6053E-02     7.0610E+05     1.5332E+07
   430     5.4954E-02  5.2481E-02     4.6045E-02     9.6770E+05     2.1016E+07
   431     5.2481E-02  5.0119E-02     4.6051E-02     7.2570E+05     1.5759E+07
   432     5.0119E-02  4.7863E-02     4.6057E-02     5.8927E+05     1.2794E+07
   433     4.7863E-02  4.5709E-02     4.6048E-02     5.8108E+05     1.2619E+07
   434     4.5709E-02  4.3652E-02     4.6046E-02     4.6628E+05     1.0126E+07
   435     4.3652E-02  4.1687E-02     4.6060E-02     2.8357E+05     6.1566E+06
   436     4.1687E-02  3.9811E-02     4.6046E-02     2.7431E+05     5.9572E+06
   437     3.9811E-02  3.8019E-02     4.6057E-02     3.2884E+05     7.1398E+06
   438     3.8019E-02  3.6308E-02     4.6048E-02     2.6394E+05     5.7317E+06
   439     3.6308E-02  3.4674E-02     4.6048E-02     2.1587E+05     4.6880E+06
   440     3.4674E-02  3.3113E-02     4.6064E-02     1.5548E+05     3.3753E+06
   441     3.3113E-02  3.1623E-02     4.6041E-02     1.2115E+05     2.6313E+06
   442     3.1623E-02  3.0199E-02     4.6076E-02     1.5732E+05     3.4144E+06
   443     3.0199E-02  2.8840E-02     4.6045E-02     1.4651E+05     3.1818E+06
   444     2.8840E-02  2.7542E-02     4.6051E-02     7.5613E+04     1.6419E+06
   445     2.7542E-02  2.6303E-02     4.6029E-02     6.3101E+04     1.3709E+06
   446     2.6303E-02  2.5119E-02     4.6058E-02     5.9589E+04     1.2938E+06
   447     2.5119E-02  2.3988E-02     4.6071E-02     3.6063E+04     7.8277E+05
   448     2.3988E-02  2.2909E-02     4.6024E-02     2.6099E+04     5.6708E+05
   449     2.2909E-02  2.1878E-02     4.6048E-02     6.4358E+04     1.3976E+06
   450     2.1878E-02  2.0893E-02     4.6067E-02     3.2594E+04     7.0752E+05
   451     2.0893E-02  1.9953E-02     4.6035E-02     2.2494E+04     4.8864E+05
   452     1.9953E-02  1.9055E-02     4.6050E-02     3.4646E+04     7.5236E+05
   453     1.9055E-02  1.8197E-02     4.6073E-02     1.2289E+04     2.6672E+05
   454     1.8197E-02  1.7378E-02     4.6052E-02     6.7076E+03     1.4565E+05
   455     1.7378E-02  1.6596E-02     4.6043E-02     0.0000E+00     0.0000E+00
   456     1.6596E-02  1.5849E-02     4.6055E-02     0.0000E+00     0.0000E+00
   457     1.5849E-02  1.5136E-02     4.6030E-02     0.0000E+00     0.0000E+00
   458     1.5136E-02  1.4454E-02     4.6105E-02     0.0000E+00     0.0000E+00
   459     1.4454E-02  1.3804E-02     4.6013E-02     0.0000E+00     0.0000E+00
   460     1.3804E-02  1.3183E-02     4.6030E-02     0.0000E+00     0.0000E+00
   461     1.3183E-02  1.2589E-02     4.6105E-02     0.0000E+00     0.0000E+00
   462     1.2589E-02  1.2023E-02     4.6002E-02     0.0000E+00     0.0000E+00
   463     1.2023E-02  1.1481E-02     4.6128E-02     0.0000E+00     0.0000E+00
   464     1.1481E-02  1.0965E-02     4.5985E-02     0.0000E+00     0.0000E+00
   465     1.0965E-02  1.0471E-02     4.6099E-02     0.0000E+00     0.0000E+00
   466     1.0471E-02  1.0000E-02     4.6024E-02     0.0000E+00     0.0000E+00
   467     1.0000E-02  9.5499E-03     4.6054E-02     0.0000E+00     0.0000E+00
   468     9.5499E-03  9.1201E-03     4.6050E-02     0.0000E+00     0.0000E+00
   469     9.1201E-03  8.7096E-03     4.6055E-02     0.0000E+00     0.0000E+00
   470     8.7096E-03  8.3176E-03     4.6052E-02     0.0000E+00     0.0000E+00
   471     8.3176E-03  7.9433E-03     4.6045E-02     0.0000E+00     0.0000E+00
   472     7.9433E-03  7.5858E-03     4.6051E-02     0.0000E+00     0.0000E+00
   473     7.5858E-03  7.2444E-03     4.6049E-02     0.0000E+00     0.0000E+00
   474     7.2444E-03  6.9183E-03     4.6059E-02     0.0000E+00     0.0000E+00
   475     6.9183E-03  6.6069E-03     4.6056E-02     0.0000E+00     0.0000E+00
   476     6.6069E-03  6.3096E-03     4.6042E-02     0.0000E+00     0.0000E+00
   477     6.3096E-03  6.0256E-03     4.6055E-02     0.0000E+00     0.0000E+00
   478     6.0256E-03  5.7544E-03     4.6052E-02     0.0000E+00     0.0000E+00
   479     5.7544E-03  5.4954E-03     4.6053E-02     0.0000E+00     0.0000E+00
   480     5.4954E-03  5.2481E-03     4.6045E-02     0.0000E+00     0.0000E+00
   481     5.2481E-03  5.0119E-03     4.6051E-02     0.0000E+00     0.0000E+00
   482     5.0119E-03  4.7863E-03     4.6057E-02     0.0000E+00     0.0000E+00
   483     4.7863E-03  4.5709E-03     4.6048E-02     0.0000E+00     0.0000E+00
   484     4.5709E-03  4.3652E-03     4.6046E-02     0.0000E+00     0.0000E+00
   485     4.3652E-03  4.1687E-03     4.6060E-02     0.0000E+00     0.0000E+00
   486     4.1687E-03  3.9811E-03     4.6046E-02     0.0000E+00     0.0000E+00
   487     3.9811E-03  3.8019E-03     4.6057E-02     0.0000E+00     0.0000E+00
   488     3.8019E-03  3.6308E-03     4.6048E-02     0.0000E+00     0.0000E+00
   489     3.6308E-03  3.4674E-03     4.6048E-02     0.0000E+00     0.0000E+00
   490     3.4674E-03  3.3113E-03     4.6064E-02     0.0000E+00     0.0000E+00
   491     3.3113E-03  3.1623E-03     4.6041E-02     0.0000E+00     0.0000E+00
   492     3.1623E-03  3.0200E-03     4.6043E-02     0.0000E+00     0.0000E+00
   493     3.0200E-03  2.8840E-03     4.6079E-02     0.0000E+00     0.0000E+00
   494     2.8840E-03  2.7542E-03     4.6051E-02     0.0000E+00     0.0000E+00
   495     2.7542E-03  2.6303E-03     4.6029E-02     0.0000E+00     0.0000E+00
   496     2.6303E-03  2.5119E-03     4.6058E-02     0.0000E+00     0.0000E+00
   497     2.5119E-03  2.3988E-03     4.6071E-02     0.0000E+00     0.0000E+00
   498     2.3988E-03  2.2909E-03     4.6024E-02     0.0000E+00     0.0000E+00
   499     2.2909E-03  2.1878E-03     4.6048E-02     0.0000E+00     0.0000E+00
   500     2.1878E-03  2.0893E-03     4.6067E-02     0.0000E+00     0.0000E+00
   501     2.0893E-03  1.9953E-03     4.6035E-02     0.0000E+00     0.0000E+00
   502     1.9953E-03  1.9055E-03     4.6050E-02     0.0000E+00     0.0000E+00
   503     1.9055E-03  1.8197E-03     4.6073E-02     0.0000E+00     0.0000E+00
   504     1.8197E-03  1.7378E-03     4.6052E-02     0.0000E+00     0.0000E+00
   505     1.7378E-03  1.6596E-03     4.6043E-02     0.0000E+00     0.0000E+00
   506     1.6596E-03  1.5849E-03     4.6055E-02     0.0000E+00     0.0000E+00
   507     1.5849E-03  1.5136E-03     4.6030E-02     0.0000E+00     0.0000E+00
   508     1.5136E-03  1.4454E-03     4.6105E-02     0.0000E+00     0.0000E+00
   509     1.4454E-03  1.3804E-03     4.6013E-02     0.0000E+00     0.0000E+00
   510     1.3804E-03  1.3183E-03     4.6030E-02     0.0000E+00     0.0000E+00
   511     1.3183E-03  1.2589E-03     4.6105E-02     0.0000E+00     0.0000E+00
   512     1.2589E-03  1.2023E-03     4.6002E-02     0.0000E+00     0.0000E+00
   513     1.2023E-03  1.1482E-03     4.6041E-02     0.0000E+00     0.0000E+00
   514     1.1482E-03  1.0965E-03     4.6072E-02     0.0000E+00     0.0000E+00
   515     1.0965E-03  1.0471E-03     4.6099E-02     0.0000E+00     0.0000E+00
   516     1.0471E-03  1.0000E-03     4.6024E-02     0.0000E+00     0.0000E+00
   517     1.0000E-03  9.5499E-04     4.6054E-02     0.0000E+00     0.0000E+00
   518     9.5499E-04  9.1201E-04     4.6050E-02     0.0000E+00     0.0000E+00
   519     9.1201E-04  8.7096E-04     4.6055E-02     0.0000E+00     0.0000E+00
   520     8.7096E-04  8.3176E-04     4.6052E-02     0.0000E+00     0.0000E+00
   521     8.3176E-04  7.9433E-04     4.6045E-02     0.0000E+00     0.0000E+00
   522     7.9433E-04  7.5858E-04     4.6051E-02     0.0000E+00     0.0000E+00
   523     7.5858E-04  7.2444E-04     4.6049E-02     0.0000E+00     0.0000E+00
   524     7.2444E-04  6.9183E-04     4.6059E-02     0.0000E+00     0.0000E+00
   525     6.9183E-04  6.6069E-04     4.6056E-02     0.0000E+00     0.0000E+00
   526     6.6069E-04  6.3096E-04     4.6042E-02     0.0000E+00     0.0000E+00
   527     6.3096E-04  6.0256E-04     4.6055E-02     0.0000E+00     0.0000E+00
   528     6.0256E-04  5.7544E-04     4.6052E-02     0.0000E+00     0.0000E+00
   529     5.7544E-04  5.4954E-04     4.6053E-02     0.0000E+00     0.0000E+00
   530     5.4954E-04  5.2481E-04     4.6045E-02     0.0000E+00     0.0000E+00
   531     5.2481E-04  5.0119E-04     4.6051E-02     0.0000E+00     0.0000E+00
   532     5.0119E-04  4.7863E-04     4.6057E-02     0.0000E+00     0.0000E+00
   533     4.7863E-04  4.5709E-04     4.6048E-02     0.0000E+00     0.0000E+00
   534     4.5709E-04  4.3652E-04     4.6046E-02     0.0000E+00     0.0000E+00
   535     4.3652E-04  4.1687E-04     4.6060E-02     0.0000E+00     0.0000E+00
   536     4.1687E-04  3.9811E-04     4.6046E-02     0.0000E+00     0.0000E+00
   537     3.9811E-04  3.8019E-04     4.6057E-02     0.0000E+00     0.0000E+00
   538     3.8019E-04  3.6308E-04     4.6048E-02     0.0000E+00     0.0000E+00
   539     3.6308E-04  3.4674E-04     4.6048E-02     0.0000E+00     0.0000E+00
   540     3.4674E-04  3.3113E-04     4.6064E-02     0.0000E+00     0.0000E+00
   541     3.3113E-04  3.1623E-04     4.6041E-02     0.0000E+00     0.0000E+00
   542     3.1623E-04  3.0199E-04     4.6076E-02     0.0000E+00     0.0000E+00
   543     3.0199E-04  2.8840E-04     4.6045E-02     0.0000E+00     0.0000E+00
   544     2.8840E-04  2.7542E-04     4.6051E-02     0.0000E+00     0.0000E+00
   545     2.7542E-04  2.6303E-04     4.6029E-02     0.0000E+00     0.0000E+00
   546     2.6303E-04  2.5119E-04     4.6058E-02     0.0000E+00     0.0000E+00
   547     2.5119E-04  2.3988E-04     4.6071E-02     0.0000E+00     0.0000E+00
   548     2.3988E-04  2.2909E-04     4.6024E-02     0.0000E+00     0.0000E+00
   549     2.2909E-04  2.1878E-04     4.6048E-02     0.0000E+00     0.0000E+00
   550     2.1878E-04  2.0893E-04     4.6067E-02     0.0000E+00     0.0000E+00
   551     2.0893E-04  1.9953E-04     4.6035E-02     0.0000E+00     0.0000E+00
   552     1.9953E-04  1.9055E-04     4.6050E-02     0.0000E+00     0.0000E+00
   553     1.9055E-04  1.8197E-04     4.6073E-02     0.0000E+00     0.0000E+00
   554     1.8197E-04  1.7378E-04     4.6052E-02     0.0000E+00     0.0000E+00
   555     1.7378E-04  1.6596E-04     4.6043E-02     0.0000E+00     0.0000E+00
   556     1.6596E-04  1.5849E-04     4.6055E-02     0.0000E+00     0.0000E+00
   557     1.5849E-04  1.5136E-04     4.6030E-02     0.0000E+00     0.0000E+00
   558     1.5136E-04  1.4454E-04     4.6105E-02     0.0000E+00     0.0000E+00
   559     1.4454E-04  1.3804E-04     4.6013E-02     0.0000E+00     0.0000E+00
   560     1.3804E-04  1.3183E-04     4.6030E-02     0.0000E+00     0.0000E+00
   561     1.3183E-04  1.2589E-04     4.6105E-02     0.0000E+00     0.0000E+00
   562     1.2589E-04  1.2023E-04     4.6002E-02     0.0000E+00     0.0000E+00
   563     1.2023E-04  1.1482E-04     4.6041E-02     0.0000E+00     0.0000E+00
   564     1.1482E-04  1.0965E-04     4.6072E-02     0.0000E+00     0.0000E+00
   565     1.0965E-04  1.0471E-04     4.6099E-02     0.0000E+00     0.0000E+00
   566     1.0471E-04  1.0000E-04     4.6024E-02     0.0000E+00     0.0000E+00
   567     1.0000E-04  9.5499E-05     4.6054E-02     0.0000E+00     0.0000E+00
   568     9.5499E-05  9.1201E-05     4.6050E-02     0.0000E+00     0.0000E+00
   569     9.1201E-05  8.7096E-05     4.6055E-02     0.0000E+00     0.0000E+00
   570     8.7096E-05  8.3176E-05     4.6052E-02     0.0000E+00     0.0000E+00
   571     8.3176E-05  7.9433E-05     4.6045E-02     0.0000E+00     0.0000E+00
   572     7.9433E-05  7.5858E-05     4.6051E-02     0.0000E+00     0.0000E+00
   573     7.5858E-05  7.2444E-05     4.6049E-02     0.0000E+00     0.0000E+00
   574     7.2444E-05  6.9183E-05     4.6059E-02     0.0000E+00     0.0000E+00
   575     6.9183E-05  6.6069E-05     4.6056E-02     0.0000E+00     0.0000E+00
   576     6.6069E-05  6.3096E-05     4.6042E-02     0.0000E+00     0.0000E+00
   577     6.3096E-05  6.0256E-05     4.6055E-02     0.0000E+00     0.0000E+00
   578     6.0256E-05  5.7544E-05     4.6052E-02     0.0000E+00     0.0000E+00
   579     5.7544E-05  5.4954E-05     4.6053E-02     0.0000E+00     0.0000E+00
   580     5.4954E-05  5.2481E-05     4.6045E-02     0.0000E+00     0.0000E+00
   581     5.2481E-05  5.0119E-05     4.6051E-02     0.0000E+00     0.0000E+00
   582     5.0119E-05  4.7863E-05     4.6057E-02     0.0000E+00     0.0000E+00
   583     4.7863E-05  4.5709E-05     4.6048E-02     0.0000E+00     0.0000E+00
   584     4.5709E-05  4.3652E-05     4.6046E-02     0.0000E+00     0.0000E+00
   585     4.3652E-05  4.1687E-05     4.6060E-02     0.0000E+00     0.0000E+00
   586     4.1687E-05  3.9811E-05     4.6046E-02     0.0000E+00     0.0000E+00
   587     3.9811E-05  3.8019E-05     4.6057E-02     0.0000E+00     0.0000E+00
   588     3.8019E-05  3.6308E-05     4.6048E-02     0.0000E+00     0.0000E+00
   589     3.6308E-05  3.4674E-05     4.6048E-02     0.0000E+00     0.0000E+00
   590     3.4674E-05  3.3113E-05     4.6064E-02     0.0000E+00     0.0000E+00
   591     3.3113E-05  3.1623E-05     4.6041E-02     0.0000E+00     0.0000E+00
   592     3.1623E-05  3.0199E-05     4.6076E-02     0.0000E+00     0.0000E+00
   593     3.0199E-05  2.8840E-05     4.6045E-02     0.0000E+00     0.0000E+00
   594     2.8840E-05  2.7542E-05     4.6051E-02     0.0000E+00     0.0000E+00
   595     2.7542E-05  2.6303E-05     4.6029E-02     0.0000E+00     0.0000E+00
   596     2.6303E-05  2.5119E-05     4.6058E-02     0.0000E+00     0.0000E+00
   597     2.5119E-05  2.3988E-05     4.6071E-02     0.0000E+00     0.0000E+00
   598     2.3988E-05  2.2909E-05     4.6024E-02     0.0000E+00     0.0000E+00
   599     2.2909E-05  2.1878E-05     4.6048E-02     0.0000E+00     0.0000E+00
   600     2.1878E-05  2.0893E-05     4.6067E-02     0.0000E+00     0.0000E+00
   601     2.0893E-05  1.9953E-05     4.6035E-02     0.0000E+00     0.0000E+00
   602     1.9953E-05  1.9055E-05     4.6050E-02     0.0000E+00     0.0000E+00
   603     1.9055E-05  1.8197E-05     4.6073E-02     0.0000E+00     0.0000E+00
   604     1.8197E-05  1.7378E-05     4.6052E-02     0.0000E+00     0.0000E+00
   605     1.7378E-05  1.6596E-05     4.6043E-02     0.0000E+00     0.0000E+00
   606     1.6596E-05  1.5849E-05     4.6055E-02     0.0000E+00     0.0000E+00
   607     1.5849E-05  1.5136E-05     4.6030E-02     0.0000E+00     0.0000E+00
   608     1.5136E-05  1.4454E-05     4.6105E-02     0.0000E+00     0.0000E+00
   609     1.4454E-05  1.3804E-05     4.6013E-02     0.0000E+00     0.0000E+00
   610     1.3804E-05  1.3183E-05     4.6030E-02     0.0000E+00     0.0000E+00
   611     1.3183E-05  1.2589E-05     4.6105E-02     0.0000E+00     0.0000E+00
   612     1.2589E-05  1.2023E-05     4.6002E-02     0.0000E+00     0.0000E+00
   613     1.2023E-05  1.1482E-05     4.6041E-02     0.0000E+00     0.0000E+00
   614     1.1482E-05  1.0965E-05     4.6072E-02     0.0000E+00     0.0000E+00
   615     1.0965E-05  1.0471E-05     4.6099E-02     0.0000E+00     0.0000E+00
   616     1.0471E-05  1.0000E-05     4.6024E-02     0.0000E+00     0.0000E+00
  TOTAL                                              1.4241E+13
