  GROUP      UPPER       LOWER         LETHARGY         DATA        DATA/LETHARGY

     1     2.0000E+07  1.9953E+07     2.3528E-03     0.0000E+00     0.0000E+00
     2     1.9953E+07  1.9055E+07     4.6050E-02     0.0000E+00     0.0000E+00
     3     1.9055E+07  1.8197E+07     4.6073E-02     0.0000E+00     0.0000E+00
     4     1.8197E+07  1.7378E+07     4.6052E-02     0.0000E+00     0.0000E+00
     5     1.7378E+07  1.6596E+07     4.6043E-02     0.0000E+00     0.0000E+00
     6     1.6596E+07  1.5849E+07     4.6055E-02     0.0000E+00     0.0000E+00
     7     1.5849E+07  1.5136E+07     4.6030E-02     3.1512E+09     6.8459E+10
     8     1.5136E+07  1.4454E+07     4.6105E-02     5.9296E+12     1.2861E+14
     9     1.4454E+07  1.3804E+07     4.6013E-02     5.7435E+13     1.2482E+15
    10     1.3804E+07  1.3183E+07     4.6030E-02     1.4954E+13     3.2488E+14
    11     1.3183E+07  1.2589E+07     4.6105E-02     1.5114E+12     3.2781E+13
    12     1.2589E+07  1.2023E+07     4.6002E-02     4.9761E+11     1.0817E+13
    13     1.2023E+07  1.1482E+07     4.6041E-02     2.2566E+11     4.9013E+12
    14     1.1482E+07  1.0965E+07     4.6072E-02     3.1054E+11     6.7404E+12
    15     1.0965E+07  1.0471E+07     4.6099E-02     3.2624E+11     7.0769E+12
    16     1.0471E+07  1.0000E+07     4.6024E-02     4.0151E+11     8.7238E+12
    17     1.0000E+07  9.5499E+06     4.6054E-02     5.0944E+11     1.1062E+13
    18     9.5499E+06  9.1201E+06     4.6050E-02     6.2409E+11     1.3552E+13
    19     9.1201E+06  8.7096E+06     4.6055E-02     5.6546E+11     1.2278E+13
    20     8.7096E+06  8.3176E+06     4.6052E-02     4.7511E+11     1.0317E+13
    21     8.3176E+06  7.9433E+06     4.6045E-02     4.5874E+11     9.9630E+12
    22     7.9433E+06  7.5858E+06     4.6051E-02     4.6489E+11     1.0095E+13
    23     7.5858E+06  7.2444E+06     4.6049E-02     4.8880E+11     1.0615E+13
    24     7.2444E+06  6.9183E+06     4.6059E-02     5.0189E+11     1.0897E+13
    25     6.9183E+06  6.6069E+06     4.6056E-02     5.2496E+11     1.1398E+13
    26     6.6069E+06  6.3096E+06     4.6042E-02     5.5090E+11     1.1965E+13
    27     6.3096E+06  6.0256E+06     4.6055E-02     5.8183E+11     1.2633E+13
    28     6.0256E+06  5.7544E+06     4.6052E-02     6.1176E+11     1.3284E+13
    29     5.7544E+06  5.4954E+06     4.6053E-02     6.5885E+11     1.4306E+13
    30     5.4954E+06  5.2481E+06     4.6045E-02     6.9732E+11     1.5144E+13
    31     5.2481E+06  5.0119E+06     4.6051E-02     7.4994E+11     1.6285E+13
    32     5.0119E+06  4.7863E+06     4.6057E-02     7.9974E+11     1.7364E+13
    33     4.7863E+06  4.5709E+06     4.6048E-02     8.6327E+11     1.8747E+13
    34     4.5709E+06  4.3652E+06     4.6046E-02     9.3457E+11     2.0296E+13
    35     4.3652E+06  4.1687E+06     4.6060E-02     1.0135E+12     2.2004E+13
    36     4.1687E+06  3.9811E+06     4.6046E-02     1.0952E+12     2.3785E+13
    37     3.9811E+06  3.8019E+06     4.6057E-02     1.1907E+12     2.5852E+13
    38     3.8019E+06  3.6308E+06     4.6048E-02     1.2858E+12     2.7922E+13
    39     3.6308E+06  3.4674E+06     4.6048E-02     1.4004E+12     3.0411E+13
    40     3.4674E+06  3.3113E+06     4.6064E-02     1.5317E+12     3.3252E+13
    41     3.3113E+06  3.1623E+06     4.6041E-02     1.6913E+12     3.6734E+13
    42     3.1623E+06  3.0200E+06     4.6043E-02     1.8480E+12     4.0137E+13
    43     3.0200E+06  2.8840E+06     4.6079E-02     2.0754E+12     4.5041E+13
    44     2.8840E+06  2.7542E+06     4.6051E-02     2.2785E+12     4.9477E+13
    45     2.7542E+06  2.6303E+06     4.6029E-02     2.5775E+12     5.5997E+13
    46     2.6303E+06  2.5119E+06     4.6058E-02     2.7423E+12     5.9540E+13
    47     2.5119E+06  2.3988E+06     4.6071E-02     3.0870E+12     6.7004E+13
    48     2.3988E+06  2.2909E+06     4.6024E-02     3.3984E+12     7.3839E+13
    49     2.2909E+06  2.1878E+06     4.6048E-02     3.6429E+12     7.9110E+13
    50     2.1878E+06  2.0893E+06     4.6067E-02     3.9079E+12     8.4831E+13
    51     2.0893E+06  1.9953E+06     4.6035E-02     3.9753E+12     8.6355E+13
    52     1.9953E+06  1.9055E+06     4.6050E-02     4.1336E+12     8.9763E+13
    53     1.9055E+06  1.8197E+06     4.6073E-02     4.5479E+12     9.8712E+13
    54     1.8197E+06  1.7378E+06     4.6052E-02     4.8974E+12     1.0635E+14
    55     1.7378E+06  1.6596E+06     4.6043E-02     5.3685E+12     1.1660E+14
    56     1.6596E+06  1.5849E+06     4.6055E-02     5.5164E+12     1.1978E+14
    57     1.5849E+06  1.5136E+06     4.6030E-02     5.5537E+12     1.2065E+14
    58     1.5136E+06  1.4454E+06     4.6105E-02     5.8735E+12     1.2739E+14
    59     1.4454E+06  1.3804E+06     4.6013E-02     5.9145E+12     1.2854E+14
    60     1.3804E+06  1.3183E+06     4.6030E-02     6.8114E+12     1.4798E+14
    61     1.3183E+06  1.2589E+06     4.6105E-02     6.8700E+12     1.4901E+14
    62     1.2589E+06  1.2023E+06     4.6002E-02     7.4660E+12     1.6230E+14
    63     1.2023E+06  1.1482E+06     4.6041E-02     8.7710E+12     1.9050E+14
    64     1.1482E+06  1.0965E+06     4.6072E-02     8.6185E+12     1.8706E+14
    65     1.0965E+06  1.0471E+06     4.6099E-02     8.1990E+12     1.7786E+14
    66     1.0471E+06  1.0000E+06     4.6024E-02     8.3080E+12     1.8051E+14
    67     1.0000E+06  9.5499E+05     4.6054E-02     8.9921E+12     1.9525E+14
    68     9.5499E+05  9.1201E+05     4.6050E-02     1.0246E+13     2.2249E+14
    69     9.1201E+05  8.7096E+05     4.6055E-02     9.5692E+12     2.0778E+14
    70     8.7096E+05  8.3176E+05     4.6052E-02     9.1628E+12     1.9897E+14
    71     8.3176E+05  7.9433E+05     4.6045E-02     9.4352E+12     2.0491E+14
    72     7.9433E+05  7.5858E+05     4.6051E-02     9.5256E+12     2.0685E+14
    73     7.5858E+05  7.2444E+05     4.6049E-02     1.0091E+13     2.1913E+14
    74     7.2444E+05  6.9183E+05     4.6059E-02     1.3342E+13     2.8968E+14
    75     6.9183E+05  6.6069E+05     4.6056E-02     1.2154E+13     2.6390E+14
    76     6.6069E+05  6.3096E+05     4.6042E-02     1.5713E+13     3.4127E+14
    77     6.3096E+05  6.0256E+05     4.6055E-02     1.6069E+13     3.4891E+14
    78     6.0256E+05  5.7544E+05     4.6052E-02     1.4438E+13     3.1352E+14
    79     5.7544E+05  5.4954E+05     4.6053E-02     1.3082E+13     2.8407E+14
    80     5.4954E+05  5.2481E+05     4.6045E-02     1.1627E+13     2.5251E+14
    81     5.2481E+05  5.0119E+05     4.6051E-02     1.2674E+13     2.7522E+14
    82     5.0119E+05  4.7863E+05     4.6057E-02     1.2721E+13     2.7620E+14
    83     4.7863E+05  4.5709E+05     4.6048E-02     1.2436E+13     2.7006E+14
    84     4.5709E+05  4.3652E+05     4.6046E-02     1.1064E+13     2.4028E+14
    85     4.3652E+05  4.1687E+05     4.6060E-02     9.4491E+12     2.0515E+14
    86     4.1687E+05  3.9811E+05     4.6046E-02     8.3922E+12     1.8226E+14
    87     3.9811E+05  3.8019E+05     4.6057E-02     8.4190E+12     1.8279E+14
    88     3.8019E+05  3.6308E+05     4.6048E-02     1.2919E+13     2.8055E+14
    89     3.6308E+05  3.4674E+05     4.6048E-02     1.3440E+13     2.9187E+14
    90     3.4674E+05  3.3113E+05     4.6064E-02     1.2133E+13     2.6340E+14
    91     3.3113E+05  3.1623E+05     4.6041E-02     7.1048E+12     1.5431E+14
    92     3.1623E+05  3.0200E+05     4.6043E-02     1.4617E+13     3.1747E+14
    93     3.0200E+05  2.8840E+05     4.6079E-02     9.8255E+12     2.1323E+14
    94     2.8840E+05  2.7542E+05     4.6051E-02     4.9550E+12     1.0760E+14
    95     2.7542E+05  2.6303E+05     4.6029E-02     8.6133E+12     1.8713E+14
    96     2.6303E+05  2.5119E+05     4.6058E-02     5.7838E+12     1.2557E+14
    97     2.5119E+05  2.3988E+05     4.6071E-02     4.9504E+12     1.0745E+14
    98     2.3988E+05  2.2909E+05     4.6024E-02     4.7727E+12     1.0370E+14
    99     2.2909E+05  2.1878E+05     4.6048E-02     3.8709E+12     8.4062E+13
   100     2.1878E+05  2.0893E+05     4.6067E-02     5.2709E+12     1.1442E+14
   101     2.0893E+05  1.9953E+05     4.6035E-02     4.0972E+12     8.9004E+13
   102     1.9953E+05  1.9055E+05     4.6050E-02     3.1044E+12     6.7414E+13
   103     1.9055E+05  1.8197E+05     4.6073E-02     5.6964E+12     1.2364E+14
   104     1.8197E+05  1.7378E+05     4.6052E-02     7.1765E+12     1.5584E+14
   105     1.7378E+05  1.6596E+05     4.6043E-02     5.7026E+12     1.2385E+14
   106     1.6596E+05  1.5849E+05     4.6055E-02     7.0933E+12     1.5402E+14
   107     1.5849E+05  1.5136E+05     4.6030E-02     5.6418E+12     1.2257E+14
   108     1.5136E+05  1.4454E+05     4.6105E-02     4.0667E+12     8.8206E+13
   109     1.4454E+05  1.3804E+05     4.6013E-02     3.8536E+12     8.3750E+13
   110     1.3804E+05  1.3183E+05     4.6030E-02     1.1272E+13     2.4488E+14
   111     1.3183E+05  1.2589E+05     4.6105E-02     7.9368E+12     1.7215E+14
   112     1.2589E+05  1.2023E+05     4.6002E-02     8.2159E+12     1.7860E+14
   113     1.2023E+05  1.1482E+05     4.6041E-02     7.4988E+12     1.6287E+14
   114     1.1482E+05  1.0965E+05     4.6072E-02     7.0603E+12     1.5325E+14
   115     1.0965E+05  1.0471E+05     4.6099E-02     6.4040E+12     1.3892E+14
   116     1.0471E+05  1.0000E+05     4.6024E-02     5.5567E+12     1.2073E+14
   117     1.0000E+05  9.5499E+04     4.6054E-02     4.4917E+12     9.7531E+13
   118     9.5499E+04  9.1201E+04     4.6050E-02     5.7559E+12     1.2499E+14
   119     9.1201E+04  8.7096E+04     4.6055E-02     5.2863E+12     1.1478E+14
   120     8.7096E+04  8.3176E+04     4.6052E-02     2.8479E+12     6.1841E+13
   121     8.3176E+04  7.9433E+04     4.6045E-02     1.0504E+13     2.2813E+14
   122     7.9433E+04  7.5858E+04     4.6051E-02     5.8826E+12     1.2774E+14
   123     7.5858E+04  7.2444E+04     4.6049E-02     4.3991E+12     9.5529E+13
   124     7.2444E+04  6.9183E+04     4.6059E-02     8.4975E+12     1.8449E+14
   125     6.9183E+04  6.6069E+04     4.6056E-02     7.1121E+12     1.5442E+14
   126     6.6069E+04  6.3096E+04     4.6042E-02     6.1895E+12     1.3443E+14
   127     6.3096E+04  6.0256E+04     4.6055E-02     5.5047E+12     1.1952E+14
   128     6.0256E+04  5.7544E+04     4.6052E-02     5.0477E+12     1.0961E+14
   129     5.7544E+04  5.4954E+04     4.6053E-02     4.5934E+12     9.9742E+13
   130     5.4954E+04  5.2481E+04     4.6045E-02     3.6918E+12     8.0178E+13
   131     5.2481E+04  5.0119E+04     4.6051E-02     3.2911E+12     7.1466E+13
   132     5.0119E+04  4.7863E+04     4.6057E-02     4.5213E+12     9.8167E+13
   133     4.7863E+04  4.5709E+04     4.6048E-02     4.6915E+12     1.0188E+14
   134     4.5709E+04  4.3652E+04     4.6046E-02     4.4381E+12     9.6383E+13
   135     4.3652E+04  4.1687E+04     4.6060E-02     3.6160E+12     7.8507E+13
   136     4.1687E+04  3.9811E+04     4.6046E-02     3.5943E+12     7.8059E+13
   137     3.9811E+04  3.8019E+04     4.6057E-02     3.5523E+12     7.7127E+13
   138     3.8019E+04  3.6308E+04     4.6048E-02     3.1654E+12     6.8741E+13
   139     3.6308E+04  3.4674E+04     4.6048E-02     2.8401E+12     6.1677E+13
   140     3.4674E+04  3.3113E+04     4.6064E-02     2.5662E+12     5.5708E+13
   141     3.3113E+04  3.1623E+04     4.6041E-02     2.2098E+12     4.7996E+13
   142     3.1623E+04  3.0200E+04     4.6043E-02     1.6455E+12     3.5738E+13
   143     3.0200E+04  2.8840E+04     4.6079E-02     9.8452E+11     2.1366E+13
   144     2.8840E+04  2.7542E+04     4.6051E-02     4.5778E+11     9.9406E+12
   145     2.7542E+04  2.6303E+04     4.6029E-02     1.7802E+12     3.8676E+13
   146     2.6303E+04  2.5119E+04     4.6058E-02     6.2720E+12     1.3618E+14
   147     2.5119E+04  2.3988E+04     4.6071E-02     8.5856E+12     1.8636E+14
   148     2.3988E+04  2.2909E+04     4.6024E-02     5.4383E+12     1.1816E+14
   149     2.2909E+04  2.1878E+04     4.6048E-02     4.1591E+12     9.0321E+13
   150     2.1878E+04  2.0893E+04     4.6067E-02     2.9779E+12     6.4643E+13
   151     2.0893E+04  1.9953E+04     4.6035E-02     2.9057E+12     6.3120E+13
   152     1.9953E+04  1.9055E+04     4.6050E-02     2.7395E+12     5.9490E+13
   153     1.9055E+04  1.8197E+04     4.6073E-02     2.3518E+12     5.1046E+13
   154     1.8197E+04  1.7378E+04     4.6052E-02     1.9726E+12     4.2835E+13
   155     1.7378E+04  1.6596E+04     4.6043E-02     2.0334E+12     4.4163E+13
   156     1.6596E+04  1.5849E+04     4.6055E-02     1.8431E+12     4.0019E+13
   157     1.5849E+04  1.5136E+04     4.6030E-02     1.7713E+12     3.8481E+13
   158     1.5136E+04  1.4454E+04     4.6105E-02     1.6470E+12     3.5724E+13
   159     1.4454E+04  1.3804E+04     4.6013E-02     1.4974E+12     3.2544E+13
   160     1.3804E+04  1.3183E+04     4.6030E-02     1.2845E+12     2.7906E+13
   161     1.3183E+04  1.2589E+04     4.6105E-02     1.3763E+12     2.9851E+13
   162     1.2589E+04  1.2023E+04     4.6002E-02     1.2722E+12     2.7654E+13
   163     1.2023E+04  1.1482E+04     4.6041E-02     1.2030E+12     2.6130E+13
   164     1.1482E+04  1.0965E+04     4.6072E-02     1.0805E+12     2.3453E+13
   165     1.0965E+04  1.0471E+04     4.6099E-02     9.8002E+11     2.1259E+13
   166     1.0471E+04  1.0000E+04     4.6024E-02     9.3087E+11     2.0226E+13
   167     1.0000E+04  9.5499E+03     4.6054E-02     8.3999E+11     1.8239E+13
   168     9.5499E+03  9.1201E+03     4.6050E-02     7.2087E+11     1.5654E+13
   169     9.1201E+03  8.7096E+03     4.6055E-02     6.2399E+11     1.3549E+13
   170     8.7096E+03  8.3176E+03     4.6052E-02     4.8289E+11     1.0486E+13
   171     8.3176E+03  7.9433E+03     4.6045E-02     3.4917E+11     7.5832E+12
   172     7.9433E+03  7.5858E+03     4.6051E-02     3.3496E+11     7.2737E+12
   173     7.5858E+03  7.2444E+03     4.6049E-02     4.4561E+11     9.6767E+12
   174     7.2444E+03  6.9183E+03     4.6059E-02     5.7116E+11     1.2401E+13
   175     6.9183E+03  6.6069E+03     4.6056E-02     6.5625E+11     1.4249E+13
   176     6.6069E+03  6.3096E+03     4.6042E-02     5.9816E+11     1.2992E+13
   177     6.3096E+03  6.0256E+03     4.6055E-02     5.6844E+11     1.2343E+13
   178     6.0256E+03  5.7544E+03     4.6052E-02     6.5862E+11     1.4302E+13
   179     5.7544E+03  5.4954E+03     4.6053E-02     6.0470E+11     1.3130E+13
   180     5.4954E+03  5.2481E+03     4.6045E-02     5.8172E+11     1.2634E+13
   181     5.2481E+03  5.0119E+03     4.6051E-02     6.6458E+11     1.4431E+13
   182     5.0119E+03  4.7863E+03     4.6057E-02     5.9232E+11     1.2860E+13
   183     4.7863E+03  4.5709E+03     4.6048E-02     5.7912E+11     1.2576E+13
   184     4.5709E+03  4.3652E+03     4.6046E-02     4.9356E+11     1.0719E+13
   185     4.3652E+03  4.1687E+03     4.6060E-02     4.6946E+11     1.0192E+13
   186     4.1687E+03  3.9811E+03     4.6046E-02     4.0571E+11     8.8109E+12
   187     3.9811E+03  3.8019E+03     4.6057E-02     3.8601E+11     8.3811E+12
   188     3.8019E+03  3.6308E+03     4.6048E-02     4.6631E+11     1.0127E+13
   189     3.6308E+03  3.4674E+03     4.6048E-02     4.5672E+11     9.9184E+12
   190     3.4674E+03  3.3113E+03     4.6064E-02     4.3401E+11     9.4219E+12
   191     3.3113E+03  3.1623E+03     4.6041E-02     4.0850E+11     8.8724E+12
   192     3.1623E+03  3.0199E+03     4.6076E-02     3.7329E+11     8.1017E+12
   193     3.0199E+03  2.8840E+03     4.6045E-02     3.5786E+11     7.7719E+12
   194     2.8840E+03  2.7542E+03     4.6051E-02     3.2107E+11     6.9721E+12
   195     2.7542E+03  2.6303E+03     4.6029E-02     2.6377E+11     5.7306E+12
   196     2.6303E+03  2.5119E+03     4.6058E-02     2.2603E+11     4.9074E+12
   197     2.5119E+03  2.3988E+03     4.6071E-02     2.2321E+11     4.8449E+12
   198     2.3988E+03  2.2909E+03     4.6024E-02     1.9129E+11     4.1562E+12
   199     2.2909E+03  2.1878E+03     4.6048E-02     1.8789E+11     4.0803E+12
   200     2.1878E+03  2.0893E+03     4.6067E-02     1.8229E+11     3.9571E+12
   201     2.0893E+03  1.9953E+03     4.6035E-02     1.1885E+11     2.5817E+12
   202     1.9953E+03  1.9055E+03     4.6050E-02     1.9994E+11     4.3419E+12
   203     1.9055E+03  1.8197E+03     4.6073E-02     1.9636E+11     4.2620E+12
   204     1.8197E+03  1.7378E+03     4.6052E-02     1.8367E+11     3.9883E+12
   205     1.7378E+03  1.6596E+03     4.6043E-02     1.6952E+11     3.6818E+12
   206     1.6596E+03  1.5849E+03     4.6055E-02     1.5237E+11     3.3085E+12
   207     1.5849E+03  1.5136E+03     4.6030E-02     1.3850E+11     3.0090E+12
   208     1.5136E+03  1.4454E+03     4.6105E-02     1.2850E+11     2.7870E+12
   209     1.4454E+03  1.3804E+03     4.6013E-02     1.1645E+11     2.5307E+12
   210     1.3804E+03  1.3183E+03     4.6030E-02     1.0867E+11     2.3608E+12
   211     1.3183E+03  1.2589E+03     4.6105E-02     9.8824E+10     2.1435E+12
   212     1.2589E+03  1.2023E+03     4.6002E-02     9.1357E+10     1.9859E+12
   213     1.2023E+03  1.1481E+03     4.6128E-02     7.7116E+10     1.6718E+12
   214     1.1481E+03  1.0965E+03     4.5985E-02     5.9388E+10     1.2915E+12
   215     1.0965E+03  1.0471E+03     4.6099E-02     5.3592E+10     1.1626E+12
   216     1.0471E+03  1.0000E+03     4.6024E-02     5.7071E+10     1.2400E+12
   217     1.0000E+03  9.5499E+02     4.6054E-02     5.1801E+10     1.1248E+12
   218     9.5499E+02  9.1201E+02     4.6050E-02     5.0475E+10     1.0961E+12
   219     9.1201E+02  8.7096E+02     4.6055E-02     4.6978E+10     1.0200E+12
   220     8.7096E+02  8.3176E+02     4.6052E-02     4.2695E+10     9.2711E+11
   221     8.3176E+02  7.9433E+02     4.6045E-02     3.8355E+10     8.3300E+11
   222     7.9433E+02  7.5858E+02     4.6051E-02     3.6290E+10     7.8804E+11
   223     7.5858E+02  7.2444E+02     4.6049E-02     3.2205E+10     6.9936E+11
   224     7.2444E+02  6.9183E+02     4.6059E-02     2.9875E+10     6.4864E+11
   225     6.9183E+02  6.6069E+02     4.6056E-02     2.6805E+10     5.8202E+11
   226     6.6069E+02  6.3096E+02     4.6042E-02     2.4708E+10     5.3663E+11
   227     6.3096E+02  6.0256E+02     4.6055E-02     2.3481E+10     5.0984E+11
   228     6.0256E+02  5.7544E+02     4.6052E-02     1.8277E+10     3.9687E+11
   229     5.7544E+02  5.4954E+02     4.6053E-02     1.8720E+10     4.0648E+11
   230     5.4954E+02  5.2481E+02     4.6045E-02     1.6608E+10     3.6069E+11
   231     5.2481E+02  5.0119E+02     4.6051E-02     1.5216E+10     3.3043E+11
   232     5.0119E+02  4.7863E+02     4.6057E-02     1.3788E+10     2.9936E+11
   233     4.7863E+02  4.5709E+02     4.6048E-02     1.2856E+10     2.7920E+11
   234     4.5709E+02  4.3652E+02     4.6046E-02     1.2464E+10     2.7069E+11
   235     4.3652E+02  4.1687E+02     4.6060E-02     1.1212E+10     2.4343E+11
   236     4.1687E+02  3.9811E+02     4.6046E-02     1.0294E+10     2.2357E+11
   237     3.9811E+02  3.8019E+02     4.6057E-02     9.0485E+09     1.9646E+11
   238     3.8019E+02  3.6308E+02     4.6048E-02     7.7341E+09     1.6796E+11
   239     3.6308E+02  3.4674E+02     4.6048E-02     5.6067E+09     1.2176E+11
   240     3.4674E+02  3.3113E+02     4.6064E-02     3.3098E+09     7.1851E+10
   241     3.3113E+02  3.1623E+02     4.6041E-02     4.8017E+09     1.0429E+11
   242     3.1623E+02  3.0199E+02     4.6076E-02     6.1329E+09     1.3310E+11
   243     3.0199E+02  2.8840E+02     4.6045E-02     6.3119E+09     1.3708E+11
   244     2.8840E+02  2.7542E+02     4.6051E-02     6.2294E+09     1.3527E+11
   245     2.7542E+02  2.6303E+02     4.6029E-02     5.7411E+09     1.2473E+11
   246     2.6303E+02  2.5119E+02     4.6058E-02     5.0253E+09     1.0911E+11
   247     2.5119E+02  2.3988E+02     4.6071E-02     4.4497E+09     9.6584E+10
   248     2.3988E+02  2.2909E+02     4.6024E-02     4.0665E+09     8.8356E+10
   249     2.2909E+02  2.1878E+02     4.6048E-02     3.7213E+09     8.0814E+10
   250     2.1878E+02  2.0893E+02     4.6067E-02     3.3598E+09     7.2933E+10
   251     2.0893E+02  1.9953E+02     4.6035E-02     3.1405E+09     6.8220E+10
   252     1.9953E+02  1.9055E+02     4.6050E-02     2.8373E+09     6.1613E+10
   253     1.9055E+02  1.8197E+02     4.6073E-02     2.3033E+09     4.9993E+10
   254     1.8197E+02  1.7378E+02     4.6052E-02     2.3423E+09     5.0863E+10
   255     1.7378E+02  1.6596E+02     4.6043E-02     1.9784E+09     4.2967E+10
   256     1.6596E+02  1.5849E+02     4.6055E-02     1.8601E+09     4.0388E+10
   257     1.5849E+02  1.5136E+02     4.6030E-02     1.7779E+09     3.8624E+10
   258     1.5136E+02  1.4454E+02     4.6105E-02     1.5576E+09     3.3783E+10
   259     1.4454E+02  1.3804E+02     4.6013E-02     1.5201E+09     3.3037E+10
   260     1.3804E+02  1.3183E+02     4.6030E-02     1.4401E+09     3.1285E+10
   261     1.3183E+02  1.2589E+02     4.6105E-02     1.3202E+09     2.8634E+10
   262     1.2589E+02  1.2023E+02     4.6002E-02     1.3143E+09     2.8571E+10
   263     1.2023E+02  1.1482E+02     4.6041E-02     1.1973E+09     2.6005E+10
   264     1.1482E+02  1.0965E+02     4.6072E-02     1.0910E+09     2.3681E+10
   265     1.0965E+02  1.0471E+02     4.6099E-02     1.0016E+09     2.1727E+10
   266     1.0471E+02  1.0000E+02     4.6024E-02     9.8931E+08     2.1495E+10
   267     1.0000E+02  9.5499E+01     4.6054E-02     9.2053E+08     1.9988E+10
   268     9.5499E+01  9.1201E+01     4.6050E-02     9.6651E+08     2.0988E+10
   269     9.1201E+01  8.7096E+01     4.6055E-02     9.3762E+08     2.0359E+10
   270     8.7096E+01  8.3176E+01     4.6052E-02     1.0530E+09     2.2866E+10
   271     8.3176E+01  7.9433E+01     4.6045E-02     1.1777E+09     2.5577E+10
   272     7.9433E+01  7.5858E+01     4.6051E-02     1.2004E+09     2.6066E+10
   273     7.5858E+01  7.2444E+01     4.6049E-02     1.2235E+09     2.6568E+10
   274     7.2444E+01  6.9183E+01     4.6059E-02     1.2757E+09     2.7697E+10
   275     6.9183E+01  6.6069E+01     4.6056E-02     1.3531E+09     2.9381E+10
   276     6.6069E+01  6.3096E+01     4.6042E-02     1.2118E+09     2.6319E+10
   277     6.3096E+01  6.0256E+01     4.6055E-02     1.1331E+09     2.4604E+10
   278     6.0256E+01  5.7544E+01     4.6052E-02     1.1689E+09     2.5382E+10
   279     5.7544E+01  5.4954E+01     4.6053E-02     1.0692E+09     2.3217E+10
   280     5.4954E+01  5.2481E+01     4.6045E-02     1.0178E+09     2.2105E+10
   281     5.2481E+01  5.0119E+01     4.6051E-02     1.0176E+09     2.2098E+10
   282     5.0119E+01  4.7863E+01     4.6057E-02     8.5833E+08     1.8636E+10
   283     4.7863E+01  4.5709E+01     4.6048E-02     6.7164E+08     1.4586E+10
   284     4.5709E+01  4.3652E+01     4.6046E-02     6.9447E+08     1.5082E+10
   285     4.3652E+01  4.1687E+01     4.6060E-02     5.4315E+08     1.1792E+10
   286     4.1687E+01  3.9811E+01     4.6046E-02     4.8738E+08     1.0585E+10
   287     3.9811E+01  3.8019E+01     4.6057E-02     4.3365E+08     9.4154E+09
   288     3.8019E+01  3.6308E+01     4.6048E-02     3.8164E+08     8.2880E+09
   289     3.6308E+01  3.4674E+01     4.6048E-02     3.8006E+08     8.2535E+09
   290     3.4674E+01  3.3113E+01     4.6064E-02     3.2792E+08     7.1189E+09
   291     3.3113E+01  3.1623E+01     4.6041E-02     2.7495E+08     5.9718E+09
   292     3.1623E+01  3.0200E+01     4.6043E-02     2.1014E+08     4.5639E+09
   293     3.0200E+01  2.8840E+01     4.6079E-02     2.3646E+08     5.1317E+09
   294     2.8840E+01  2.7542E+01     4.6051E-02     1.8345E+08     3.9835E+09
   295     2.7542E+01  2.6303E+01     4.6029E-02     1.3666E+08     2.9689E+09
   296     2.6303E+01  2.5119E+01     4.6058E-02     1.5707E+08     3.4103E+09
   297     2.5119E+01  2.3988E+01     4.6071E-02     9.5076E+07     2.0637E+09
   298     2.3988E+01  2.2909E+01     4.6024E-02     8.2708E+07     1.7971E+09
   299     2.2909E+01  2.1878E+01     4.6048E-02     6.8462E+07     1.4867E+09
   300     2.1878E+01  2.0893E+01     4.6067E-02     4.5042E+07     9.7775E+08
   301     2.0893E+01  1.9953E+01     4.6035E-02     6.6966E+07     1.4547E+09
   302     1.9953E+01  1.9055E+01     4.6050E-02     2.5870E+07     5.6179E+08
   303     1.9055E+01  1.8197E+01     4.6073E-02     1.5328E+07     3.3270E+08
   304     1.8197E+01  1.7378E+01     4.6052E-02     0.0000E+00     0.0000E+00
   305     1.7378E+01  1.6596E+01     4.6043E-02     0.0000E+00     0.0000E+00
   306     1.6596E+01  1.5849E+01     4.6055E-02     0.0000E+00     0.0000E+00
   307     1.5849E+01  1.5136E+01     4.6030E-02     0.0000E+00     0.0000E+00
   308     1.5136E+01  1.4454E+01     4.6105E-02     0.0000E+00     0.0000E+00
   309     1.4454E+01  1.3804E+01     4.6013E-02     0.0000E+00     0.0000E+00
   310     1.3804E+01  1.3183E+01     4.6030E-02     0.0000E+00     0.0000E+00
   311     1.3183E+01  1.2589E+01     4.6105E-02     0.0000E+00     0.0000E+00
   312     1.2589E+01  1.2023E+01     4.6002E-02     0.0000E+00     0.0000E+00
   313     1.2023E+01  1.1482E+01     4.6041E-02     0.0000E+00     0.0000E+00
   314     1.1482E+01  1.0965E+01     4.6072E-02     0.0000E+00     0.0000E+00
   315     1.0965E+01  1.0471E+01     4.6099E-02     0.0000E+00     0.0000E+00
   316     1.0471E+01  1.0000E+01     4.6024E-02     0.0000E+00     0.0000E+00
   317     1.0000E+01  9.5499E+00     4.6054E-02     0.0000E+00     0.0000E+00
   318     9.5499E+00  9.1201E+00     4.6050E-02     0.0000E+00     0.0000E+00
   319     9.1201E+00  8.7096E+00     4.6055E-02     0.0000E+00     0.0000E+00
   320     8.7096E+00  8.3176E+00     4.6052E-02     0.0000E+00     0.0000E+00
   321     8.3176E+00  7.9433E+00     4.6045E-02     0.0000E+00     0.0000E+00
   322     7.9433E+00  7.5858E+00     4.6051E-02     0.0000E+00     0.0000E+00
   323     7.5858E+00  7.2444E+00     4.6049E-02     0.0000E+00     0.0000E+00
   324     7.2444E+00  6.9183E+00     4.6059E-02     0.0000E+00     0.0000E+00
   325     6.9183E+00  6.6069E+00     4.6056E-02     0.0000E+00     0.0000E+00
   326     6.6069E+00  6.3096E+00     4.6042E-02     0.0000E+00     0.0000E+00
   327     6.3096E+00  6.0256E+00     4.6055E-02     0.0000E+00     0.0000E+00
   328     6.0256E+00  5.7544E+00     4.6052E-02     0.0000E+00     0.0000E+00
   329     5.7544E+00  5.4954E+00     4.6053E-02     0.0000E+00     0.0000E+00
   330     5.4954E+00  5.2481E+00     4.6045E-02     0.0000E+00     0.0000E+00
   331     5.2481E+00  5.0119E+00     4.6051E-02     0.0000E+00     0.0000E+00
   332     5.0119E+00  4.7863E+00     4.6057E-02     0.0000E+00     0.0000E+00
   333     4.7863E+00  4.5709E+00     4.6048E-02     0.0000E+00     0.0000E+00
   334     4.5709E+00  4.3652E+00     4.6046E-02     0.0000E+00     0.0000E+00
   335     4.3652E+00  4.1687E+00     4.6060E-02     0.0000E+00     0.0000E+00
   336     4.1687E+00  3.9811E+00     4.6046E-02     0.0000E+00     0.0000E+00
   337     3.9811E+00  3.8019E+00     4.6057E-02     0.0000E+00     0.0000E+00
   338     3.8019E+00  3.6308E+00     4.6048E-02     0.0000E+00     0.0000E+00
   339     3.6308E+00  3.4674E+00     4.6048E-02     0.0000E+00     0.0000E+00
   340     3.4674E+00  3.3113E+00     4.6064E-02     0.0000E+00     0.0000E+00
   341     3.3113E+00  3.1623E+00     4.6041E-02     0.0000E+00     0.0000E+00
   342     3.1623E+00  3.0200E+00     4.6043E-02     0.0000E+00     0.0000E+00
   343     3.0200E+00  2.8840E+00     4.6079E-02     0.0000E+00     0.0000E+00
   344     2.8840E+00  2.7542E+00     4.6051E-02     0.0000E+00     0.0000E+00
   345     2.7542E+00  2.6303E+00     4.6029E-02     0.0000E+00     0.0000E+00
   346     2.6303E+00  2.5119E+00     4.6058E-02     0.0000E+00     0.0000E+00
   347     2.5119E+00  2.3988E+00     4.6071E-02     0.0000E+00     0.0000E+00
   348     2.3988E+00  2.2909E+00     4.6024E-02     0.0000E+00     0.0000E+00
   349     2.2909E+00  2.1878E+00     4.6048E-02     0.0000E+00     0.0000E+00
   350     2.1878E+00  2.0893E+00     4.6067E-02     0.0000E+00     0.0000E+00
   351     2.0893E+00  1.9953E+00     4.6035E-02     0.0000E+00     0.0000E+00
   352     1.9953E+00  1.9055E+00     4.6050E-02     0.0000E+00     0.0000E+00
   353     1.9055E+00  1.8197E+00     4.6073E-02     0.0000E+00     0.0000E+00
   354     1.8197E+00  1.7378E+00     4.6052E-02     0.0000E+00     0.0000E+00
   355     1.7378E+00  1.6596E+00     4.6043E-02     0.0000E+00     0.0000E+00
   356     1.6596E+00  1.5849E+00     4.6055E-02     0.0000E+00     0.0000E+00
   357     1.5849E+00  1.5136E+00     4.6030E-02     0.0000E+00     0.0000E+00
   358     1.5136E+00  1.4454E+00     4.6105E-02     0.0000E+00     0.0000E+00
   359     1.4454E+00  1.3804E+00     4.6013E-02     0.0000E+00     0.0000E+00
   360     1.3804E+00  1.3183E+00     4.6030E-02     0.0000E+00     0.0000E+00
   361     1.3183E+00  1.2589E+00     4.6105E-02     0.0000E+00     0.0000E+00
   362     1.2589E+00  1.2023E+00     4.6002E-02     0.0000E+00     0.0000E+00
   363     1.2023E+00  1.1481E+00     4.6128E-02     0.0000E+00     0.0000E+00
   364     1.1481E+00  1.0965E+00     4.5985E-02     0.0000E+00     0.0000E+00
   365     1.0965E+00  1.0471E+00     4.6099E-02     0.0000E+00     0.0000E+00
   366     1.0471E+00  1.0000E+00     4.6024E-02     0.0000E+00     0.0000E+00
   367     1.0000E+00  9.5499E-01     4.6054E-02     0.0000E+00     0.0000E+00
   368     9.5499E-01  9.1201E-01     4.6050E-02     0.0000E+00     0.0000E+00
   369     9.1201E-01  8.7096E-01     4.6055E-02     0.0000E+00     0.0000E+00
   370     8.7096E-01  8.3176E-01     4.6052E-02     0.0000E+00     0.0000E+00
   371     8.3176E-01  7.9433E-01     4.6045E-02     0.0000E+00     0.0000E+00
   372     7.9433E-01  7.5858E-01     4.6051E-02     0.0000E+00     0.0000E+00
   373     7.5858E-01  7.2444E-01     4.6049E-02     0.0000E+00     0.0000E+00
   374     7.2444E-01  6.9183E-01     4.6059E-02     0.0000E+00     0.0000E+00
   375     6.9183E-01  6.6069E-01     4.6056E-02     0.0000E+00     0.0000E+00
   376     6.6069E-01  6.3096E-01     4.6042E-02     0.0000E+00     0.0000E+00
   377     6.3096E-01  6.0256E-01     4.6055E-02     0.0000E+00     0.0000E+00
   378     6.0256E-01  5.7544E-01     4.6052E-02     0.0000E+00     0.0000E+00
   379     5.7544E-01  5.4954E-01     4.6053E-02     0.0000E+00     0.0000E+00
   380     5.4954E-01  5.2481E-01     4.6045E-02     0.0000E+00     0.0000E+00
   381     5.2481E-01  5.0119E-01     4.6051E-02     0.0000E+00     0.0000E+00
   382     5.0119E-01  4.7863E-01     4.6057E-02     0.0000E+00     0.0000E+00
   383     4.7863E-01  4.5709E-01     4.6048E-02     0.0000E+00     0.0000E+00
   384     4.5709E-01  4.3652E-01     4.6046E-02     0.0000E+00     0.0000E+00
   385     4.3652E-01  4.1687E-01     4.6060E-02     0.0000E+00     0.0000E+00
   386     4.1687E-01  3.9811E-01     4.6046E-02     0.0000E+00     0.0000E+00
   387     3.9811E-01  3.8019E-01     4.6057E-02     0.0000E+00     0.0000E+00
   388     3.8019E-01  3.6308E-01     4.6048E-02     0.0000E+00     0.0000E+00
   389     3.6308E-01  3.4674E-01     4.6048E-02     0.0000E+00     0.0000E+00
   390     3.4674E-01  3.3113E-01     4.6064E-02     0.0000E+00     0.0000E+00
   391     3.3113E-01  3.1623E-01     4.6041E-02     0.0000E+00     0.0000E+00
   392     3.1623E-01  3.0199E-01     4.6076E-02     0.0000E+00     0.0000E+00
   393     3.0199E-01  2.8840E-01     4.6045E-02     0.0000E+00     0.0000E+00
   394     2.8840E-01  2.7542E-01     4.6051E-02     0.0000E+00     0.0000E+00
   395     2.7542E-01  2.6303E-01     4.6029E-02     0.0000E+00     0.0000E+00
   396     2.6303E-01  2.5119E-01     4.6058E-02     0.0000E+00     0.0000E+00
   397     2.5119E-01  2.3988E-01     4.6071E-02     0.0000E+00     0.0000E+00
   398     2.3988E-01  2.2909E-01     4.6024E-02     0.0000E+00     0.0000E+00
   399     2.2909E-01  2.1878E-01     4.6048E-02     0.0000E+00     0.0000E+00
   400     2.1878E-01  2.0893E-01     4.6067E-02     0.0000E+00     0.0000E+00
   401     2.0893E-01  1.9953E-01     4.6035E-02     0.0000E+00     0.0000E+00
   402     1.9953E-01  1.9055E-01     4.6050E-02     0.0000E+00     0.0000E+00
   403     1.9055E-01  1.8197E-01     4.6073E-02     0.0000E+00     0.0000E+00
   404     1.8197E-01  1.7378E-01     4.6052E-02     0.0000E+00     0.0000E+00
   405     1.7378E-01  1.6596E-01     4.6043E-02     0.0000E+00     0.0000E+00
   406     1.6596E-01  1.5849E-01     4.6055E-02     0.0000E+00     0.0000E+00
   407     1.5849E-01  1.5136E-01     4.6030E-02     0.0000E+00     0.0000E+00
   408     1.5136E-01  1.4454E-01     4.6105E-02     0.0000E+00     0.0000E+00
   409     1.4454E-01  1.3804E-01     4.6013E-02     0.0000E+00     0.0000E+00
   410     1.3804E-01  1.3183E-01     4.6030E-02     0.0000E+00     0.0000E+00
   411     1.3183E-01  1.2589E-01     4.6105E-02     0.0000E+00     0.0000E+00
   412     1.2589E-01  1.2023E-01     4.6002E-02     0.0000E+00     0.0000E+00
   413     1.2023E-01  1.1481E-01     4.6128E-02     0.0000E+00     0.0000E+00
   414     1.1481E-01  1.0965E-01     4.5985E-02     0.0000E+00     0.0000E+00
   415     1.0965E-01  1.0471E-01     4.6099E-02     0.0000E+00     0.0000E+00
   416     1.0471E-01  1.0000E-01     4.6024E-02     0.0000E+00     0.0000E+00
   417     1.0000E-01  9.5499E-02     4.6054E-02     0.0000E+00     0.0000E+00
   418     9.5499E-02  9.1201E-02     4.6050E-02     0.0000E+00     0.0000E+00
   419     9.1201E-02  8.7096E-02     4.6055E-02     0.0000E+00     0.0000E+00
   420     8.7096E-02  8.3176E-02     4.6052E-02     0.0000E+00     0.0000E+00
   421     8.3176E-02  7.9433E-02     4.6045E-02     0.0000E+00     0.0000E+00
   422     7.9433E-02  7.5858E-02     4.6051E-02     0.0000E+00     0.0000E+00
   423     7.5858E-02  7.2444E-02     4.6049E-02     0.0000E+00     0.0000E+00
   424     7.2444E-02  6.9183E-02     4.6059E-02     0.0000E+00     0.0000E+00
   425     6.9183E-02  6.6069E-02     4.6056E-02     0.0000E+00     0.0000E+00
   426     6.6069E-02  6.3096E-02     4.6042E-02     0.0000E+00     0.0000E+00
   427     6.3096E-02  6.0256E-02     4.6055E-02     0.0000E+00     0.0000E+00
   428     6.0256E-02  5.7544E-02     4.6052E-02     0.0000E+00     0.0000E+00
   429     5.7544E-02  5.4954E-02     4.6053E-02     0.0000E+00     0.0000E+00
   430     5.4954E-02  5.2481E-02     4.6045E-02     0.0000E+00     0.0000E+00
   431     5.2481E-02  5.0119E-02     4.6051E-02     0.0000E+00     0.0000E+00
   432     5.0119E-02  4.7863E-02     4.6057E-02     0.0000E+00     0.0000E+00
   433     4.7863E-02  4.5709E-02     4.6048E-02     0.0000E+00     0.0000E+00
   434     4.5709E-02  4.3652E-02     4.6046E-02     0.0000E+00     0.0000E+00
   435     4.3652E-02  4.1687E-02     4.6060E-02     0.0000E+00     0.0000E+00
   436     4.1687E-02  3.9811E-02     4.6046E-02     0.0000E+00     0.0000E+00
   437     3.9811E-02  3.8019E-02     4.6057E-02     0.0000E+00     0.0000E+00
   438     3.8019E-02  3.6308E-02     4.6048E-02     0.0000E+00     0.0000E+00
   439     3.6308E-02  3.4674E-02     4.6048E-02     0.0000E+00     0.0000E+00
   440     3.4674E-02  3.3113E-02     4.6064E-02     0.0000E+00     0.0000E+00
   441     3.3113E-02  3.1623E-02     4.6041E-02     0.0000E+00     0.0000E+00
   442     3.1623E-02  3.0199E-02     4.6076E-02     0.0000E+00     0.0000E+00
   443     3.0199E-02  2.8840E-02     4.6045E-02     0.0000E+00     0.0000E+00
   444     2.8840E-02  2.7542E-02     4.6051E-02     0.0000E+00     0.0000E+00
   445     2.7542E-02  2.6303E-02     4.6029E-02     0.0000E+00     0.0000E+00
   446     2.6303E-02  2.5119E-02     4.6058E-02     0.0000E+00     0.0000E+00
   447     2.5119E-02  2.3988E-02     4.6071E-02     0.0000E+00     0.0000E+00
   448     2.3988E-02  2.2909E-02     4.6024E-02     0.0000E+00     0.0000E+00
   449     2.2909E-02  2.1878E-02     4.6048E-02     0.0000E+00     0.0000E+00
   450     2.1878E-02  2.0893E-02     4.6067E-02     0.0000E+00     0.0000E+00
   451     2.0893E-02  1.9953E-02     4.6035E-02     0.0000E+00     0.0000E+00
   452     1.9953E-02  1.9055E-02     4.6050E-02     0.0000E+00     0.0000E+00
   453     1.9055E-02  1.8197E-02     4.6073E-02     0.0000E+00     0.0000E+00
   454     1.8197E-02  1.7378E-02     4.6052E-02     0.0000E+00     0.0000E+00
   455     1.7378E-02  1.6596E-02     4.6043E-02     0.0000E+00     0.0000E+00
   456     1.6596E-02  1.5849E-02     4.6055E-02     0.0000E+00     0.0000E+00
   457     1.5849E-02  1.5136E-02     4.6030E-02     0.0000E+00     0.0000E+00
   458     1.5136E-02  1.4454E-02     4.6105E-02     0.0000E+00     0.0000E+00
   459     1.4454E-02  1.3804E-02     4.6013E-02     0.0000E+00     0.0000E+00
   460     1.3804E-02  1.3183E-02     4.6030E-02     0.0000E+00     0.0000E+00
   461     1.3183E-02  1.2589E-02     4.6105E-02     0.0000E+00     0.0000E+00
   462     1.2589E-02  1.2023E-02     4.6002E-02     0.0000E+00     0.0000E+00
   463     1.2023E-02  1.1481E-02     4.6128E-02     0.0000E+00     0.0000E+00
   464     1.1481E-02  1.0965E-02     4.5985E-02     0.0000E+00     0.0000E+00
   465     1.0965E-02  1.0471E-02     4.6099E-02     0.0000E+00     0.0000E+00
   466     1.0471E-02  1.0000E-02     4.6024E-02     0.0000E+00     0.0000E+00
   467     1.0000E-02  9.5499E-03     4.6054E-02     0.0000E+00     0.0000E+00
   468     9.5499E-03  9.1201E-03     4.6050E-02     0.0000E+00     0.0000E+00
   469     9.1201E-03  8.7096E-03     4.6055E-02     0.0000E+00     0.0000E+00
   470     8.7096E-03  8.3176E-03     4.6052E-02     0.0000E+00     0.0000E+00
   471     8.3176E-03  7.9433E-03     4.6045E-02     0.0000E+00     0.0000E+00
   472     7.9433E-03  7.5858E-03     4.6051E-02     0.0000E+00     0.0000E+00
   473     7.5858E-03  7.2444E-03     4.6049E-02     0.0000E+00     0.0000E+00
   474     7.2444E-03  6.9183E-03     4.6059E-02     0.0000E+00     0.0000E+00
   475     6.9183E-03  6.6069E-03     4.6056E-02     0.0000E+00     0.0000E+00
   476     6.6069E-03  6.3096E-03     4.6042E-02     0.0000E+00     0.0000E+00
   477     6.3096E-03  6.0256E-03     4.6055E-02     0.0000E+00     0.0000E+00
   478     6.0256E-03  5.7544E-03     4.6052E-02     0.0000E+00     0.0000E+00
   479     5.7544E-03  5.4954E-03     4.6053E-02     0.0000E+00     0.0000E+00
   480     5.4954E-03  5.2481E-03     4.6045E-02     0.0000E+00     0.0000E+00
   481     5.2481E-03  5.0119E-03     4.6051E-02     0.0000E+00     0.0000E+00
   482     5.0119E-03  4.7863E-03     4.6057E-02     0.0000E+00     0.0000E+00
   483     4.7863E-03  4.5709E-03     4.6048E-02     0.0000E+00     0.0000E+00
   484     4.5709E-03  4.3652E-03     4.6046E-02     0.0000E+00     0.0000E+00
   485     4.3652E-03  4.1687E-03     4.6060E-02     0.0000E+00     0.0000E+00
   486     4.1687E-03  3.9811E-03     4.6046E-02     0.0000E+00     0.0000E+00
   487     3.9811E-03  3.8019E-03     4.6057E-02     0.0000E+00     0.0000E+00
   488     3.8019E-03  3.6308E-03     4.6048E-02     0.0000E+00     0.0000E+00
   489     3.6308E-03  3.4674E-03     4.6048E-02     0.0000E+00     0.0000E+00
   490     3.4674E-03  3.3113E-03     4.6064E-02     0.0000E+00     0.0000E+00
   491     3.3113E-03  3.1623E-03     4.6041E-02     0.0000E+00     0.0000E+00
   492     3.1623E-03  3.0200E-03     4.6043E-02     0.0000E+00     0.0000E+00
   493     3.0200E-03  2.8840E-03     4.6079E-02     0.0000E+00     0.0000E+00
   494     2.8840E-03  2.7542E-03     4.6051E-02     0.0000E+00     0.0000E+00
   495     2.7542E-03  2.6303E-03     4.6029E-02     0.0000E+00     0.0000E+00
   496     2.6303E-03  2.5119E-03     4.6058E-02     0.0000E+00     0.0000E+00
   497     2.5119E-03  2.3988E-03     4.6071E-02     0.0000E+00     0.0000E+00
   498     2.3988E-03  2.2909E-03     4.6024E-02     0.0000E+00     0.0000E+00
   499     2.2909E-03  2.1878E-03     4.6048E-02     0.0000E+00     0.0000E+00
   500     2.1878E-03  2.0893E-03     4.6067E-02     0.0000E+00     0.0000E+00
   501     2.0893E-03  1.9953E-03     4.6035E-02     0.0000E+00     0.0000E+00
   502     1.9953E-03  1.9055E-03     4.6050E-02     0.0000E+00     0.0000E+00
   503     1.9055E-03  1.8197E-03     4.6073E-02     0.0000E+00     0.0000E+00
   504     1.8197E-03  1.7378E-03     4.6052E-02     0.0000E+00     0.0000E+00
   505     1.7378E-03  1.6596E-03     4.6043E-02     0.0000E+00     0.0000E+00
   506     1.6596E-03  1.5849E-03     4.6055E-02     0.0000E+00     0.0000E+00
   507     1.5849E-03  1.5136E-03     4.6030E-02     0.0000E+00     0.0000E+00
   508     1.5136E-03  1.4454E-03     4.6105E-02     0.0000E+00     0.0000E+00
   509     1.4454E-03  1.3804E-03     4.6013E-02     0.0000E+00     0.0000E+00
   510     1.3804E-03  1.3183E-03     4.6030E-02     0.0000E+00     0.0000E+00
   511     1.3183E-03  1.2589E-03     4.6105E-02     0.0000E+00     0.0000E+00
   512     1.2589E-03  1.2023E-03     4.6002E-02     0.0000E+00     0.0000E+00
   513     1.2023E-03  1.1482E-03     4.6041E-02     0.0000E+00     0.0000E+00
   514     1.1482E-03  1.0965E-03     4.6072E-02     0.0000E+00     0.0000E+00
   515     1.0965E-03  1.0471E-03     4.6099E-02     0.0000E+00     0.0000E+00
   516     1.0471E-03  1.0000E-03     4.6024E-02     0.0000E+00     0.0000E+00
   517     1.0000E-03  9.5499E-04     4.6054E-02     0.0000E+00     0.0000E+00
   518     9.5499E-04  9.1201E-04     4.6050E-02     0.0000E+00     0.0000E+00
   519     9.1201E-04  8.7096E-04     4.6055E-02     0.0000E+00     0.0000E+00
   520     8.7096E-04  8.3176E-04     4.6052E-02     0.0000E+00     0.0000E+00
   521     8.3176E-04  7.9433E-04     4.6045E-02     0.0000E+00     0.0000E+00
   522     7.9433E-04  7.5858E-04     4.6051E-02     0.0000E+00     0.0000E+00
   523     7.5858E-04  7.2444E-04     4.6049E-02     0.0000E+00     0.0000E+00
   524     7.2444E-04  6.9183E-04     4.6059E-02     0.0000E+00     0.0000E+00
   525     6.9183E-04  6.6069E-04     4.6056E-02     0.0000E+00     0.0000E+00
   526     6.6069E-04  6.3096E-04     4.6042E-02     0.0000E+00     0.0000E+00
   527     6.3096E-04  6.0256E-04     4.6055E-02     0.0000E+00     0.0000E+00
   528     6.0256E-04  5.7544E-04     4.6052E-02     0.0000E+00     0.0000E+00
   529     5.7544E-04  5.4954E-04     4.6053E-02     0.0000E+00     0.0000E+00
   530     5.4954E-04  5.2481E-04     4.6045E-02     0.0000E+00     0.0000E+00
   531     5.2481E-04  5.0119E-04     4.6051E-02     0.0000E+00     0.0000E+00
   532     5.0119E-04  4.7863E-04     4.6057E-02     0.0000E+00     0.0000E+00
   533     4.7863E-04  4.5709E-04     4.6048E-02     0.0000E+00     0.0000E+00
   534     4.5709E-04  4.3652E-04     4.6046E-02     0.0000E+00     0.0000E+00
   535     4.3652E-04  4.1687E-04     4.6060E-02     0.0000E+00     0.0000E+00
   536     4.1687E-04  3.9811E-04     4.6046E-02     0.0000E+00     0.0000E+00
   537     3.9811E-04  3.8019E-04     4.6057E-02     0.0000E+00     0.0000E+00
   538     3.8019E-04  3.6308E-04     4.6048E-02     0.0000E+00     0.0000E+00
   539     3.6308E-04  3.4674E-04     4.6048E-02     0.0000E+00     0.0000E+00
   540     3.4674E-04  3.3113E-04     4.6064E-02     0.0000E+00     0.0000E+00
   541     3.3113E-04  3.1623E-04     4.6041E-02     0.0000E+00     0.0000E+00
   542     3.1623E-04  3.0199E-04     4.6076E-02     0.0000E+00     0.0000E+00
   543     3.0199E-04  2.8840E-04     4.6045E-02     0.0000E+00     0.0000E+00
   544     2.8840E-04  2.7542E-04     4.6051E-02     0.0000E+00     0.0000E+00
   545     2.7542E-04  2.6303E-04     4.6029E-02     0.0000E+00     0.0000E+00
   546     2.6303E-04  2.5119E-04     4.6058E-02     0.0000E+00     0.0000E+00
   547     2.5119E-04  2.3988E-04     4.6071E-02     0.0000E+00     0.0000E+00
   548     2.3988E-04  2.2909E-04     4.6024E-02     0.0000E+00     0.0000E+00
   549     2.2909E-04  2.1878E-04     4.6048E-02     0.0000E+00     0.0000E+00
   550     2.1878E-04  2.0893E-04     4.6067E-02     0.0000E+00     0.0000E+00
   551     2.0893E-04  1.9953E-04     4.6035E-02     0.0000E+00     0.0000E+00
   552     1.9953E-04  1.9055E-04     4.6050E-02     0.0000E+00     0.0000E+00
   553     1.9055E-04  1.8197E-04     4.6073E-02     0.0000E+00     0.0000E+00
   554     1.8197E-04  1.7378E-04     4.6052E-02     0.0000E+00     0.0000E+00
   555     1.7378E-04  1.6596E-04     4.6043E-02     0.0000E+00     0.0000E+00
   556     1.6596E-04  1.5849E-04     4.6055E-02     0.0000E+00     0.0000E+00
   557     1.5849E-04  1.5136E-04     4.6030E-02     0.0000E+00     0.0000E+00
   558     1.5136E-04  1.4454E-04     4.6105E-02     0.0000E+00     0.0000E+00
   559     1.4454E-04  1.3804E-04     4.6013E-02     0.0000E+00     0.0000E+00
   560     1.3804E-04  1.3183E-04     4.6030E-02     0.0000E+00     0.0000E+00
   561     1.3183E-04  1.2589E-04     4.6105E-02     0.0000E+00     0.0000E+00
   562     1.2589E-04  1.2023E-04     4.6002E-02     0.0000E+00     0.0000E+00
   563     1.2023E-04  1.1482E-04     4.6041E-02     0.0000E+00     0.0000E+00
   564     1.1482E-04  1.0965E-04     4.6072E-02     0.0000E+00     0.0000E+00
   565     1.0965E-04  1.0471E-04     4.6099E-02     0.0000E+00     0.0000E+00
   566     1.0471E-04  1.0000E-04     4.6024E-02     0.0000E+00     0.0000E+00
   567     1.0000E-04  9.5499E-05     4.6054E-02     0.0000E+00     0.0000E+00
   568     9.5499E-05  9.1201E-05     4.6050E-02     0.0000E+00     0.0000E+00
   569     9.1201E-05  8.7096E-05     4.6055E-02     0.0000E+00     0.0000E+00
   570     8.7096E-05  8.3176E-05     4.6052E-02     0.0000E+00     0.0000E+00
   571     8.3176E-05  7.9433E-05     4.6045E-02     0.0000E+00     0.0000E+00
   572     7.9433E-05  7.5858E-05     4.6051E-02     0.0000E+00     0.0000E+00
   573     7.5858E-05  7.2444E-05     4.6049E-02     0.0000E+00     0.0000E+00
   574     7.2444E-05  6.9183E-05     4.6059E-02     0.0000E+00     0.0000E+00
   575     6.9183E-05  6.6069E-05     4.6056E-02     0.0000E+00     0.0000E+00
   576     6.6069E-05  6.3096E-05     4.6042E-02     0.0000E+00     0.0000E+00
   577     6.3096E-05  6.0256E-05     4.6055E-02     0.0000E+00     0.0000E+00
   578     6.0256E-05  5.7544E-05     4.6052E-02     0.0000E+00     0.0000E+00
   579     5.7544E-05  5.4954E-05     4.6053E-02     0.0000E+00     0.0000E+00
   580     5.4954E-05  5.2481E-05     4.6045E-02     0.0000E+00     0.0000E+00
   581     5.2481E-05  5.0119E-05     4.6051E-02     0.0000E+00     0.0000E+00
   582     5.0119E-05  4.7863E-05     4.6057E-02     0.0000E+00     0.0000E+00
   583     4.7863E-05  4.5709E-05     4.6048E-02     0.0000E+00     0.0000E+00
   584     4.5709E-05  4.3652E-05     4.6046E-02     0.0000E+00     0.0000E+00
   585     4.3652E-05  4.1687E-05     4.6060E-02     0.0000E+00     0.0000E+00
   586     4.1687E-05  3.9811E-05     4.6046E-02     0.0000E+00     0.0000E+00
   587     3.9811E-05  3.8019E-05     4.6057E-02     0.0000E+00     0.0000E+00
   588     3.8019E-05  3.6308E-05     4.6048E-02     0.0000E+00     0.0000E+00
   589     3.6308E-05  3.4674E-05     4.6048E-02     0.0000E+00     0.0000E+00
   590     3.4674E-05  3.3113E-05     4.6064E-02     0.0000E+00     0.0000E+00
   591     3.3113E-05  3.1623E-05     4.6041E-02     0.0000E+00     0.0000E+00
   592     3.1623E-05  3.0199E-05     4.6076E-02     0.0000E+00     0.0000E+00
   593     3.0199E-05  2.8840E-05     4.6045E-02     0.0000E+00     0.0000E+00
   594     2.8840E-05  2.7542E-05     4.6051E-02     0.0000E+00     0.0000E+00
   595     2.7542E-05  2.6303E-05     4.6029E-02     0.0000E+00     0.0000E+00
   596     2.6303E-05  2.5119E-05     4.6058E-02     0.0000E+00     0.0000E+00
   597     2.5119E-05  2.3988E-05     4.6071E-02     0.0000E+00     0.0000E+00
   598     2.3988E-05  2.2909E-05     4.6024E-02     0.0000E+00     0.0000E+00
   599     2.2909E-05  2.1878E-05     4.6048E-02     0.0000E+00     0.0000E+00
   600     2.1878E-05  2.0893E-05     4.6067E-02     0.0000E+00     0.0000E+00
   601     2.0893E-05  1.9953E-05     4.6035E-02     0.0000E+00     0.0000E+00
   602     1.9953E-05  1.9055E-05     4.6050E-02     0.0000E+00     0.0000E+00
   603     1.9055E-05  1.8197E-05     4.6073E-02     0.0000E+00     0.0000E+00
   604     1.8197E-05  1.7378E-05     4.6052E-02     0.0000E+00     0.0000E+00
   605     1.7378E-05  1.6596E-05     4.6043E-02     0.0000E+00     0.0000E+00
   606     1.6596E-05  1.5849E-05     4.6055E-02     0.0000E+00     0.0000E+00
   607     1.5849E-05  1.5136E-05     4.6030E-02     0.0000E+00     0.0000E+00
   608     1.5136E-05  1.4454E-05     4.6105E-02     0.0000E+00     0.0000E+00
   609     1.4454E-05  1.3804E-05     4.6013E-02     0.0000E+00     0.0000E+00
   610     1.3804E-05  1.3183E-05     4.6030E-02     0.0000E+00     0.0000E+00
   611     1.3183E-05  1.2589E-05     4.6105E-02     0.0000E+00     0.0000E+00
   612     1.2589E-05  1.2023E-05     4.6002E-02     0.0000E+00     0.0000E+00
   613     1.2023E-05  1.1482E-05     4.6041E-02     0.0000E+00     0.0000E+00
   614     1.1482E-05  1.0965E-05     4.6072E-02     0.0000E+00     0.0000E+00
   615     1.0965E-05  1.0471E-05     4.6099E-02     0.0000E+00     0.0000E+00
   616     1.0471E-05  1.0000E-05     4.6024E-02     0.0000E+00     0.0000E+00
  TOTAL                                              8.7129E+14
