  GROUP      UPPER       LOWER         LETHARGY         DATA        DATA/LETHARGY

     1     2.0000E+07  1.9953E+07     2.3528E-03     0.0000E+00     0.0000E+00
     2     1.9953E+07  1.9055E+07     4.6050E-02     0.0000E+00     0.0000E+00
     3     1.9055E+07  1.8197E+07     4.6073E-02     0.0000E+00     0.0000E+00
     4     1.8197E+07  1.7378E+07     4.6052E-02     0.0000E+00     0.0000E+00
     5     1.7378E+07  1.6596E+07     4.6043E-02     0.0000E+00     0.0000E+00
     6     1.6596E+07  1.5849E+07     4.6055E-02     0.0000E+00     0.0000E+00
     7     1.5849E+07  1.5136E+07     4.6030E-02     3.1066E+09     6.7489E+10
     8     1.5136E+07  1.4454E+07     4.6105E-02     5.8900E+12     1.2775E+14
     9     1.4454E+07  1.3804E+07     4.6013E-02     5.6420E+13     1.2262E+15
    10     1.3804E+07  1.3183E+07     4.6030E-02     1.4497E+13     3.1494E+14
    11     1.3183E+07  1.2589E+07     4.6105E-02     1.8868E+12     4.0924E+13
    12     1.2589E+07  1.2023E+07     4.6002E-02     9.2592E+11     2.0128E+13
    13     1.2023E+07  1.1482E+07     4.6041E-02     5.3255E+11     1.1567E+13
    14     1.1482E+07  1.0965E+07     4.6072E-02     5.6783E+11     1.2325E+13
    15     1.0965E+07  1.0471E+07     4.6099E-02     7.4128E+11     1.6080E+13
    16     1.0471E+07  1.0000E+07     4.6024E-02     8.6980E+11     1.8899E+13
    17     1.0000E+07  9.5499E+06     4.6054E-02     9.1598E+11     1.9889E+13
    18     9.5499E+06  9.1201E+06     4.6050E-02     9.8189E+11     2.1322E+13
    19     9.1201E+06  8.7096E+06     4.6055E-02     9.2773E+11     2.0144E+13
    20     8.7096E+06  8.3176E+06     4.6052E-02     7.8651E+11     1.7079E+13
    21     8.3176E+06  7.9433E+06     4.6045E-02     7.6556E+11     1.6626E+13
    22     7.9433E+06  7.5858E+06     4.6051E-02     7.7222E+11     1.6769E+13
    23     7.5858E+06  7.2444E+06     4.6049E-02     7.8929E+11     1.7140E+13
    24     7.2444E+06  6.9183E+06     4.6059E-02     7.8307E+11     1.7002E+13
    25     6.9183E+06  6.6069E+06     4.6056E-02     7.6542E+11     1.6620E+13
    26     6.6069E+06  6.3096E+06     4.6042E-02     7.8337E+11     1.7014E+13
    27     6.3096E+06  6.0256E+06     4.6055E-02     8.1931E+11     1.7790E+13
    28     6.0256E+06  5.7544E+06     4.6052E-02     8.5307E+11     1.8524E+13
    29     5.7544E+06  5.4954E+06     4.6053E-02     8.9670E+11     1.9471E+13
    30     5.4954E+06  5.2481E+06     4.6045E-02     9.4068E+11     2.0429E+13
    31     5.2481E+06  5.0119E+06     4.6051E-02     9.7926E+11     2.1265E+13
    32     5.0119E+06  4.7863E+06     4.6057E-02     1.0160E+12     2.2059E+13
    33     4.7863E+06  4.5709E+06     4.6048E-02     1.0597E+12     2.3013E+13
    34     4.5709E+06  4.3652E+06     4.6046E-02     1.0870E+12     2.3608E+13
    35     4.3652E+06  4.1687E+06     4.6060E-02     1.1222E+12     2.4365E+13
    36     4.1687E+06  3.9811E+06     4.6046E-02     1.1686E+12     2.5379E+13
    37     3.9811E+06  3.8019E+06     4.6057E-02     1.1800E+12     2.5620E+13
    38     3.8019E+06  3.6308E+06     4.6048E-02     1.2066E+12     2.6204E+13
    39     3.6308E+06  3.4674E+06     4.6048E-02     1.2322E+12     2.6759E+13
    40     3.4674E+06  3.3113E+06     4.6064E-02     1.2784E+12     2.7752E+13
    41     3.3113E+06  3.1623E+06     4.6041E-02     1.3211E+12     2.8694E+13
    42     3.1623E+06  3.0200E+06     4.6043E-02     1.3731E+12     2.9821E+13
    43     3.0200E+06  2.8840E+06     4.6079E-02     1.4492E+12     3.1450E+13
    44     2.8840E+06  2.7542E+06     4.6051E-02     1.4825E+12     3.2193E+13
    45     2.7542E+06  2.6303E+06     4.6029E-02     1.6050E+12     3.4869E+13
    46     2.6303E+06  2.5119E+06     4.6058E-02     1.6837E+12     3.6556E+13
    47     2.5119E+06  2.3988E+06     4.6071E-02     1.8688E+12     4.0564E+13
    48     2.3988E+06  2.2909E+06     4.6024E-02     1.9868E+12     4.3168E+13
    49     2.2909E+06  2.1878E+06     4.6048E-02     2.0125E+12     4.3705E+13
    50     2.1878E+06  2.0893E+06     4.6067E-02     2.1239E+12     4.6104E+13
    51     2.0893E+06  1.9953E+06     4.6035E-02     2.1440E+12     4.6574E+13
    52     1.9953E+06  1.9055E+06     4.6050E-02     2.1852E+12     4.7453E+13
    53     1.9055E+06  1.8197E+06     4.6073E-02     2.3530E+12     5.1072E+13
    54     1.8197E+06  1.7378E+06     4.6052E-02     2.7165E+12     5.8987E+13
    55     1.7378E+06  1.6596E+06     4.6043E-02     2.9254E+12     6.3535E+13
    56     1.6596E+06  1.5849E+06     4.6055E-02     2.7803E+12     6.0369E+13
    57     1.5849E+06  1.5136E+06     4.6030E-02     2.8482E+12     6.1877E+13
    58     1.5136E+06  1.4454E+06     4.6105E-02     2.9643E+12     6.4295E+13
    59     1.4454E+06  1.3804E+06     4.6013E-02     2.9066E+12     6.3170E+13
    60     1.3804E+06  1.3183E+06     4.6030E-02     3.1406E+12     6.8229E+13
    61     1.3183E+06  1.2589E+06     4.6105E-02     3.1010E+12     6.7260E+13
    62     1.2589E+06  1.2023E+06     4.6002E-02     3.2776E+12     7.1250E+13
    63     1.2023E+06  1.1482E+06     4.6041E-02     3.7897E+12     8.2311E+13
    64     1.1482E+06  1.0965E+06     4.6072E-02     3.5158E+12     7.6310E+13
    65     1.0965E+06  1.0471E+06     4.6099E-02     3.2402E+12     7.0287E+13
    66     1.0471E+06  1.0000E+06     4.6024E-02     3.2377E+12     7.0347E+13
    67     1.0000E+06  9.5499E+05     4.6054E-02     3.4939E+12     7.5864E+13
    68     9.5499E+05  9.1201E+05     4.6050E-02     3.8215E+12     8.2986E+13
    69     9.1201E+05  8.7096E+05     4.6055E-02     3.6340E+12     7.8906E+13
    70     8.7096E+05  8.3176E+05     4.6052E-02     3.6297E+12     7.8818E+13
    71     8.3176E+05  7.9433E+05     4.6045E-02     3.6039E+12     7.8268E+13
    72     7.9433E+05  7.5858E+05     4.6051E-02     3.6004E+12     7.8183E+13
    73     7.5858E+05  7.2444E+05     4.6049E-02     3.8142E+12     8.2829E+13
    74     7.2444E+05  6.9183E+05     4.6059E-02     4.8908E+12     1.0619E+14
    75     6.9183E+05  6.6069E+05     4.6056E-02     4.0965E+12     8.8947E+13
    76     6.6069E+05  6.3096E+05     4.6042E-02     4.9174E+12     1.0680E+14
    77     6.3096E+05  6.0256E+05     4.6055E-02     4.2031E+12     9.1262E+13
    78     6.0256E+05  5.7544E+05     4.6052E-02     3.8384E+12     8.3348E+13
    79     5.7544E+05  5.4954E+05     4.6053E-02     3.8710E+12     8.4055E+13
    80     5.4954E+05  5.2481E+05     4.6045E-02     3.8606E+12     8.3843E+13
    81     5.2481E+05  5.0119E+05     4.6051E-02     3.7848E+12     8.2187E+13
    82     5.0119E+05  4.7863E+05     4.6057E-02     3.9865E+12     8.6556E+13
    83     4.7863E+05  4.5709E+05     4.6048E-02     4.2921E+12     9.3211E+13
    84     4.5709E+05  4.3652E+05     4.6046E-02     3.8875E+12     8.4427E+13
    85     4.3652E+05  4.1687E+05     4.6060E-02     3.4777E+12     7.5505E+13
    86     4.1687E+05  3.9811E+05     4.6046E-02     3.3861E+12     7.3538E+13
    87     3.9811E+05  3.8019E+05     4.6057E-02     3.4267E+12     7.4401E+13
    88     3.8019E+05  3.6308E+05     4.6048E-02     5.2574E+12     1.1417E+14
    89     3.6308E+05  3.4674E+05     4.6048E-02     5.5630E+12     1.2081E+14
    90     3.4674E+05  3.3113E+05     4.6064E-02     4.4403E+12     9.6394E+13
    91     3.3113E+05  3.1623E+05     4.6041E-02     2.9276E+12     6.3587E+13
    92     3.1623E+05  3.0200E+05     4.6043E-02     6.2126E+12     1.3493E+14
    93     3.0200E+05  2.8840E+05     4.6079E-02     4.2245E+12     9.1680E+13
    94     2.8840E+05  2.7542E+05     4.6051E-02     2.4792E+12     5.3835E+13
    95     2.7542E+05  2.6303E+05     4.6029E-02     4.6843E+12     1.0177E+14
    96     2.6303E+05  2.5119E+05     4.6058E-02     3.3401E+12     7.2518E+13
    97     2.5119E+05  2.3988E+05     4.6071E-02     3.3306E+12     7.2293E+13
    98     2.3988E+05  2.2909E+05     4.6024E-02     3.3945E+12     7.3755E+13
    99     2.2909E+05  2.1878E+05     4.6048E-02     2.8652E+12     6.2222E+13
   100     2.1878E+05  2.0893E+05     4.6067E-02     3.9262E+12     8.5226E+13
   101     2.0893E+05  1.9953E+05     4.6035E-02     2.8652E+12     6.2241E+13
   102     1.9953E+05  1.9055E+05     4.6050E-02     2.1906E+12     4.7570E+13
   103     1.9055E+05  1.8197E+05     4.6073E-02     3.9751E+12     8.6280E+13
   104     1.8197E+05  1.7378E+05     4.6052E-02     4.3533E+12     9.4531E+13
   105     1.7378E+05  1.6596E+05     4.6043E-02     3.3751E+12     7.3302E+13
   106     1.6596E+05  1.5849E+05     4.6055E-02     3.8364E+12     8.3301E+13
   107     1.5849E+05  1.5136E+05     4.6030E-02     2.9520E+12     6.4131E+13
   108     1.5136E+05  1.4454E+05     4.6105E-02     2.1965E+12     4.7641E+13
   109     1.4454E+05  1.3804E+05     4.6013E-02     2.1529E+12     4.6790E+13
   110     1.3804E+05  1.3183E+05     4.6030E-02     5.6072E+12     1.2182E+14
   111     1.3183E+05  1.2589E+05     4.6105E-02     3.6395E+12     7.8941E+13
   112     1.2589E+05  1.2023E+05     4.6002E-02     3.5225E+12     7.6572E+13
   113     1.2023E+05  1.1482E+05     4.6041E-02     3.3135E+12     7.1968E+13
   114     1.1482E+05  1.0965E+05     4.6072E-02     2.9762E+12     6.4598E+13
   115     1.0965E+05  1.0471E+05     4.6099E-02     2.8007E+12     6.0754E+13
   116     1.0471E+05  1.0000E+05     4.6024E-02     2.5004E+12     5.4327E+13
   117     1.0000E+05  9.5499E+04     4.6054E-02     2.1391E+12     4.6447E+13
   118     9.5499E+04  9.1201E+04     4.6050E-02     2.8492E+12     6.1872E+13
   119     9.1201E+04  8.7096E+04     4.6055E-02     2.6686E+12     5.7945E+13
   120     8.7096E+04  8.3176E+04     4.6052E-02     1.4788E+12     3.2111E+13
   121     8.3176E+04  7.9433E+04     4.6045E-02     5.5043E+12     1.1954E+14
   122     7.9433E+04  7.5858E+04     4.6051E-02     2.9903E+12     6.4934E+13
   123     7.5858E+04  7.2444E+04     4.6049E-02     2.1135E+12     4.5897E+13
   124     7.2444E+04  6.9183E+04     4.6059E-02     3.9063E+12     8.4812E+13
   125     6.9183E+04  6.6069E+04     4.6056E-02     3.0488E+12     6.6199E+13
   126     6.6069E+04  6.3096E+04     4.6042E-02     2.6523E+12     5.7606E+13
   127     6.3096E+04  6.0256E+04     4.6055E-02     2.4899E+12     5.4063E+13
   128     6.0256E+04  5.7544E+04     4.6052E-02     2.4046E+12     5.2215E+13
   129     5.7544E+04  5.4954E+04     4.6053E-02     2.2787E+12     4.9479E+13
   130     5.4954E+04  5.2481E+04     4.6045E-02     1.9877E+12     4.3169E+13
   131     5.2481E+04  5.0119E+04     4.6051E-02     1.8975E+12     4.1205E+13
   132     5.0119E+04  4.7863E+04     4.6057E-02     2.7429E+12     5.9555E+13
   133     4.7863E+04  4.5709E+04     4.6048E-02     2.8399E+12     6.1674E+13
   134     4.5709E+04  4.3652E+04     4.6046E-02     2.6931E+12     5.8486E+13
   135     4.3652E+04  4.1687E+04     4.6060E-02     2.2976E+12     4.9882E+13
   136     4.1687E+04  3.9811E+04     4.6046E-02     2.2494E+12     4.8850E+13
   137     3.9811E+04  3.8019E+04     4.6057E-02     2.1829E+12     4.7396E+13
   138     3.8019E+04  3.6308E+04     4.6048E-02     2.0186E+12     4.3838E+13
   139     3.6308E+04  3.4674E+04     4.6048E-02     1.8956E+12     4.1167E+13
   140     3.4674E+04  3.3113E+04     4.6064E-02     1.7830E+12     3.8706E+13
   141     3.3113E+04  3.1623E+04     4.6041E-02     1.6107E+12     3.4983E+13
   142     3.1623E+04  3.0200E+04     4.6043E-02     1.2567E+12     2.7295E+13
   143     3.0200E+04  2.8840E+04     4.6079E-02     7.8041E+11     1.6936E+13
   144     2.8840E+04  2.7542E+04     4.6051E-02     3.6920E+11     8.0172E+12
   145     2.7542E+04  2.6303E+04     4.6029E-02     1.5959E+12     3.4672E+13
   146     2.6303E+04  2.5119E+04     4.6058E-02     5.2862E+12     1.1477E+14
   147     2.5119E+04  2.3988E+04     4.6071E-02     5.5320E+12     1.2008E+14
   148     2.3988E+04  2.2909E+04     4.6024E-02     2.9449E+12     6.3987E+13
   149     2.2909E+04  2.1878E+04     4.6048E-02     2.3273E+12     5.0541E+13
   150     2.1878E+04  2.0893E+04     4.6067E-02     1.8453E+12     4.0057E+13
   151     2.0893E+04  1.9953E+04     4.6035E-02     2.0403E+12     4.4320E+13
   152     1.9953E+04  1.9055E+04     4.6050E-02     2.1282E+12     4.6214E+13
   153     1.9055E+04  1.8197E+04     4.6073E-02     2.0164E+12     4.3765E+13
   154     1.8197E+04  1.7378E+04     4.6052E-02     1.9376E+12     4.2075E+13
   155     1.7378E+04  1.6596E+04     4.6043E-02     2.2205E+12     4.8225E+13
   156     1.6596E+04  1.5849E+04     4.6055E-02     2.1041E+12     4.5687E+13
   157     1.5849E+04  1.5136E+04     4.6030E-02     2.1215E+12     4.6090E+13
   158     1.5136E+04  1.4454E+04     4.6105E-02     2.0275E+12     4.3975E+13
   159     1.4454E+04  1.3804E+04     4.6013E-02     1.9189E+12     4.1703E+13
   160     1.3804E+04  1.3183E+04     4.6030E-02     1.7354E+12     3.7701E+13
   161     1.3183E+04  1.2589E+04     4.6105E-02     1.9528E+12     4.2356E+13
   162     1.2589E+04  1.2023E+04     4.6002E-02     1.8798E+12     4.0863E+13
   163     1.2023E+04  1.1482E+04     4.6041E-02     1.8417E+12     4.0001E+13
   164     1.1482E+04  1.0965E+04     4.6072E-02     1.7297E+12     3.7543E+13
   165     1.0965E+04  1.0471E+04     4.6099E-02     1.6392E+12     3.5557E+13
   166     1.0471E+04  1.0000E+04     4.6024E-02     1.6166E+12     3.5124E+13
   167     1.0000E+04  9.5499E+03     4.6054E-02     1.5328E+12     3.3282E+13
   168     9.5499E+03  9.1201E+03     4.6050E-02     1.3599E+12     2.9531E+13
   169     9.1201E+03  8.7096E+03     4.6055E-02     1.2430E+12     2.6990E+13
   170     8.7096E+03  8.3176E+03     4.6052E-02     1.0097E+12     2.1925E+13
   171     8.3176E+03  7.9433E+03     4.6045E-02     7.6496E+11     1.6613E+13
   172     7.9433E+03  7.5858E+03     4.6051E-02     7.7586E+11     1.6848E+13
   173     7.5858E+03  7.2444E+03     4.6049E-02     1.0785E+12     2.3420E+13
   174     7.2444E+03  6.9183E+03     4.6059E-02     1.4260E+12     3.0961E+13
   175     6.9183E+03  6.6069E+03     4.6056E-02     1.6734E+12     3.6335E+13
   176     6.6069E+03  6.3096E+03     4.6042E-02     1.5602E+12     3.3887E+13
   177     6.3096E+03  6.0256E+03     4.6055E-02     1.5210E+12     3.3025E+13
   178     6.0256E+03  5.7544E+03     4.6052E-02     1.8036E+12     3.9164E+13
   179     5.7544E+03  5.4954E+03     4.6053E-02     1.6979E+12     3.6867E+13
   180     5.4954E+03  5.2481E+03     4.6045E-02     1.6888E+12     3.6677E+13
   181     5.2481E+03  5.0119E+03     4.6051E-02     1.9635E+12     4.2637E+13
   182     5.0119E+03  4.7863E+03     4.6057E-02     1.7987E+12     3.9054E+13
   183     4.7863E+03  4.5709E+03     4.6048E-02     1.8250E+12     3.9632E+13
   184     4.5709E+03  4.3652E+03     4.6046E-02     1.6196E+12     3.5174E+13
   185     4.3652E+03  4.1687E+03     4.6060E-02     1.6130E+12     3.5021E+13
   186     4.1687E+03  3.9811E+03     4.6046E-02     1.4680E+12     3.1882E+13
   187     3.9811E+03  3.8019E+03     4.6057E-02     1.4866E+12     3.2277E+13
   188     3.8019E+03  3.6308E+03     4.6048E-02     1.8647E+12     4.0495E+13
   189     3.6308E+03  3.4674E+03     4.6048E-02     1.8887E+12     4.1016E+13
   190     3.4674E+03  3.3113E+03     4.6064E-02     1.8708E+12     4.0612E+13
   191     3.3113E+03  3.1623E+03     4.6041E-02     1.8366E+12     3.9891E+13
   192     3.1623E+03  3.0199E+03     4.6076E-02     1.7717E+12     3.8451E+13
   193     3.0199E+03  2.8840E+03     4.6045E-02     1.7537E+12     3.8086E+13
   194     2.8840E+03  2.7542E+03     4.6051E-02     1.6734E+12     3.6338E+13
   195     2.7542E+03  2.6303E+03     4.6029E-02     1.4570E+12     3.1655E+13
   196     2.6303E+03  2.5119E+03     4.6058E-02     1.3355E+12     2.8996E+13
   197     2.5119E+03  2.3988E+03     4.6071E-02     1.4254E+12     3.0940E+13
   198     2.3988E+03  2.2909E+03     4.6024E-02     1.3066E+12     2.8390E+13
   199     2.2909E+03  2.1878E+03     4.6048E-02     1.3781E+12     2.9928E+13
   200     2.1878E+03  2.0893E+03     4.6067E-02     1.4279E+12     3.0996E+13
   201     2.0893E+03  1.9953E+03     4.6035E-02     1.0044E+12     2.1819E+13
   202     1.9953E+03  1.9055E+03     4.6050E-02     1.7648E+12     3.8324E+13
   203     1.9055E+03  1.8197E+03     4.6073E-02     1.8010E+12     3.9090E+13
   204     1.8197E+03  1.7378E+03     4.6052E-02     1.7558E+12     3.8127E+13
   205     1.7378E+03  1.6596E+03     4.6043E-02     1.7098E+12     3.7135E+13
   206     1.6596E+03  1.5849E+03     4.6055E-02     1.6181E+12     3.5135E+13
   207     1.5849E+03  1.5136E+03     4.6030E-02     1.5766E+12     3.4252E+13
   208     1.5136E+03  1.4454E+03     4.6105E-02     1.5719E+12     3.4093E+13
   209     1.4454E+03  1.3804E+03     4.6013E-02     1.5241E+12     3.3123E+13
   210     1.3804E+03  1.3183E+03     4.6030E-02     1.5288E+12     3.3213E+13
   211     1.3183E+03  1.2589E+03     4.6105E-02     1.4994E+12     3.2523E+13
   212     1.2589E+03  1.2023E+03     4.6002E-02     1.5040E+12     3.2695E+13
   213     1.2023E+03  1.1481E+03     4.6128E-02     1.3661E+12     2.9615E+13
   214     1.1481E+03  1.0965E+03     4.5985E-02     1.1562E+12     2.5143E+13
   215     1.0965E+03  1.0471E+03     4.6099E-02     1.1660E+12     2.5293E+13
   216     1.0471E+03  1.0000E+03     4.6024E-02     1.3502E+12     2.9336E+13
   217     1.0000E+03  9.5499E+02     4.6054E-02     1.3336E+12     2.8956E+13
   218     9.5499E+02  9.1201E+02     4.6050E-02     1.3852E+12     3.0080E+13
   219     9.1201E+02  8.7096E+02     4.6055E-02     1.3692E+12     2.9730E+13
   220     8.7096E+02  8.3176E+02     4.6052E-02     1.3558E+12     2.9440E+13
   221     8.3176E+02  7.9433E+02     4.6045E-02     1.3216E+12     2.8703E+13
   222     7.9433E+02  7.5858E+02     4.6051E-02     1.3497E+12     2.9309E+13
   223     7.5858E+02  7.2444E+02     4.6049E-02     1.3110E+12     2.8470E+13
   224     7.2444E+02  6.9183E+02     4.6059E-02     1.3184E+12     2.8625E+13
   225     6.9183E+02  6.6069E+02     4.6056E-02     1.2874E+12     2.7954E+13
   226     6.6069E+02  6.3096E+02     4.6042E-02     1.2977E+12     2.8186E+13
   227     6.3096E+02  6.0256E+02     4.6055E-02     1.2837E+12     2.7874E+13
   228     6.0256E+02  5.7544E+02     4.6052E-02     1.1037E+12     2.3966E+13
   229     5.7544E+02  5.4954E+02     4.6053E-02     1.2408E+12     2.6944E+13
   230     5.4954E+02  5.2481E+02     4.6045E-02     1.2037E+12     2.6143E+13
   231     5.2481E+02  5.0119E+02     4.6051E-02     1.2125E+12     2.6330E+13
   232     5.0119E+02  4.7863E+02     4.6057E-02     1.2019E+12     2.6095E+13
   233     4.7863E+02  4.5709E+02     4.6048E-02     1.2152E+12     2.6390E+13
   234     4.5709E+02  4.3652E+02     4.6046E-02     1.2050E+12     2.6169E+13
   235     4.3652E+02  4.1687E+02     4.6060E-02     1.1818E+12     2.5658E+13
   236     4.1687E+02  3.9811E+02     4.6046E-02     1.1624E+12     2.5244E+13
   237     3.9811E+02  3.8019E+02     4.6057E-02     1.1244E+12     2.4413E+13
   238     3.8019E+02  3.6308E+02     4.6048E-02     1.0306E+12     2.2380E+13
   239     3.6308E+02  3.4674E+02     4.6048E-02     7.9980E+11     1.7369E+13
   240     3.4674E+02  3.3113E+02     4.6064E-02     5.1426E+11     1.1164E+13
   241     3.3113E+02  3.1623E+02     4.6041E-02     8.1194E+11     1.7635E+13
   242     3.1623E+02  3.0199E+02     4.6076E-02     1.1325E+12     2.4579E+13
   243     3.0199E+02  2.8840E+02     4.6045E-02     1.2335E+12     2.6789E+13
   244     2.8840E+02  2.7542E+02     4.6051E-02     1.2424E+12     2.6979E+13
   245     2.7542E+02  2.6303E+02     4.6029E-02     1.2412E+12     2.6964E+13
   246     2.6303E+02  2.5119E+02     4.6058E-02     1.2216E+12     2.6522E+13
   247     2.5119E+02  2.3988E+02     4.6071E-02     1.1801E+12     2.5614E+13
   248     2.3988E+02  2.2909E+02     4.6024E-02     1.1488E+12     2.4960E+13
   249     2.2909E+02  2.1878E+02     4.6048E-02     1.1132E+12     2.4175E+13
   250     2.1878E+02  2.0893E+02     4.6067E-02     1.1558E+12     2.5089E+13
   251     2.0893E+02  1.9953E+02     4.6035E-02     1.1286E+12     2.4516E+13
   252     1.9953E+02  1.9055E+02     4.6050E-02     1.1184E+12     2.4286E+13
   253     1.9055E+02  1.8197E+02     4.6073E-02     1.0146E+12     2.2022E+13
   254     1.8197E+02  1.7378E+02     4.6052E-02     1.1361E+12     2.4671E+13
   255     1.7378E+02  1.6596E+02     4.6043E-02     1.0960E+12     2.3804E+13
   256     1.6596E+02  1.5849E+02     4.6055E-02     1.0883E+12     2.3630E+13
   257     1.5849E+02  1.5136E+02     4.6030E-02     1.0712E+12     2.3272E+13
   258     1.5136E+02  1.4454E+02     4.6105E-02     1.0692E+12     2.3191E+13
   259     1.4454E+02  1.3804E+02     4.6013E-02     1.0670E+12     2.3189E+13
   260     1.3804E+02  1.3183E+02     4.6030E-02     1.0637E+12     2.3108E+13
   261     1.3183E+02  1.2589E+02     4.6105E-02     1.0602E+12     2.2996E+13
   262     1.2589E+02  1.2023E+02     4.6002E-02     1.0555E+12     2.2945E+13
   263     1.2023E+02  1.1482E+02     4.6041E-02     1.0338E+12     2.2454E+13
   264     1.1482E+02  1.0965E+02     4.6072E-02     1.0051E+12     2.1815E+13
   265     1.0965E+02  1.0471E+02     4.6099E-02     1.0148E+12     2.2014E+13
   266     1.0471E+02  1.0000E+02     4.6024E-02     9.9748E+11     2.1673E+13
   267     1.0000E+02  9.5499E+01     4.6054E-02     1.0022E+12     2.1762E+13
   268     9.5499E+01  9.1201E+01     4.6050E-02     9.9724E+11     2.1656E+13
   269     9.1201E+01  8.7096E+01     4.6055E-02     9.9556E+11     2.1617E+13
   270     8.7096E+01  8.3176E+01     4.6052E-02     9.9643E+11     2.1637E+13
   271     8.3176E+01  7.9433E+01     4.6045E-02     9.9407E+11     2.1589E+13
   272     7.9433E+01  7.5858E+01     4.6051E-02     9.9189E+11     2.1539E+13
   273     7.5858E+01  7.2444E+01     4.6049E-02     9.9081E+11     2.1516E+13
   274     7.2444E+01  6.9183E+01     4.6059E-02     9.9068E+11     2.1509E+13
   275     6.9183E+01  6.6069E+01     4.6056E-02     9.8701E+11     2.1431E+13
   276     6.6069E+01  6.3096E+01     4.6042E-02     9.7694E+11     2.1218E+13
   277     6.3096E+01  6.0256E+01     4.6055E-02     9.7444E+11     2.1158E+13
   278     6.0256E+01  5.7544E+01     4.6052E-02     9.7210E+11     2.1109E+13
   279     5.7544E+01  5.4954E+01     4.6053E-02     9.6864E+11     2.1033E+13
   280     5.4954E+01  5.2481E+01     4.6045E-02     9.6348E+11     2.0925E+13
   281     5.2481E+01  5.0119E+01     4.6051E-02     9.6058E+11     2.0859E+13
   282     5.0119E+01  4.7863E+01     4.6057E-02     9.3429E+11     2.0285E+13
   283     4.7863E+01  4.5709E+01     4.6048E-02     8.2401E+11     1.7895E+13
   284     4.5709E+01  4.3652E+01     4.6046E-02     9.0921E+11     1.9746E+13
   285     4.3652E+01  4.1687E+01     4.6060E-02     8.7697E+11     1.9040E+13
   286     4.1687E+01  3.9811E+01     4.6046E-02     8.7101E+11     1.8916E+13
   287     3.9811E+01  3.8019E+01     4.6057E-02     8.5212E+11     1.8501E+13
   288     3.8019E+01  3.6308E+01     4.6048E-02     8.5544E+11     1.8577E+13
   289     3.6308E+01  3.4674E+01     4.6048E-02     8.3963E+11     1.8234E+13
   290     3.4674E+01  3.3113E+01     4.6064E-02     8.4340E+11     1.8309E+13
   291     3.3113E+01  3.1623E+01     4.6041E-02     8.4189E+11     1.8285E+13
   292     3.1623E+01  3.0200E+01     4.6043E-02     8.4008E+11     1.8246E+13
   293     3.0200E+01  2.8840E+01     4.6079E-02     8.3400E+11     1.8099E+13
   294     2.8840E+01  2.7542E+01     4.6051E-02     8.2425E+11     1.7898E+13
   295     2.7542E+01  2.6303E+01     4.6029E-02     7.2420E+11     1.5734E+13
   296     2.6303E+01  2.5119E+01     4.6058E-02     7.4525E+11     1.6181E+13
   297     2.5119E+01  2.3988E+01     4.6071E-02     7.5070E+11     1.6295E+13
   298     2.3988E+01  2.2909E+01     4.6024E-02     7.3718E+11     1.6017E+13
   299     2.2909E+01  2.1878E+01     4.6048E-02     7.3191E+11     1.5894E+13
   300     2.1878E+01  2.0893E+01     4.6067E-02     5.4976E+11     1.1934E+13
   301     2.0893E+01  1.9953E+01     4.6035E-02     5.8383E+11     1.2682E+13
   302     1.9953E+01  1.9055E+01     4.6050E-02     4.1044E+11     8.9130E+12
   303     1.9055E+01  1.8197E+01     4.6073E-02     2.5521E+11     5.5392E+12
   304     1.8197E+01  1.7378E+01     4.6052E-02     4.4195E+11     9.5968E+12
   305     1.7378E+01  1.6596E+01     4.6043E-02     4.7319E+11     1.0277E+13
   306     1.6596E+01  1.5849E+01     4.6055E-02     4.9274E+11     1.0699E+13
   307     1.5849E+01  1.5136E+01     4.6030E-02     5.1098E+11     1.1101E+13
   308     1.5136E+01  1.4454E+01     4.6105E-02     5.2365E+11     1.1358E+13
   309     1.4454E+01  1.3804E+01     4.6013E-02     5.2735E+11     1.1461E+13
   310     1.3804E+01  1.3183E+01     4.6030E-02     5.3113E+11     1.1539E+13
   311     1.3183E+01  1.2589E+01     4.6105E-02     5.3407E+11     1.1584E+13
   312     1.2589E+01  1.2023E+01     4.6002E-02     5.3759E+11     1.1686E+13
   313     1.2023E+01  1.1482E+01     4.6041E-02     5.3602E+11     1.1642E+13
   314     1.1482E+01  1.0965E+01     4.6072E-02     5.3651E+11     1.1645E+13
   315     1.0965E+01  1.0471E+01     4.6099E-02     5.3082E+11     1.1515E+13
   316     1.0471E+01  1.0000E+01     4.6024E-02     5.1418E+11     1.1172E+13
   317     1.0000E+01  9.5499E+00     4.6054E-02     5.3280E+11     1.1569E+13
   318     9.5499E+00  9.1201E+00     4.6050E-02     5.0370E+11     1.0938E+13
   319     9.1201E+00  8.7096E+00     4.6055E-02     5.0692E+11     1.1007E+13
   320     8.7096E+00  8.3176E+00     4.6052E-02     5.0265E+11     1.0915E+13
   321     8.3176E+00  7.9433E+00     4.6045E-02     4.9692E+11     1.0792E+13
   322     7.9433E+00  7.5858E+00     4.6051E-02     4.5830E+11     9.9521E+12
   323     7.5858E+00  7.2444E+00     4.6049E-02     4.5211E+11     9.8179E+12
   324     7.2444E+00  6.9183E+00     4.6059E-02     4.4824E+11     9.7320E+12
   325     6.9183E+00  6.6069E+00     4.6056E-02     4.4711E+11     9.7081E+12
   326     6.6069E+00  6.3096E+00     4.6042E-02     4.4281E+11     9.6175E+12
   327     6.3096E+00  6.0256E+00     4.6055E-02     4.3804E+11     9.5111E+12
   328     6.0256E+00  5.7544E+00     4.6052E-02     4.3426E+11     9.4297E+12
   329     5.7544E+00  5.4954E+00     4.6053E-02     4.2792E+11     9.2918E+12
   330     5.4954E+00  5.2481E+00     4.6045E-02     4.2246E+11     9.1748E+12
   331     5.2481E+00  5.0119E+00     4.6051E-02     4.1414E+11     8.9931E+12
   332     5.0119E+00  4.7863E+00     4.6057E-02     4.0668E+11     8.8299E+12
   333     4.7863E+00  4.5709E+00     4.6048E-02     3.9676E+11     8.6163E+12
   334     4.5709E+00  4.3652E+00     4.6046E-02     3.7393E+11     8.1207E+12
   335     4.3652E+00  4.1687E+00     4.6060E-02     2.4485E+11     5.3159E+12
   336     4.1687E+00  3.9811E+00     4.6046E-02     1.9843E+11     4.3094E+12
   337     3.9811E+00  3.8019E+00     4.6057E-02     2.3001E+11     4.9939E+12
   338     3.8019E+00  3.6308E+00     4.6048E-02     2.4292E+11     5.2754E+12
   339     3.6308E+00  3.4674E+00     4.6048E-02     2.5175E+11     5.4670E+12
   340     3.4674E+00  3.3113E+00     4.6064E-02     2.5720E+11     5.5835E+12
   341     3.3113E+00  3.1623E+00     4.6041E-02     2.6127E+11     5.6746E+12
   342     3.1623E+00  3.0200E+00     4.6043E-02     2.6196E+11     5.6896E+12
   343     3.0200E+00  2.8840E+00     4.6079E-02     2.6095E+11     5.6631E+12
   344     2.8840E+00  2.7542E+00     4.6051E-02     2.5802E+11     5.6030E+12
   345     2.7542E+00  2.6303E+00     4.6029E-02     2.5659E+11     5.5746E+12
   346     2.6303E+00  2.5119E+00     4.6058E-02     2.5136E+11     5.4574E+12
   347     2.5119E+00  2.3988E+00     4.6071E-02     2.4856E+11     5.3951E+12
   348     2.3988E+00  2.2909E+00     4.6024E-02     2.4427E+11     5.3075E+12
   349     2.2909E+00  2.1878E+00     4.6048E-02     2.3994E+11     5.2106E+12
   350     2.1878E+00  2.0893E+00     4.6067E-02     2.3410E+11     5.0818E+12
   351     2.0893E+00  1.9953E+00     4.6035E-02     2.2964E+11     4.9884E+12
   352     1.9953E+00  1.9055E+00     4.6050E-02     2.2359E+11     4.8554E+12
   353     1.9055E+00  1.8197E+00     4.6073E-02     2.1723E+11     4.7150E+12
   354     1.8197E+00  1.7378E+00     4.6052E-02     2.1272E+11     4.6191E+12
   355     1.7378E+00  1.6596E+00     4.6043E-02     2.0557E+11     4.4647E+12
   356     1.6596E+00  1.5849E+00     4.6055E-02     2.0036E+11     4.3504E+12
   357     1.5849E+00  1.5136E+00     4.6030E-02     1.9440E+11     4.2232E+12
   358     1.5136E+00  1.4454E+00     4.6105E-02     1.8837E+11     4.0856E+12
   359     1.4454E+00  1.3804E+00     4.6013E-02     1.8262E+11     3.9690E+12
   360     1.3804E+00  1.3183E+00     4.6030E-02     1.7647E+11     3.8338E+12
   361     1.3183E+00  1.2589E+00     4.6105E-02     1.7065E+11     3.7014E+12
   362     1.2589E+00  1.2023E+00     4.6002E-02     1.6417E+11     3.5688E+12
   363     1.2023E+00  1.1481E+00     4.6128E-02     1.5905E+11     3.4480E+12
   364     1.1481E+00  1.0965E+00     4.5985E-02     1.5306E+11     3.3285E+12
   365     1.0965E+00  1.0471E+00     4.6099E-02     1.4702E+11     3.1893E+12
   366     1.0471E+00  1.0000E+00     4.6024E-02     1.4173E+11     3.0794E+12
   367     1.0000E+00  9.5499E-01     4.6054E-02     1.3571E+11     2.9467E+12
   368     9.5499E-01  9.1201E-01     4.6050E-02     1.3095E+11     2.8437E+12
   369     9.1201E-01  8.7096E-01     4.6055E-02     1.2525E+11     2.7195E+12
   370     8.7096E-01  8.3176E-01     4.6052E-02     1.1913E+11     2.5869E+12
   371     8.3176E-01  7.9433E-01     4.6045E-02     1.1431E+11     2.4826E+12
   372     7.9433E-01  7.5858E-01     4.6051E-02     1.0980E+11     2.3843E+12
   373     7.5858E-01  7.2444E-01     4.6049E-02     1.0530E+11     2.2867E+12
   374     7.2444E-01  6.9183E-01     4.6059E-02     9.9212E+10     2.1540E+12
   375     6.9183E-01  6.6069E-01     4.6056E-02     9.4680E+10     2.0558E+12
   376     6.6069E-01  6.3096E-01     4.6042E-02     8.9807E+10     1.9505E+12
   377     6.3096E-01  6.0256E-01     4.6055E-02     8.6309E+10     1.8740E+12
   378     6.0256E-01  5.7544E-01     4.6052E-02     8.1313E+10     1.7657E+12
   379     5.7544E-01  5.4954E-01     4.6053E-02     7.7531E+10     1.6835E+12
   380     5.4954E-01  5.2481E-01     4.6045E-02     7.3236E+10     1.5905E+12
   381     5.2481E-01  5.0119E-01     4.6051E-02     6.9448E+10     1.5081E+12
   382     5.0119E-01  4.7863E-01     4.6057E-02     6.5830E+10     1.4293E+12
   383     4.7863E-01  4.5709E-01     4.6048E-02     6.1739E+10     1.3408E+12
   384     4.5709E-01  4.3652E-01     4.6046E-02     5.8181E+10     1.2635E+12
   385     4.3652E-01  4.1687E-01     4.6060E-02     5.4880E+10     1.1915E+12
   386     4.1687E-01  3.9811E-01     4.6046E-02     5.1026E+10     1.1081E+12
   387     3.9811E-01  3.8019E-01     4.6057E-02     4.8375E+10     1.0503E+12
   388     3.8019E-01  3.6308E-01     4.6048E-02     4.5046E+10     9.7824E+11
   389     3.6308E-01  3.4674E-01     4.6048E-02     4.1889E+10     9.0968E+11
   390     3.4674E-01  3.3113E-01     4.6064E-02     3.8871E+10     8.4385E+11
   391     3.3113E-01  3.1623E-01     4.6041E-02     3.6635E+10     7.9569E+11
   392     3.1623E-01  3.0199E-01     4.6076E-02     3.4150E+10     7.4116E+11
   393     3.0199E-01  2.8840E-01     4.6045E-02     3.1784E+10     6.9028E+11
   394     2.8840E-01  2.7542E-01     4.6051E-02     2.9349E+10     6.3731E+11
   395     2.7542E-01  2.6303E-01     4.6029E-02     2.7235E+10     5.9168E+11
   396     2.6303E-01  2.5119E-01     4.6058E-02     2.5225E+10     5.4767E+11
   397     2.5119E-01  2.3988E-01     4.6071E-02     2.3170E+10     5.0292E+11
   398     2.3988E-01  2.2909E-01     4.6024E-02     2.1531E+10     4.6783E+11
   399     2.2909E-01  2.1878E-01     4.6048E-02     1.9692E+10     4.2763E+11
   400     2.1878E-01  2.0893E-01     4.6067E-02     1.8197E+10     3.9500E+11
   401     2.0893E-01  1.9953E-01     4.6035E-02     1.6605E+10     3.6071E+11
   402     1.9953E-01  1.9055E-01     4.6050E-02     1.5216E+10     3.3042E+11
   403     1.9055E-01  1.8197E-01     4.6073E-02     1.3844E+10     3.0048E+11
   404     1.8197E-01  1.7378E-01     4.6052E-02     1.2728E+10     2.7637E+11
   405     1.7378E-01  1.6596E-01     4.6043E-02     1.1425E+10     2.4813E+11
   406     1.6596E-01  1.5849E-01     4.6055E-02     1.0473E+10     2.2740E+11
   407     1.5849E-01  1.5136E-01     4.6030E-02     9.5164E+09     2.0674E+11
   408     1.5136E-01  1.4454E-01     4.6105E-02     8.6742E+09     1.8814E+11
   409     1.4454E-01  1.3804E-01     4.6013E-02     7.8351E+09     1.7028E+11
   410     1.3804E-01  1.3183E-01     4.6030E-02     7.0370E+09     1.5288E+11
   411     1.3183E-01  1.2589E-01     4.6105E-02     6.3394E+09     1.3750E+11
   412     1.2589E-01  1.2023E-01     4.6002E-02     5.8034E+09     1.2616E+11
   413     1.2023E-01  1.1481E-01     4.6128E-02     5.0988E+09     1.1053E+11
   414     1.1481E-01  1.0965E-01     4.5985E-02     4.5641E+09     9.9252E+10
   415     1.0965E-01  1.0471E-01     4.6099E-02     4.0714E+09     8.8318E+10
   416     1.0471E-01  1.0000E-01     4.6024E-02     3.7989E+09     8.2540E+10
   417     1.0000E-01  9.5499E-02     4.6054E-02     3.3932E+09     7.3678E+10
   418     9.5499E-02  9.1201E-02     4.6050E-02     2.9424E+09     6.3896E+10
   419     9.1201E-02  8.7096E-02     4.6055E-02     2.5766E+09     5.5945E+10
   420     8.7096E-02  8.3176E-02     4.6052E-02     2.3456E+09     5.0933E+10
   421     8.3176E-02  7.9433E-02     4.6045E-02     2.0045E+09     4.3534E+10
   422     7.9433E-02  7.5858E-02     4.6051E-02     1.8861E+09     4.0956E+10
   423     7.5858E-02  7.2444E-02     4.6049E-02     1.6076E+09     3.4910E+10
   424     7.2444E-02  6.9183E-02     4.6059E-02     1.4781E+09     3.2092E+10
   425     6.9183E-02  6.6069E-02     4.6056E-02     1.2690E+09     2.7553E+10
   426     6.6069E-02  6.3096E-02     4.6042E-02     1.1256E+09     2.4447E+10
   427     6.3096E-02  6.0256E-02     4.6055E-02     1.0103E+09     2.1936E+10
   428     6.0256E-02  5.7544E-02     4.6052E-02     8.9459E+08     1.9426E+10
   429     5.7544E-02  5.4954E-02     4.6053E-02     7.8318E+08     1.7006E+10
   430     5.4954E-02  5.2481E-02     4.6045E-02     6.9481E+08     1.5090E+10
   431     5.2481E-02  5.0119E-02     4.6051E-02     6.1297E+08     1.3311E+10
   432     5.0119E-02  4.7863E-02     4.6057E-02     5.3719E+08     1.1664E+10
   433     4.7863E-02  4.5709E-02     4.6048E-02     4.8866E+08     1.0612E+10
   434     4.5709E-02  4.3652E-02     4.6046E-02     3.9302E+08     8.5354E+09
   435     4.3652E-02  4.1687E-02     4.6060E-02     3.8253E+08     8.3050E+09
   436     4.1687E-02  3.9811E-02     4.6046E-02     3.1604E+08     6.8636E+09
   437     3.9811E-02  3.8019E-02     4.6057E-02     2.4826E+08     5.3902E+09
   438     3.8019E-02  3.6308E-02     4.6048E-02     2.2879E+08     4.9685E+09
   439     3.6308E-02  3.4674E-02     4.6048E-02     2.0630E+08     4.4800E+09
   440     3.4674E-02  3.3113E-02     4.6064E-02     2.0036E+08     4.3495E+09
   441     3.3113E-02  3.1623E-02     4.6041E-02     1.6270E+08     3.5337E+09
   442     3.1623E-02  3.0199E-02     4.6076E-02     1.5648E+08     3.3962E+09
   443     3.0199E-02  2.8840E-02     4.6045E-02     1.2656E+08     2.7486E+09
   444     2.8840E-02  2.7542E-02     4.6051E-02     1.0679E+08     2.3189E+09
   445     2.7542E-02  2.6303E-02     4.6029E-02     1.0659E+08     2.3158E+09
   446     2.6303E-02  2.5119E-02     4.6058E-02     8.5780E+07     1.8624E+09
   447     2.5119E-02  2.3988E-02     4.6071E-02     7.5103E+07     1.6302E+09
   448     2.3988E-02  2.2909E-02     4.6024E-02     6.9884E+07     1.5184E+09
   449     2.2909E-02  2.1878E-02     4.6048E-02     5.2479E+07     1.1396E+09
   450     2.1878E-02  2.0893E-02     4.6067E-02     5.0167E+07     1.0890E+09
   451     2.0893E-02  1.9953E-02     4.6035E-02     4.1400E+07     8.9933E+08
   452     1.9953E-02  1.9055E-02     4.6050E-02     3.5197E+07     7.6432E+08
   453     1.9055E-02  1.8197E-02     4.6073E-02     3.3357E+07     7.2400E+08
   454     1.8197E-02  1.7378E-02     4.6052E-02     4.3084E+07     9.3557E+08
   455     1.7378E-02  1.6596E-02     4.6043E-02     0.0000E+00     0.0000E+00
   456     1.6596E-02  1.5849E-02     4.6055E-02     0.0000E+00     0.0000E+00
   457     1.5849E-02  1.5136E-02     4.6030E-02     0.0000E+00     0.0000E+00
   458     1.5136E-02  1.4454E-02     4.6105E-02     0.0000E+00     0.0000E+00
   459     1.4454E-02  1.3804E-02     4.6013E-02     0.0000E+00     0.0000E+00
   460     1.3804E-02  1.3183E-02     4.6030E-02     0.0000E+00     0.0000E+00
   461     1.3183E-02  1.2589E-02     4.6105E-02     0.0000E+00     0.0000E+00
   462     1.2589E-02  1.2023E-02     4.6002E-02     0.0000E+00     0.0000E+00
   463     1.2023E-02  1.1481E-02     4.6128E-02     0.0000E+00     0.0000E+00
   464     1.1481E-02  1.0965E-02     4.5985E-02     0.0000E+00     0.0000E+00
   465     1.0965E-02  1.0471E-02     4.6099E-02     0.0000E+00     0.0000E+00
   466     1.0471E-02  1.0000E-02     4.6024E-02     0.0000E+00     0.0000E+00
   467     1.0000E-02  9.5499E-03     4.6054E-02     0.0000E+00     0.0000E+00
   468     9.5499E-03  9.1201E-03     4.6050E-02     0.0000E+00     0.0000E+00
   469     9.1201E-03  8.7096E-03     4.6055E-02     0.0000E+00     0.0000E+00
   470     8.7096E-03  8.3176E-03     4.6052E-02     0.0000E+00     0.0000E+00
   471     8.3176E-03  7.9433E-03     4.6045E-02     0.0000E+00     0.0000E+00
   472     7.9433E-03  7.5858E-03     4.6051E-02     0.0000E+00     0.0000E+00
   473     7.5858E-03  7.2444E-03     4.6049E-02     0.0000E+00     0.0000E+00
   474     7.2444E-03  6.9183E-03     4.6059E-02     0.0000E+00     0.0000E+00
   475     6.9183E-03  6.6069E-03     4.6056E-02     0.0000E+00     0.0000E+00
   476     6.6069E-03  6.3096E-03     4.6042E-02     0.0000E+00     0.0000E+00
   477     6.3096E-03  6.0256E-03     4.6055E-02     0.0000E+00     0.0000E+00
   478     6.0256E-03  5.7544E-03     4.6052E-02     0.0000E+00     0.0000E+00
   479     5.7544E-03  5.4954E-03     4.6053E-02     0.0000E+00     0.0000E+00
   480     5.4954E-03  5.2481E-03     4.6045E-02     0.0000E+00     0.0000E+00
   481     5.2481E-03  5.0119E-03     4.6051E-02     0.0000E+00     0.0000E+00
   482     5.0119E-03  4.7863E-03     4.6057E-02     0.0000E+00     0.0000E+00
   483     4.7863E-03  4.5709E-03     4.6048E-02     0.0000E+00     0.0000E+00
   484     4.5709E-03  4.3652E-03     4.6046E-02     0.0000E+00     0.0000E+00
   485     4.3652E-03  4.1687E-03     4.6060E-02     0.0000E+00     0.0000E+00
   486     4.1687E-03  3.9811E-03     4.6046E-02     0.0000E+00     0.0000E+00
   487     3.9811E-03  3.8019E-03     4.6057E-02     0.0000E+00     0.0000E+00
   488     3.8019E-03  3.6308E-03     4.6048E-02     0.0000E+00     0.0000E+00
   489     3.6308E-03  3.4674E-03     4.6048E-02     0.0000E+00     0.0000E+00
   490     3.4674E-03  3.3113E-03     4.6064E-02     0.0000E+00     0.0000E+00
   491     3.3113E-03  3.1623E-03     4.6041E-02     0.0000E+00     0.0000E+00
   492     3.1623E-03  3.0200E-03     4.6043E-02     0.0000E+00     0.0000E+00
   493     3.0200E-03  2.8840E-03     4.6079E-02     0.0000E+00     0.0000E+00
   494     2.8840E-03  2.7542E-03     4.6051E-02     0.0000E+00     0.0000E+00
   495     2.7542E-03  2.6303E-03     4.6029E-02     0.0000E+00     0.0000E+00
   496     2.6303E-03  2.5119E-03     4.6058E-02     0.0000E+00     0.0000E+00
   497     2.5119E-03  2.3988E-03     4.6071E-02     0.0000E+00     0.0000E+00
   498     2.3988E-03  2.2909E-03     4.6024E-02     0.0000E+00     0.0000E+00
   499     2.2909E-03  2.1878E-03     4.6048E-02     0.0000E+00     0.0000E+00
   500     2.1878E-03  2.0893E-03     4.6067E-02     0.0000E+00     0.0000E+00
   501     2.0893E-03  1.9953E-03     4.6035E-02     0.0000E+00     0.0000E+00
   502     1.9953E-03  1.9055E-03     4.6050E-02     0.0000E+00     0.0000E+00
   503     1.9055E-03  1.8197E-03     4.6073E-02     0.0000E+00     0.0000E+00
   504     1.8197E-03  1.7378E-03     4.6052E-02     0.0000E+00     0.0000E+00
   505     1.7378E-03  1.6596E-03     4.6043E-02     0.0000E+00     0.0000E+00
   506     1.6596E-03  1.5849E-03     4.6055E-02     0.0000E+00     0.0000E+00
   507     1.5849E-03  1.5136E-03     4.6030E-02     0.0000E+00     0.0000E+00
   508     1.5136E-03  1.4454E-03     4.6105E-02     0.0000E+00     0.0000E+00
   509     1.4454E-03  1.3804E-03     4.6013E-02     0.0000E+00     0.0000E+00
   510     1.3804E-03  1.3183E-03     4.6030E-02     0.0000E+00     0.0000E+00
   511     1.3183E-03  1.2589E-03     4.6105E-02     0.0000E+00     0.0000E+00
   512     1.2589E-03  1.2023E-03     4.6002E-02     0.0000E+00     0.0000E+00
   513     1.2023E-03  1.1482E-03     4.6041E-02     0.0000E+00     0.0000E+00
   514     1.1482E-03  1.0965E-03     4.6072E-02     0.0000E+00     0.0000E+00
   515     1.0965E-03  1.0471E-03     4.6099E-02     0.0000E+00     0.0000E+00
   516     1.0471E-03  1.0000E-03     4.6024E-02     0.0000E+00     0.0000E+00
   517     1.0000E-03  9.5499E-04     4.6054E-02     0.0000E+00     0.0000E+00
   518     9.5499E-04  9.1201E-04     4.6050E-02     0.0000E+00     0.0000E+00
   519     9.1201E-04  8.7096E-04     4.6055E-02     0.0000E+00     0.0000E+00
   520     8.7096E-04  8.3176E-04     4.6052E-02     0.0000E+00     0.0000E+00
   521     8.3176E-04  7.9433E-04     4.6045E-02     0.0000E+00     0.0000E+00
   522     7.9433E-04  7.5858E-04     4.6051E-02     0.0000E+00     0.0000E+00
   523     7.5858E-04  7.2444E-04     4.6049E-02     0.0000E+00     0.0000E+00
   524     7.2444E-04  6.9183E-04     4.6059E-02     0.0000E+00     0.0000E+00
   525     6.9183E-04  6.6069E-04     4.6056E-02     0.0000E+00     0.0000E+00
   526     6.6069E-04  6.3096E-04     4.6042E-02     0.0000E+00     0.0000E+00
   527     6.3096E-04  6.0256E-04     4.6055E-02     0.0000E+00     0.0000E+00
   528     6.0256E-04  5.7544E-04     4.6052E-02     0.0000E+00     0.0000E+00
   529     5.7544E-04  5.4954E-04     4.6053E-02     0.0000E+00     0.0000E+00
   530     5.4954E-04  5.2481E-04     4.6045E-02     0.0000E+00     0.0000E+00
   531     5.2481E-04  5.0119E-04     4.6051E-02     0.0000E+00     0.0000E+00
   532     5.0119E-04  4.7863E-04     4.6057E-02     0.0000E+00     0.0000E+00
   533     4.7863E-04  4.5709E-04     4.6048E-02     0.0000E+00     0.0000E+00
   534     4.5709E-04  4.3652E-04     4.6046E-02     0.0000E+00     0.0000E+00
   535     4.3652E-04  4.1687E-04     4.6060E-02     0.0000E+00     0.0000E+00
   536     4.1687E-04  3.9811E-04     4.6046E-02     0.0000E+00     0.0000E+00
   537     3.9811E-04  3.8019E-04     4.6057E-02     0.0000E+00     0.0000E+00
   538     3.8019E-04  3.6308E-04     4.6048E-02     0.0000E+00     0.0000E+00
   539     3.6308E-04  3.4674E-04     4.6048E-02     0.0000E+00     0.0000E+00
   540     3.4674E-04  3.3113E-04     4.6064E-02     0.0000E+00     0.0000E+00
   541     3.3113E-04  3.1623E-04     4.6041E-02     0.0000E+00     0.0000E+00
   542     3.1623E-04  3.0199E-04     4.6076E-02     0.0000E+00     0.0000E+00
   543     3.0199E-04  2.8840E-04     4.6045E-02     0.0000E+00     0.0000E+00
   544     2.8840E-04  2.7542E-04     4.6051E-02     0.0000E+00     0.0000E+00
   545     2.7542E-04  2.6303E-04     4.6029E-02     0.0000E+00     0.0000E+00
   546     2.6303E-04  2.5119E-04     4.6058E-02     0.0000E+00     0.0000E+00
   547     2.5119E-04  2.3988E-04     4.6071E-02     0.0000E+00     0.0000E+00
   548     2.3988E-04  2.2909E-04     4.6024E-02     0.0000E+00     0.0000E+00
   549     2.2909E-04  2.1878E-04     4.6048E-02     0.0000E+00     0.0000E+00
   550     2.1878E-04  2.0893E-04     4.6067E-02     0.0000E+00     0.0000E+00
   551     2.0893E-04  1.9953E-04     4.6035E-02     0.0000E+00     0.0000E+00
   552     1.9953E-04  1.9055E-04     4.6050E-02     0.0000E+00     0.0000E+00
   553     1.9055E-04  1.8197E-04     4.6073E-02     0.0000E+00     0.0000E+00
   554     1.8197E-04  1.7378E-04     4.6052E-02     0.0000E+00     0.0000E+00
   555     1.7378E-04  1.6596E-04     4.6043E-02     0.0000E+00     0.0000E+00
   556     1.6596E-04  1.5849E-04     4.6055E-02     0.0000E+00     0.0000E+00
   557     1.5849E-04  1.5136E-04     4.6030E-02     0.0000E+00     0.0000E+00
   558     1.5136E-04  1.4454E-04     4.6105E-02     0.0000E+00     0.0000E+00
   559     1.4454E-04  1.3804E-04     4.6013E-02     0.0000E+00     0.0000E+00
   560     1.3804E-04  1.3183E-04     4.6030E-02     0.0000E+00     0.0000E+00
   561     1.3183E-04  1.2589E-04     4.6105E-02     0.0000E+00     0.0000E+00
   562     1.2589E-04  1.2023E-04     4.6002E-02     0.0000E+00     0.0000E+00
   563     1.2023E-04  1.1482E-04     4.6041E-02     0.0000E+00     0.0000E+00
   564     1.1482E-04  1.0965E-04     4.6072E-02     0.0000E+00     0.0000E+00
   565     1.0965E-04  1.0471E-04     4.6099E-02     0.0000E+00     0.0000E+00
   566     1.0471E-04  1.0000E-04     4.6024E-02     0.0000E+00     0.0000E+00
   567     1.0000E-04  9.5499E-05     4.6054E-02     0.0000E+00     0.0000E+00
   568     9.5499E-05  9.1201E-05     4.6050E-02     0.0000E+00     0.0000E+00
   569     9.1201E-05  8.7096E-05     4.6055E-02     0.0000E+00     0.0000E+00
   570     8.7096E-05  8.3176E-05     4.6052E-02     0.0000E+00     0.0000E+00
   571     8.3176E-05  7.9433E-05     4.6045E-02     0.0000E+00     0.0000E+00
   572     7.9433E-05  7.5858E-05     4.6051E-02     0.0000E+00     0.0000E+00
   573     7.5858E-05  7.2444E-05     4.6049E-02     0.0000E+00     0.0000E+00
   574     7.2444E-05  6.9183E-05     4.6059E-02     0.0000E+00     0.0000E+00
   575     6.9183E-05  6.6069E-05     4.6056E-02     0.0000E+00     0.0000E+00
   576     6.6069E-05  6.3096E-05     4.6042E-02     0.0000E+00     0.0000E+00
   577     6.3096E-05  6.0256E-05     4.6055E-02     0.0000E+00     0.0000E+00
   578     6.0256E-05  5.7544E-05     4.6052E-02     0.0000E+00     0.0000E+00
   579     5.7544E-05  5.4954E-05     4.6053E-02     0.0000E+00     0.0000E+00
   580     5.4954E-05  5.2481E-05     4.6045E-02     0.0000E+00     0.0000E+00
   581     5.2481E-05  5.0119E-05     4.6051E-02     0.0000E+00     0.0000E+00
   582     5.0119E-05  4.7863E-05     4.6057E-02     0.0000E+00     0.0000E+00
   583     4.7863E-05  4.5709E-05     4.6048E-02     0.0000E+00     0.0000E+00
   584     4.5709E-05  4.3652E-05     4.6046E-02     0.0000E+00     0.0000E+00
   585     4.3652E-05  4.1687E-05     4.6060E-02     0.0000E+00     0.0000E+00
   586     4.1687E-05  3.9811E-05     4.6046E-02     0.0000E+00     0.0000E+00
   587     3.9811E-05  3.8019E-05     4.6057E-02     0.0000E+00     0.0000E+00
   588     3.8019E-05  3.6308E-05     4.6048E-02     0.0000E+00     0.0000E+00
   589     3.6308E-05  3.4674E-05     4.6048E-02     0.0000E+00     0.0000E+00
   590     3.4674E-05  3.3113E-05     4.6064E-02     0.0000E+00     0.0000E+00
   591     3.3113E-05  3.1623E-05     4.6041E-02     0.0000E+00     0.0000E+00
   592     3.1623E-05  3.0199E-05     4.6076E-02     0.0000E+00     0.0000E+00
   593     3.0199E-05  2.8840E-05     4.6045E-02     0.0000E+00     0.0000E+00
   594     2.8840E-05  2.7542E-05     4.6051E-02     0.0000E+00     0.0000E+00
   595     2.7542E-05  2.6303E-05     4.6029E-02     0.0000E+00     0.0000E+00
   596     2.6303E-05  2.5119E-05     4.6058E-02     0.0000E+00     0.0000E+00
   597     2.5119E-05  2.3988E-05     4.6071E-02     0.0000E+00     0.0000E+00
   598     2.3988E-05  2.2909E-05     4.6024E-02     0.0000E+00     0.0000E+00
   599     2.2909E-05  2.1878E-05     4.6048E-02     0.0000E+00     0.0000E+00
   600     2.1878E-05  2.0893E-05     4.6067E-02     0.0000E+00     0.0000E+00
   601     2.0893E-05  1.9953E-05     4.6035E-02     0.0000E+00     0.0000E+00
   602     1.9953E-05  1.9055E-05     4.6050E-02     0.0000E+00     0.0000E+00
   603     1.9055E-05  1.8197E-05     4.6073E-02     0.0000E+00     0.0000E+00
   604     1.8197E-05  1.7378E-05     4.6052E-02     0.0000E+00     0.0000E+00
   605     1.7378E-05  1.6596E-05     4.6043E-02     0.0000E+00     0.0000E+00
   606     1.6596E-05  1.5849E-05     4.6055E-02     0.0000E+00     0.0000E+00
   607     1.5849E-05  1.5136E-05     4.6030E-02     0.0000E+00     0.0000E+00
   608     1.5136E-05  1.4454E-05     4.6105E-02     0.0000E+00     0.0000E+00
   609     1.4454E-05  1.3804E-05     4.6013E-02     0.0000E+00     0.0000E+00
   610     1.3804E-05  1.3183E-05     4.6030E-02     0.0000E+00     0.0000E+00
   611     1.3183E-05  1.2589E-05     4.6105E-02     0.0000E+00     0.0000E+00
   612     1.2589E-05  1.2023E-05     4.6002E-02     0.0000E+00     0.0000E+00
   613     1.2023E-05  1.1482E-05     4.6041E-02     0.0000E+00     0.0000E+00
   614     1.1482E-05  1.0965E-05     4.6072E-02     0.0000E+00     0.0000E+00
   615     1.0965E-05  1.0471E-05     4.6099E-02     0.0000E+00     0.0000E+00
   616     1.0471E-05  1.0000E-05     4.6024E-02     0.0000E+00     0.0000E+00
  TOTAL                                              6.6009E+14
