  GROUP      UPPER       LOWER         LETHARGY         DATA        DATA/LETHARGY

     1     2.0000E+07  1.9000E+07     5.1293E-02     9.5960E+08     1.8708E+10
     2     1.9000E+07  1.8000E+07     5.4067E-02     1.2230E+09     2.2620E+10
     3     1.8000E+07  1.7000E+07     5.7158E-02     2.1850E+09     3.8227E+10
     4     1.7000E+07  1.6000E+07     6.0625E-02     4.7550E+09     7.8433E+10
     5     1.6000E+07  1.5000E+07     6.4539E-02     1.0880E+10     1.6858E+11
     6     1.5000E+07  1.4000E+07     6.8993E-02     2.6340E+10     3.8178E+11
     7     1.4000E+07  1.3000E+07     7.4108E-02     6.1380E+10     8.2825E+11
     8     1.3000E+07  1.2000E+07     8.0043E-02     1.3620E+11     1.7016E+12
     9     1.2000E+07  1.1000E+07     8.7011E-02     3.2110E+11     3.6903E+12
    10     1.1000E+07  1.0000E+07     9.5310E-02     1.0650E+12     1.1174E+13
    11     1.0000E+07  9.0000E+06     1.0536E-01     2.3250E+12     2.2067E+13
    12     9.0000E+06  8.2000E+06     9.3090E-02     3.0112E+12     3.2347E+13
    13     8.2000E+06  7.4000E+06     1.0265E-01     4.7288E+12     4.6065E+13
    14     7.4000E+06  6.7000E+06     9.9372E-02     6.3980E+12     6.4384E+13
    15     6.7000E+06  6.0000E+06     1.1035E-01     9.8210E+12     8.9000E+13
    16     6.0000E+06  5.5000E+06     8.7011E-02     1.0250E+13     1.1780E+14
    17     5.5000E+06  5.0000E+06     9.5310E-02     1.4175E+13     1.4872E+14
    18     5.0000E+06  4.5000E+06     1.0536E-01     1.9735E+13     1.8731E+14
    19     4.5000E+06  4.1000E+06     9.3090E-02     2.1040E+13     2.2602E+14
    20     4.1000E+06  3.7000E+06     1.0265E-01     2.7300E+13     2.6594E+14
    21     3.7000E+06  3.3000E+06     1.1441E-01     3.6044E+13     3.1504E+14
    22     3.3000E+06  2.9000E+06     1.2921E-01     4.6800E+13     3.6220E+14
    23     2.9000E+06  2.6000E+06     1.0920E-01     4.3980E+13     4.0275E+14
    24     2.6000E+06  2.3000E+06     1.2260E-01     5.4990E+13     4.4852E+14
    25     2.3000E+06  2.0000E+06     1.3976E-01     6.6090E+13     4.7288E+14
    26     2.0000E+06  1.8000E+06     1.0536E-01     4.9680E+13     4.7152E+14
    27     1.8000E+06  1.6000E+06     1.1778E-01     5.5300E+13     4.6951E+14
    28     1.6000E+06  1.4000E+06     1.3353E-01     6.1700E+13     4.6206E+14
    29     1.4000E+06  1.2000E+06     1.5415E-01     6.8820E+13     4.4645E+14
    30     1.2000E+06  1.0000E+06     1.8232E-01     7.7960E+13     4.2760E+14
    31     1.0000E+06  9.2000E+05     8.3382E-02     3.4824E+13     4.1765E+14
    32     9.2000E+05  8.4000E+05     9.0972E-02     3.8112E+13     4.1894E+14
    33     8.4000E+05  7.8000E+05     7.4108E-02     3.1116E+13     4.1987E+14
    34     7.8000E+05  7.2000E+05     8.0043E-02     3.3696E+13     4.2098E+14
    35     7.2000E+05  6.6000E+05     8.7011E-02     3.6096E+13     4.1484E+14
    36     6.6000E+05  6.0000E+05     9.5310E-02     3.7392E+13     3.9232E+14
    37     6.0000E+05  5.5000E+05     8.7011E-02     3.1615E+13     3.6334E+14
    38     5.5000E+05  5.0000E+05     9.5310E-02     3.2080E+13     3.3659E+14
    39     5.0000E+05  4.5000E+05     1.0536E-01     3.2875E+13     3.1202E+14
    40     4.5000E+05  4.0000E+05     1.1778E-01     3.5345E+13     3.0009E+14
    41     4.0000E+05  3.6000E+05     1.0536E-01     3.1332E+13     2.9738E+14
    42     3.6000E+05  3.2000E+05     1.1778E-01     3.4736E+13     2.9492E+14
    43     3.2000E+05  2.9000E+05     9.8440E-02     2.8320E+13     2.8769E+14
    44     2.9000E+05  2.5500E+05     1.2862E-01     3.4986E+13     2.7202E+14
    45     2.5500E+05  2.2000E+05     1.4764E-01     3.7065E+13     2.5106E+14
    46     2.2000E+05  1.9000E+05     1.4660E-01     3.4110E+13     2.3267E+14
    47     1.9000E+05  1.6000E+05     1.7185E-01     3.7440E+13     2.1786E+14
    48     1.6000E+05  1.3500E+05     1.6990E-01     3.4675E+13     2.0409E+14
    49     1.3500E+05  1.1000E+05     2.0479E-01     3.9125E+13     1.9105E+14
    50     1.1000E+05  8.8000E+04     2.2314E-01     3.9622E+13     1.7756E+14
    51     8.8000E+04  6.6000E+04     2.8768E-01     4.7806E+13     1.6618E+14
    52     6.6000E+04  5.2500E+04     2.2884E-01     3.5721E+13     1.5609E+14
    53     5.2500E+04  4.0000E+04     2.7193E-01     4.0425E+13     1.4866E+14
    54     4.0000E+04  3.2000E+04     2.2314E-01     3.1608E+13     1.4165E+14
    55     3.2000E+04  2.5500E+04     2.2706E-01     3.1304E+13     1.3787E+14
    56     2.5500E+04  1.9000E+04     2.9424E-01     4.0001E+13     1.3595E+14
    57     1.9000E+04  1.5000E+04     2.3639E-01     3.1436E+13     1.3298E+14
    58     1.5000E+04  1.2000E+04     2.2314E-01     2.9259E+13     1.3112E+14
    59     1.2000E+04  9.2000E+03     2.6570E-01     3.4524E+13     1.2993E+14
    60     9.2000E+03  7.2000E+03     2.4512E-01     3.1460E+13     1.2834E+14
    61     7.2000E+03  5.5000E+03     2.6933E-01     3.4986E+13     1.2990E+14
    62     5.5000E+03  4.5000E+03     2.0067E-01     2.6480E+13     1.3196E+14
    63     4.5000E+03  3.4000E+03     2.8030E-01     3.7862E+13     1.3508E+14
    64     3.4000E+03  2.7000E+03     2.3052E-01     3.1220E+13     1.3543E+14
    65     2.7000E+03  2.0000E+03     3.0010E-01     4.0887E+13     1.3624E+14
    66     2.0000E+03  1.6000E+03     2.2314E-01     3.0196E+13     1.3532E+14
    67     1.6000E+03  1.2750E+03     2.2706E-01     3.0729E+13     1.3533E+14
    68     1.2750E+03  9.6000E+02     2.8377E-01     3.8556E+13     1.3587E+14
    69     9.6000E+02  7.6000E+02     2.3361E-01     3.1580E+13     1.3518E+14
    70     7.6000E+02  5.7500E+02     2.7895E-01     3.7796E+13     1.3549E+14
    71     5.7500E+02  4.5000E+02     2.4512E-01     3.3075E+13     1.3493E+14
    72     4.5000E+02  3.6000E+02     2.2314E-01     3.0024E+13     1.3455E+14
    73     3.6000E+02  2.8000E+02     2.5131E-01     3.3856E+13     1.3472E+14
    74     2.8000E+02  2.2000E+02     2.4116E-01     3.2430E+13     1.3447E+14
    75     2.2000E+02  1.7000E+02     2.5783E-01     3.4690E+13     1.3455E+14
    76     1.7000E+02  1.3500E+02     2.3052E-01     3.0940E+13     1.3422E+14
    77     1.3500E+02  1.0000E+02     3.0010E-01     4.0530E+13     1.3505E+14
    78     1.0000E+02  6.9000E+01     3.7106E-01     5.0561E+13     1.3626E+14
    79     6.9000E+01  4.5000E+01     4.2744E-01     5.8584E+13     1.3706E+14
    80     4.5000E+01  3.0000E+01     4.0547E-01     5.5215E+13     1.3618E+14
    81     3.0000E+01  2.1000E+01     3.5667E-01     4.8060E+13     1.3474E+14
    82     2.1000E+01  1.3500E+01     4.4183E-01     5.9692E+13     1.3510E+14
    83     1.3500E+01  9.2000E+00     3.8349E-01     5.0912E+13     1.3276E+14
    84     9.2000E+00  6.3000E+00     3.7865E-01     4.9561E+13     1.3089E+14
    85     6.3000E+00  4.2500E+00     3.9363E-01     5.0738E+13     1.2890E+14
    86     4.2500E+00  2.8000E+00     4.1730E-01     5.3737E+13     1.2877E+14
    87     2.8000E+00  1.9000E+00     3.8777E-01     5.0670E+13     1.3067E+14
    88     1.9000E+00  1.2750E+00     3.9891E-01     5.3662E+13     1.3452E+14
    89     1.2750E+00  8.4000E-01     4.1730E-01     5.3200E+13     1.2749E+14
    90     8.4000E-01  5.5000E-01     4.2348E-01     5.0199E+13     1.1854E+14
    91     5.5000E-01  3.8000E-01     3.6975E-01     4.3367E+13     1.1729E+14
    92     3.8000E-01  2.5500E-01     3.9891E-01     4.9925E+13     1.2515E+14
    93     2.5500E-01  1.7000E-01     4.0547E-01     9.2905E+13     2.2913E+14
    94     1.7000E-01  1.1500E-01     3.9087E-01     1.9635E+14     5.0235E+14
    95     1.1500E-01  7.6000E-02     4.1420E-01     3.5938E+14     8.6766E+14
    96     7.6000E-02  5.0000E-02     4.1871E-01     4.3160E+14     1.0308E+15
    97     5.0000E-02  2.3000E-02     7.7653E-01     5.9211E+14     7.6251E+14
    98     2.3000E-02  1.0000E-02     8.3291E-01     2.5922E+14     3.1122E+14
    99     1.0000E-02  1.0000E-03     2.3026E+00     8.3430E+13     3.6233E+13
   100     1.0000E-03  1.0000E-05     4.6052E+00     0.0000E+00     0.0000E+00
  TOTAL                                              5.0988E+15
