  GROUP      UPPER       LOWER         LETHARGY         DATA        DATA/LETHARGY

     1     1.0510E+07  1.0500E+07     9.5193E-04     1.2530E+01     1.3163E+04
     2     1.0500E+07  1.0480E+07     1.9066E-03     1.2620E+01     6.6192E+03
     3     1.0480E+07  1.0470E+07     9.5465E-04     1.2720E+01     1.3324E+04
     4     1.0470E+07  1.0460E+07     9.5557E-04     1.2820E+01     1.3416E+04
     5     1.0460E+07  1.0450E+07     9.5648E-04     1.2920E+01     1.3508E+04
     6     1.0450E+07  1.0440E+07     9.5740E-04     1.3010E+01     1.3589E+04
     7     1.0440E+07  1.0430E+07     9.5831E-04     1.3110E+01     1.3680E+04
     8     1.0430E+07  1.0420E+07     9.5923E-04     1.3210E+01     1.3771E+04
     9     1.0420E+07  1.0410E+07     9.6015E-04     1.3320E+01     1.3873E+04
    10     1.0410E+07  1.0400E+07     9.6108E-04     1.3420E+01     1.3964E+04
    11     1.0400E+07  1.0390E+07     9.6200E-04     1.3520E+01     1.4054E+04
    12     1.0390E+07  1.0380E+07     9.6293E-04     1.3620E+01     1.4144E+04
    13     1.0380E+07  1.0370E+07     9.6386E-04     1.3730E+01     1.4245E+04
    14     1.0370E+07  1.0360E+07     9.6479E-04     1.3830E+01     1.4335E+04
    15     1.0360E+07  1.0350E+07     9.6572E-04     1.3940E+01     1.4435E+04
    16     1.0350E+07  1.0340E+07     9.6665E-04     1.4040E+01     1.4524E+04
    17     1.0340E+07  1.0330E+07     9.6759E-04     1.4150E+01     1.4624E+04
    18     1.0330E+07  1.0320E+07     9.6852E-04     1.4260E+01     1.4723E+04
    19     1.0320E+07  1.0310E+07     9.6946E-04     1.4370E+01     1.4823E+04
    20     1.0310E+07  1.0300E+07     9.7040E-04     1.4480E+01     1.4922E+04
    21     1.0300E+07  1.0290E+07     9.7135E-04     1.4590E+01     1.5020E+04
    22     1.0290E+07  1.0280E+07     9.7229E-04     1.4700E+01     1.5119E+04
    23     1.0280E+07  1.0270E+07     9.7324E-04     1.4810E+01     1.5217E+04
    24     1.0270E+07  1.0260E+07     9.7418E-04     1.4930E+01     1.5326E+04
    25     1.0260E+07  1.0250E+07     9.7513E-04     1.5040E+01     1.5424E+04
    26     1.0250E+07  1.0240E+07     9.7609E-04     1.5150E+01     1.5521E+04
    27     1.0240E+07  1.0230E+07     9.7704E-04     1.5270E+01     1.5629E+04
    28     1.0230E+07  1.0220E+07     9.7800E-04     1.5390E+01     1.5736E+04
    29     1.0220E+07  1.0210E+07     9.7895E-04     1.5500E+01     1.5833E+04
    30     1.0210E+07  1.0200E+07     9.7991E-04     1.5620E+01     1.5940E+04
    31     1.0200E+07  1.0190E+07     9.8087E-04     1.5740E+01     1.6047E+04
    32     1.0190E+07  1.0180E+07     9.8184E-04     1.5860E+01     1.6153E+04
    33     1.0180E+07  1.0170E+07     9.8280E-04     1.5980E+01     1.6260E+04
    34     1.0170E+07  1.0160E+07     9.8377E-04     1.6110E+01     1.6376E+04
    35     1.0160E+07  1.0150E+07     9.8474E-04     1.6230E+01     1.6482E+04
    36     1.0150E+07  1.0140E+07     9.8571E-04     1.6350E+01     1.6587E+04
    37     1.0140E+07  1.0130E+07     9.8668E-04     1.6480E+01     1.6702E+04
    38     1.0130E+07  1.0120E+07     9.8765E-04     1.6600E+01     1.6807E+04
    39     1.0120E+07  1.0110E+07     9.8863E-04     1.6730E+01     1.6922E+04
    40     1.0110E+07  1.0100E+07     9.8961E-04     1.6860E+01     1.7037E+04
    41     1.0100E+07  1.0090E+07     9.9059E-04     1.6990E+01     1.7151E+04
    42     1.0090E+07  1.0080E+07     9.9157E-04     1.7120E+01     1.7266E+04
    43     1.0080E+07  1.0070E+07     9.9256E-04     1.7250E+01     1.7379E+04
    44     1.0070E+07  1.0060E+07     9.9354E-04     1.7380E+01     1.7493E+04
    45     1.0060E+07  1.0050E+07     9.9453E-04     1.7510E+01     1.7606E+04
    46     1.0050E+07  1.0040E+07     9.9552E-04     1.7650E+01     1.7729E+04
    47     1.0040E+07  1.0030E+07     9.9651E-04     1.7780E+01     1.7842E+04
    48     1.0030E+07  1.0020E+07     9.9751E-04     1.7920E+01     1.7965E+04
    49     1.0020E+07  1.0010E+07     9.9850E-04     1.8050E+01     1.8077E+04
    50     1.0010E+07  1.0000E+07     9.9950E-04     1.8190E+01     1.8199E+04
    51     1.0000E+07  9.9900E+06     1.0005E-03     1.8330E+01     1.8321E+04
    52     9.9900E+06  9.9800E+06     1.0015E-03     1.8470E+01     1.8442E+04
    53     9.9800E+06  9.9700E+06     1.0025E-03     1.8610E+01     1.8563E+04
    54     9.9700E+06  9.9600E+06     1.0035E-03     1.8750E+01     1.8684E+04
    55     9.9600E+06  9.9500E+06     1.0045E-03     1.8900E+01     1.8815E+04
    56     9.9500E+06  9.9400E+06     1.0055E-03     1.9040E+01     1.8935E+04
    57     9.9400E+06  9.9300E+06     1.0065E-03     1.9190E+01     1.9065E+04
    58     9.9300E+06  9.9200E+06     1.0076E-03     1.9330E+01     1.9185E+04
    59     9.9200E+06  9.9100E+06     1.0086E-03     1.9480E+01     1.9314E+04
    60     9.9100E+06  9.9000E+06     1.0096E-03     1.9630E+01     1.9444E+04
    61     9.9000E+06  9.8900E+06     1.0106E-03     1.9780E+01     1.9572E+04
    62     9.8900E+06  9.8800E+06     1.0116E-03     1.9930E+01     1.9701E+04
    63     9.8800E+06  9.8700E+06     1.0127E-03     2.0080E+01     1.9829E+04
    64     9.8700E+06  9.8600E+06     1.0137E-03     2.0240E+01     1.9967E+04
    65     9.8600E+06  9.8500E+06     1.0147E-03     2.0390E+01     2.0094E+04
    66     9.8500E+06  9.8400E+06     1.0157E-03     2.0550E+01     2.0231E+04
    67     9.8400E+06  9.8300E+06     1.0168E-03     2.0700E+01     2.0358E+04
    68     9.8300E+06  9.8200E+06     1.0178E-03     2.0860E+01     2.0495E+04
    69     9.8200E+06  9.8100E+06     1.0188E-03     2.1020E+01     2.0631E+04
    70     9.8100E+06  9.8000E+06     1.0199E-03     2.1180E+01     2.0767E+04
    71     9.8000E+06  9.7900E+06     1.0209E-03     2.1340E+01     2.0903E+04
    72     9.7900E+06  9.7800E+06     1.0220E-03     2.1510E+01     2.1048E+04
    73     9.7800E+06  9.7700E+06     1.0230E-03     2.1670E+01     2.1182E+04
    74     9.7700E+06  9.7600E+06     1.0241E-03     2.1840E+01     2.1327E+04
    75     9.7600E+06  9.7500E+06     1.0251E-03     2.2000E+01     2.1461E+04
    76     9.7500E+06  9.7400E+06     1.0262E-03     2.2170E+01     2.1605E+04
    77     9.7400E+06  9.7300E+06     1.0272E-03     2.2340E+01     2.1748E+04
    78     9.7300E+06  9.7200E+06     1.0283E-03     2.2510E+01     2.1891E+04
    79     9.7200E+06  9.7100E+06     1.0293E-03     2.2680E+01     2.2034E+04
    80     9.7100E+06  9.7000E+06     1.0304E-03     2.2860E+01     2.2186E+04
    81     9.7000E+06  9.6900E+06     1.0315E-03     2.3030E+01     2.2328E+04
    82     9.6900E+06  9.6800E+06     1.0325E-03     2.3210E+01     2.2479E+04
    83     9.6800E+06  9.6700E+06     1.0336E-03     2.3380E+01     2.2620E+04
    84     9.6700E+06  9.6600E+06     1.0347E-03     2.3560E+01     2.2771E+04
    85     9.6600E+06  9.6500E+06     1.0357E-03     2.3740E+01     2.2921E+04
    86     9.6500E+06  9.6400E+06     1.0368E-03     2.3920E+01     2.3071E+04
    87     9.6400E+06  9.6300E+06     1.0379E-03     2.4110E+01     2.3230E+04
    88     9.6300E+06  9.6200E+06     1.0390E-03     2.4290E+01     2.3379E+04
    89     9.6200E+06  9.6100E+06     1.0400E-03     2.4480E+01     2.3538E+04
    90     9.6100E+06  9.6000E+06     1.0411E-03     2.4660E+01     2.3686E+04
    91     9.6000E+06  9.5900E+06     1.0422E-03     2.4850E+01     2.3844E+04
    92     9.5900E+06  9.5800E+06     1.0433E-03     2.5040E+01     2.4001E+04
    93     9.5800E+06  9.5700E+06     1.0444E-03     2.5230E+01     2.4158E+04
    94     9.5700E+06  9.5600E+06     1.0455E-03     2.5430E+01     2.4324E+04
    95     9.5600E+06  9.5500E+06     1.0466E-03     2.5620E+01     2.4480E+04
    96     9.5500E+06  9.5400E+06     1.0477E-03     2.5820E+01     2.4645E+04
    97     9.5400E+06  9.5300E+06     1.0488E-03     2.6010E+01     2.4801E+04
    98     9.5300E+06  9.5200E+06     1.0499E-03     2.6210E+01     2.4965E+04
    99     9.5200E+06  9.5100E+06     1.0510E-03     2.6410E+01     2.5129E+04
   100     9.5100E+06  9.5000E+06     1.0521E-03     2.6610E+01     2.5293E+04
   101     9.5000E+06  9.4900E+06     1.0532E-03     2.6820E+01     2.5466E+04
   102     9.4900E+06  9.4800E+06     1.0543E-03     2.7020E+01     2.5628E+04
   103     9.4800E+06  9.4700E+06     1.0554E-03     2.7230E+01     2.5800E+04
   104     9.4700E+06  9.4600E+06     1.0565E-03     2.7440E+01     2.5972E+04
   105     9.4600E+06  9.4500E+06     1.0576E-03     2.7650E+01     2.6143E+04
   106     9.4500E+06  9.4400E+06     1.0588E-03     2.7860E+01     2.6314E+04
   107     9.4400E+06  9.4300E+06     1.0599E-03     2.8070E+01     2.6484E+04
   108     9.4300E+06  9.4200E+06     1.0610E-03     2.8280E+01     2.6654E+04
   109     9.4200E+06  9.4100E+06     1.0621E-03     2.8500E+01     2.6833E+04
   110     9.4100E+06  9.4000E+06     1.0633E-03     2.8720E+01     2.7011E+04
   111     9.4000E+06  9.3900E+06     1.0644E-03     2.8940E+01     2.7189E+04
   112     9.3900E+06  9.3800E+06     1.0655E-03     2.9160E+01     2.7367E+04
   113     9.3800E+06  9.3700E+06     1.0667E-03     2.9380E+01     2.7544E+04
   114     9.3700E+06  9.3600E+06     1.0678E-03     2.9600E+01     2.7720E+04
   115     9.3600E+06  9.3500E+06     1.0689E-03     2.9830E+01     2.7906E+04
   116     9.3500E+06  9.3400E+06     1.0701E-03     3.0060E+01     2.8091E+04
   117     9.3400E+06  9.3300E+06     1.0712E-03     3.0290E+01     2.8276E+04
   118     9.3300E+06  9.3200E+06     1.0724E-03     3.0520E+01     2.8460E+04
   119     9.3200E+06  9.3100E+06     1.0735E-03     3.0750E+01     2.8644E+04
   120     9.3100E+06  9.3000E+06     1.0747E-03     3.0990E+01     2.8836E+04
   121     9.3000E+06  9.2900E+06     1.0758E-03     3.1220E+01     2.9019E+04
   122     9.2900E+06  9.2800E+06     1.0770E-03     3.1460E+01     2.9211E+04
   123     9.2800E+06  9.2700E+06     1.0782E-03     3.1700E+01     2.9402E+04
   124     9.2700E+06  9.2600E+06     1.0793E-03     3.1950E+01     2.9602E+04
   125     9.2600E+06  9.2500E+06     1.0805E-03     3.2190E+01     2.9792E+04
   126     9.2500E+06  9.2400E+06     1.0817E-03     3.2430E+01     2.9982E+04
   127     9.2400E+06  9.2300E+06     1.0828E-03     3.2680E+01     3.0180E+04
   128     9.2300E+06  9.2200E+06     1.0840E-03     3.2930E+01     3.0378E+04
   129     9.2200E+06  9.2100E+06     1.0852E-03     3.3180E+01     3.0575E+04
   130     9.2100E+06  9.2000E+06     1.0864E-03     3.3440E+01     3.0782E+04
   131     9.2000E+06  9.1900E+06     1.0875E-03     3.3690E+01     3.0978E+04
   132     9.1900E+06  9.1800E+06     1.0887E-03     3.3950E+01     3.1183E+04
   133     9.1800E+06  9.1700E+06     1.0899E-03     3.4210E+01     3.1388E+04
   134     9.1700E+06  9.1600E+06     1.0911E-03     3.4470E+01     3.1592E+04
   135     9.1600E+06  9.1500E+06     1.0923E-03     3.4730E+01     3.1795E+04
   136     9.1500E+06  9.1400E+06     1.0935E-03     3.5000E+01     3.2007E+04
   137     9.1400E+06  9.1300E+06     1.0947E-03     3.5270E+01     3.2219E+04
   138     9.1300E+06  9.1200E+06     1.0959E-03     3.5540E+01     3.2430E+04
   139     9.1200E+06  9.1100E+06     1.0971E-03     3.5810E+01     3.2641E+04
   140     9.1100E+06  9.1000E+06     1.0983E-03     3.6080E+01     3.2851E+04
   141     9.1000E+06  9.0900E+06     1.0995E-03     3.6360E+01     3.3069E+04
   142     9.0900E+06  9.0800E+06     1.1007E-03     3.6630E+01     3.3278E+04
   143     9.0800E+06  9.0700E+06     1.1019E-03     3.6910E+01     3.3496E+04
   144     9.0700E+06  9.0600E+06     1.1031E-03     3.7200E+01     3.3722E+04
   145     9.0600E+06  9.0500E+06     1.1044E-03     3.7480E+01     3.3938E+04
   146     9.0500E+06  9.0400E+06     1.1056E-03     3.7770E+01     3.4163E+04
   147     9.0400E+06  9.0300E+06     1.1068E-03     3.8050E+01     3.4378E+04
   148     9.0300E+06  9.0200E+06     1.1080E-03     3.8350E+01     3.4611E+04
   149     9.0200E+06  9.0100E+06     1.1093E-03     3.8640E+01     3.4834E+04
   150     9.0100E+06  9.0000E+06     1.1105E-03     3.8930E+01     3.5056E+04
   151     9.0000E+06  8.9900E+06     1.1117E-03     3.9230E+01     3.5287E+04
   152     8.9900E+06  8.9800E+06     1.1130E-03     3.9530E+01     3.5518E+04
   153     8.9800E+06  8.9700E+06     1.1142E-03     3.9830E+01     3.5747E+04
   154     8.9700E+06  8.9600E+06     1.1154E-03     4.0140E+01     3.5986E+04
   155     8.9600E+06  8.9500E+06     1.1167E-03     4.0440E+01     3.6214E+04
   156     8.9500E+06  8.9400E+06     1.1179E-03     4.0750E+01     3.6451E+04
   157     8.9400E+06  8.9300E+06     1.1192E-03     4.1060E+01     3.6687E+04
   158     8.9300E+06  8.9200E+06     1.1204E-03     4.1380E+01     3.6932E+04
   159     8.9200E+06  8.9100E+06     1.1217E-03     4.1690E+01     3.7167E+04
   160     8.9100E+06  8.9000E+06     1.1230E-03     4.2010E+01     3.7410E+04
   161     8.9000E+06  8.8900E+06     1.1242E-03     4.2330E+01     3.7653E+04
   162     8.8900E+06  8.8800E+06     1.1255E-03     4.2660E+01     3.7903E+04
   163     8.8800E+06  8.8700E+06     1.1268E-03     4.2980E+01     3.8145E+04
   164     8.8700E+06  8.8600E+06     1.1280E-03     4.3310E+01     3.8394E+04
   165     8.8600E+06  8.8500E+06     1.1293E-03     4.3640E+01     3.8643E+04
   166     8.8500E+06  8.8400E+06     1.1306E-03     4.3970E+01     3.8891E+04
   167     8.8400E+06  8.8300E+06     1.1319E-03     4.4310E+01     3.9148E+04
   168     8.8300E+06  8.8200E+06     1.1331E-03     4.4650E+01     3.9404E+04
   169     8.8200E+06  8.8100E+06     1.1344E-03     4.4990E+01     3.9659E+04
   170     8.8100E+06  8.8000E+06     1.1357E-03     4.5330E+01     3.9913E+04
   171     8.8000E+06  8.7900E+06     1.1370E-03     4.5680E+01     4.0176E+04
   172     8.7900E+06  8.7800E+06     1.1383E-03     4.6030E+01     4.0437E+04
   173     8.7800E+06  8.7700E+06     1.1396E-03     4.6380E+01     4.0698E+04
   174     8.7700E+06  8.7600E+06     1.1409E-03     4.6730E+01     4.0959E+04
   175     8.7600E+06  8.7500E+06     1.1422E-03     4.7090E+01     4.1227E+04
   176     8.7500E+06  8.7400E+06     1.1435E-03     4.7450E+01     4.1495E+04
   177     8.7400E+06  8.7300E+06     1.1448E-03     4.7810E+01     4.1762E+04
   178     8.7300E+06  8.7200E+06     1.1461E-03     4.8180E+01     4.2037E+04
   179     8.7200E+06  8.7100E+06     1.1474E-03     4.8540E+01     4.2303E+04
   180     8.7100E+06  8.7000E+06     1.1488E-03     4.8920E+01     4.2585E+04
   181     8.7000E+06  8.6900E+06     1.1501E-03     4.9290E+01     4.2858E+04
   182     8.6900E+06  8.6800E+06     1.1514E-03     4.9670E+01     4.3138E+04
   183     8.6800E+06  8.6700E+06     1.1527E-03     5.0050E+01     4.3418E+04
   184     8.6700E+06  8.6600E+06     1.1541E-03     5.0430E+01     4.3698E+04
   185     8.6600E+06  8.6500E+06     1.1554E-03     5.0810E+01     4.3976E+04
   186     8.6500E+06  8.6400E+06     1.1567E-03     5.1200E+01     4.4262E+04
   187     8.6400E+06  8.6300E+06     1.1581E-03     5.1590E+01     4.4548E+04
   188     8.6300E+06  8.6200E+06     1.1594E-03     5.1990E+01     4.4841E+04
   189     8.6200E+06  8.6100E+06     1.1608E-03     5.2380E+01     4.5125E+04
   190     8.6100E+06  8.6000E+06     1.1621E-03     5.2780E+01     4.5417E+04
   191     8.6000E+06  8.5900E+06     1.1635E-03     5.3190E+01     4.5717E+04
   192     8.5900E+06  8.5800E+06     1.1648E-03     5.3590E+01     4.6007E+04
   193     8.5800E+06  8.5700E+06     1.1662E-03     5.4000E+01     4.6305E+04
   194     8.5700E+06  8.5600E+06     1.1675E-03     5.4410E+01     4.6602E+04
   195     8.5600E+06  8.5500E+06     1.1689E-03     5.4830E+01     4.6907E+04
   196     8.5500E+06  8.5400E+06     1.1703E-03     5.5250E+01     4.7211E+04
   197     8.5400E+06  8.5300E+06     1.1716E-03     5.5670E+01     4.7514E+04
   198     8.5300E+06  8.5200E+06     1.1730E-03     5.6100E+01     4.7825E+04
   199     8.5200E+06  8.5100E+06     1.1744E-03     5.6520E+01     4.8127E+04
   200     8.5100E+06  8.5000E+06     1.1758E-03     5.6960E+01     4.8444E+04
   201     8.5000E+06  8.4900E+06     1.1772E-03     5.7390E+01     4.8753E+04
   202     8.4900E+06  8.4800E+06     1.1786E-03     5.7830E+01     4.9069E+04
   203     8.4800E+06  8.4700E+06     1.1799E-03     5.8270E+01     4.9384E+04
   204     8.4700E+06  8.4600E+06     1.1813E-03     5.8720E+01     4.9706E+04
   205     8.4600E+06  8.4500E+06     1.1827E-03     5.9160E+01     5.0020E+04
   206     8.4500E+06  8.4400E+06     1.1841E-03     5.9620E+01     5.0349E+04
   207     8.4400E+06  8.4300E+06     1.1855E-03     6.0070E+01     5.0669E+04
   208     8.4300E+06  8.4200E+06     1.1869E-03     6.0530E+01     5.0997E+04
   209     8.4200E+06  8.4100E+06     1.1884E-03     6.0990E+01     5.1323E+04
   210     8.4100E+06  8.4000E+06     1.1898E-03     6.1460E+01     5.1657E+04
   211     8.4000E+06  8.3900E+06     1.1912E-03     6.1930E+01     5.1990E+04
   212     8.3900E+06  8.3800E+06     1.1926E-03     6.2400E+01     5.2322E+04
   213     8.3800E+06  8.3700E+06     1.1940E-03     6.2880E+01     5.2662E+04
   214     8.3700E+06  8.3600E+06     1.1955E-03     6.3360E+01     5.3001E+04
   215     8.3600E+06  8.3500E+06     1.1969E-03     6.3840E+01     5.3338E+04
   216     8.3500E+06  8.3400E+06     1.1983E-03     6.4330E+01     5.3683E+04
   217     8.3400E+06  8.3300E+06     1.1998E-03     6.4820E+01     5.4027E+04
   218     8.3300E+06  8.3200E+06     1.2012E-03     6.5310E+01     5.4371E+04
   219     8.3200E+06  8.3100E+06     1.2026E-03     6.5810E+01     5.4721E+04
   220     8.3100E+06  8.3000E+06     1.2041E-03     6.6320E+01     5.5079E+04
   221     8.3000E+06  8.2900E+06     1.2055E-03     6.6820E+01     5.5427E+04
   222     8.2900E+06  8.2800E+06     1.2070E-03     6.7330E+01     5.5783E+04
   223     8.2800E+06  8.2700E+06     1.2085E-03     6.7850E+01     5.6146E+04
   224     8.2700E+06  8.2600E+06     1.2099E-03     6.8370E+01     5.6508E+04
   225     8.2600E+06  8.2500E+06     1.2114E-03     6.8890E+01     5.6869E+04
   226     8.2500E+06  8.2400E+06     1.2129E-03     6.9410E+01     5.7229E+04
   227     8.2400E+06  8.2300E+06     1.2143E-03     6.9940E+01     5.7596E+04
   228     8.2300E+06  8.2200E+06     1.2158E-03     7.0480E+01     5.7970E+04
   229     8.2200E+06  8.2100E+06     1.2173E-03     7.1020E+01     5.8343E+04
   230     8.2100E+06  8.2000E+06     1.2188E-03     7.1560E+01     5.8715E+04
   231     8.2000E+06  8.1900E+06     1.2203E-03     7.2100E+01     5.9086E+04
   232     8.1900E+06  8.1800E+06     1.2217E-03     7.2660E+01     5.9472E+04
   233     8.1800E+06  8.1700E+06     1.2232E-03     7.3210E+01     5.9849E+04
   234     8.1700E+06  8.1600E+06     1.2247E-03     7.3770E+01     6.0233E+04
   235     8.1600E+06  8.1500E+06     1.2262E-03     7.4330E+01     6.0616E+04
   236     8.1500E+06  8.1400E+06     1.2277E-03     7.4900E+01     6.1006E+04
   237     8.1400E+06  8.1300E+06     1.2293E-03     7.5470E+01     6.1395E+04
   238     8.1300E+06  8.1200E+06     1.2308E-03     7.6050E+01     6.1791E+04
   239     8.1200E+06  8.1100E+06     1.2323E-03     7.6630E+01     6.2185E+04
   240     8.1100E+06  8.1000E+06     1.2338E-03     7.7210E+01     6.2579E+04
   241     8.1000E+06  8.0900E+06     1.2353E-03     7.7800E+01     6.2979E+04
   242     8.0900E+06  8.0800E+06     1.2369E-03     7.8400E+01     6.3386E+04
   243     8.0800E+06  8.0700E+06     1.2384E-03     7.9000E+01     6.3792E+04
   244     8.0700E+06  8.0600E+06     1.2399E-03     7.9600E+01     6.4197E+04
   245     8.0600E+06  8.0500E+06     1.2415E-03     8.0210E+01     6.4609E+04
   246     8.0500E+06  8.0400E+06     1.2430E-03     8.0820E+01     6.5020E+04
   247     8.0400E+06  8.0300E+06     1.2446E-03     8.1440E+01     6.5437E+04
   248     8.0300E+06  8.0200E+06     1.2461E-03     8.2060E+01     6.5853E+04
   249     8.0200E+06  8.0100E+06     1.2477E-03     8.2690E+01     6.6276E+04
   250     8.0100E+06  8.0000E+06     1.2492E-03     8.3320E+01     6.6698E+04
   251     8.0000E+06  7.9900E+06     1.2508E-03     8.3950E+01     6.7118E+04
   252     7.9900E+06  7.9800E+06     1.2523E-03     8.4600E+01     6.7553E+04
   253     7.9800E+06  7.9700E+06     1.2539E-03     8.5240E+01     6.7979E+04
   254     7.9700E+06  7.9600E+06     1.2555E-03     8.5890E+01     6.8411E+04
   255     7.9600E+06  7.9500E+06     1.2571E-03     8.6550E+01     6.8851E+04
   256     7.9500E+06  7.9400E+06     1.2587E-03     8.7210E+01     6.9288E+04
   257     7.9400E+06  7.9300E+06     1.2602E-03     8.7880E+01     6.9733E+04
   258     7.9300E+06  7.9200E+06     1.2618E-03     8.8550E+01     7.0176E+04
   259     7.9200E+06  7.9100E+06     1.2634E-03     8.9220E+01     7.0618E+04
   260     7.9100E+06  7.9000E+06     1.2650E-03     8.9900E+01     7.1066E+04
   261     7.9000E+06  7.8900E+06     1.2666E-03     9.0590E+01     7.1521E+04
   262     7.8900E+06  7.8800E+06     1.2682E-03     9.1280E+01     7.1974E+04
   263     7.8800E+06  7.8700E+06     1.2698E-03     9.1980E+01     7.2434E+04
   264     7.8700E+06  7.8600E+06     1.2715E-03     9.2680E+01     7.2893E+04
   265     7.8600E+06  7.8500E+06     1.2731E-03     9.3390E+01     7.3358E+04
   266     7.8500E+06  7.8400E+06     1.2747E-03     9.4100E+01     7.3821E+04
   267     7.8400E+06  7.8300E+06     1.2763E-03     9.4820E+01     7.4291E+04
   268     7.8300E+06  7.8200E+06     1.2780E-03     9.5550E+01     7.4768E+04
   269     7.8200E+06  7.8100E+06     1.2796E-03     9.6280E+01     7.5243E+04
   270     7.8100E+06  7.8000E+06     1.2812E-03     9.7010E+01     7.5716E+04
   271     7.8000E+06  7.7900E+06     1.2829E-03     9.7750E+01     7.6196E+04
   272     7.7900E+06  7.7800E+06     1.2845E-03     9.8500E+01     7.6682E+04
   273     7.7800E+06  7.7700E+06     1.2862E-03     9.9250E+01     7.7167E+04
   274     7.7700E+06  7.7600E+06     1.2878E-03     1.0001E+02     7.7658E+04
   275     7.7600E+06  7.7500E+06     1.2895E-03     1.0077E+02     7.8147E+04
   276     7.7500E+06  7.7400E+06     1.2912E-03     1.0154E+02     7.8643E+04
   277     7.7400E+06  7.7300E+06     1.2928E-03     1.0232E+02     7.9145E+04
   278     7.7300E+06  7.7200E+06     1.2945E-03     1.0310E+02     7.9645E+04
   279     7.7200E+06  7.7100E+06     1.2962E-03     1.0389E+02     8.0151E+04
   280     7.7100E+06  7.7000E+06     1.2979E-03     1.0468E+02     8.0656E+04
   281     7.7000E+06  7.6900E+06     1.2995E-03     1.0548E+02     8.1167E+04
   282     7.6900E+06  7.6800E+06     1.3012E-03     1.0629E+02     8.1684E+04
   283     7.6800E+06  7.6700E+06     1.3029E-03     1.0710E+02     8.2199E+04
   284     7.6700E+06  7.6600E+06     1.3046E-03     1.0791E+02     8.2713E+04
   285     7.6600E+06  7.6500E+06     1.3063E-03     1.0874E+02     8.3240E+04
   286     7.6500E+06  7.6400E+06     1.3080E-03     1.0957E+02     8.3766E+04
   287     7.6400E+06  7.6300E+06     1.3098E-03     1.1041E+02     8.4298E+04
   288     7.6300E+06  7.6200E+06     1.3115E-03     1.1125E+02     8.4828E+04
   289     7.6200E+06  7.6100E+06     1.3132E-03     1.1210E+02     8.5364E+04
   290     7.6100E+06  7.6000E+06     1.3149E-03     1.1295E+02     8.5898E+04
   291     7.6000E+06  7.5900E+06     1.3167E-03     1.1382E+02     8.6446E+04
   292     7.5900E+06  7.5800E+06     1.3184E-03     1.1469E+02     8.6992E+04
   293     7.5800E+06  7.5700E+06     1.3201E-03     1.1556E+02     8.7537E+04
   294     7.5700E+06  7.5600E+06     1.3219E-03     1.1645E+02     8.8094E+04
   295     7.5600E+06  7.5500E+06     1.3236E-03     1.1733E+02     8.8643E+04
   296     7.5500E+06  7.5400E+06     1.3254E-03     1.1823E+02     8.9205E+04
   297     7.5400E+06  7.5300E+06     1.3271E-03     1.1913E+02     8.9764E+04
   298     7.5300E+06  7.5200E+06     1.3289E-03     1.2004E+02     9.0330E+04
   299     7.5200E+06  7.5100E+06     1.3307E-03     1.2096E+02     9.0901E+04
   300     7.5100E+06  7.5000E+06     1.3324E-03     1.2188E+02     9.1471E+04
   301     7.5000E+06  7.4900E+06     1.3342E-03     1.2281E+02     9.2046E+04
   302     7.4900E+06  7.4800E+06     1.3360E-03     1.2375E+02     9.2627E+04
   303     7.4800E+06  7.4700E+06     1.3378E-03     1.2470E+02     9.3213E+04
   304     7.4700E+06  7.4600E+06     1.3396E-03     1.2565E+02     9.3798E+04
   305     7.4600E+06  7.4500E+06     1.3414E-03     1.2661E+02     9.4388E+04
   306     7.4500E+06  7.4400E+06     1.3432E-03     1.2758E+02     9.4983E+04
   307     7.4400E+06  7.4300E+06     1.3450E-03     1.2855E+02     9.5577E+04
   308     7.4300E+06  7.4200E+06     1.3468E-03     1.2953E+02     9.6176E+04
   309     7.4200E+06  7.4100E+06     1.3486E-03     1.3052E+02     9.6781E+04
   310     7.4100E+06  7.4000E+06     1.3504E-03     1.3152E+02     9.7391E+04
   311     7.4000E+06  7.3900E+06     1.3523E-03     1.3252E+02     9.7999E+04
   312     7.3900E+06  7.3800E+06     1.3541E-03     1.3353E+02     9.8612E+04
   313     7.3800E+06  7.3700E+06     1.3559E-03     1.3455E+02     9.9231E+04
   314     7.3700E+06  7.3600E+06     1.3578E-03     1.3558E+02     9.9855E+04
   315     7.3600E+06  7.3500E+06     1.3596E-03     1.3662E+02     1.0048E+05
   316     7.3500E+06  7.3400E+06     1.3615E-03     1.3766E+02     1.0111E+05
   317     7.3400E+06  7.3300E+06     1.3633E-03     1.3871E+02     1.0174E+05
   318     7.3300E+06  7.3200E+06     1.3652E-03     1.3977E+02     1.0238E+05
   319     7.3200E+06  7.3100E+06     1.3671E-03     1.4084E+02     1.0302E+05
   320     7.3100E+06  7.3000E+06     1.3689E-03     1.4191E+02     1.0367E+05
   321     7.3000E+06  7.2900E+06     1.3708E-03     1.4300E+02     1.0432E+05
   322     7.2900E+06  7.2800E+06     1.3727E-03     1.4409E+02     1.0497E+05
   323     7.2800E+06  7.2700E+06     1.3746E-03     1.4519E+02     1.0563E+05
   324     7.2700E+06  7.2600E+06     1.3765E-03     1.4630E+02     1.0629E+05
   325     7.2600E+06  7.2500E+06     1.3784E-03     1.4742E+02     1.0695E+05
   326     7.2500E+06  7.2400E+06     1.3803E-03     1.4854E+02     1.0762E+05
   327     7.2400E+06  7.2300E+06     1.3822E-03     1.4968E+02     1.0829E+05
   328     7.2300E+06  7.2200E+06     1.3841E-03     1.5082E+02     1.0897E+05
   329     7.2200E+06  7.2100E+06     1.3860E-03     1.5197E+02     1.0965E+05
   330     7.2100E+06  7.2000E+06     1.3879E-03     1.5313E+02     1.1033E+05
   331     7.2000E+06  7.1900E+06     1.3899E-03     1.5430E+02     1.1102E+05
   332     7.1900E+06  7.1800E+06     1.3918E-03     1.5548E+02     1.1171E+05
   333     7.1800E+06  7.1700E+06     1.3937E-03     1.5667E+02     1.1241E+05
   334     7.1700E+06  7.1600E+06     1.3957E-03     1.5786E+02     1.1311E+05
   335     7.1600E+06  7.1500E+06     1.3976E-03     1.5907E+02     1.1381E+05
   336     7.1500E+06  7.1400E+06     1.3996E-03     1.6028E+02     1.1452E+05
   337     7.1400E+06  7.1300E+06     1.4015E-03     1.6151E+02     1.1524E+05
   338     7.1300E+06  7.1200E+06     1.4035E-03     1.6274E+02     1.1595E+05
   339     7.1200E+06  7.1100E+06     1.4055E-03     1.6398E+02     1.1667E+05
   340     7.1100E+06  7.1000E+06     1.4075E-03     1.6524E+02     1.1740E+05
   341     7.1000E+06  7.0900E+06     1.4094E-03     1.6650E+02     1.1813E+05
   342     7.0900E+06  7.0800E+06     1.4114E-03     1.6777E+02     1.1887E+05
   343     7.0800E+06  7.0700E+06     1.4134E-03     1.6905E+02     1.1960E+05
   344     7.0700E+06  7.0600E+06     1.4154E-03     1.7034E+02     1.2035E+05
   345     7.0600E+06  7.0500E+06     1.4174E-03     1.7164E+02     1.2109E+05
   346     7.0500E+06  7.0400E+06     1.4194E-03     1.7295E+02     1.2184E+05
   347     7.0400E+06  7.0300E+06     1.4215E-03     1.7427E+02     1.2260E+05
   348     7.0300E+06  7.0200E+06     1.4235E-03     1.7560E+02     1.2336E+05
   349     7.0200E+06  7.0100E+06     1.4255E-03     1.7695E+02     1.2413E+05
   350     7.0100E+06  7.0000E+06     1.4276E-03     1.7830E+02     1.2490E+05
   351     7.0000E+06  6.9900E+06     1.4296E-03     1.7966E+02     1.2567E+05
   352     6.9900E+06  6.9800E+06     1.4316E-03     1.8103E+02     1.2645E+05
   353     6.9800E+06  6.9700E+06     1.4337E-03     1.8241E+02     1.2723E+05
   354     6.9700E+06  6.9600E+06     1.4358E-03     1.8381E+02     1.2802E+05
   355     6.9600E+06  6.9500E+06     1.4378E-03     1.8521E+02     1.2881E+05
   356     6.9500E+06  6.9400E+06     1.4399E-03     1.8662E+02     1.2961E+05
   357     6.9400E+06  6.9300E+06     1.4420E-03     1.8805E+02     1.3041E+05
   358     6.9300E+06  6.9200E+06     1.4440E-03     1.8948E+02     1.3121E+05
   359     6.9200E+06  6.9100E+06     1.4461E-03     1.9093E+02     1.3203E+05
   360     6.9100E+06  6.9000E+06     1.4482E-03     1.9239E+02     1.3285E+05
   361     6.9000E+06  6.8900E+06     1.4503E-03     1.9386E+02     1.3367E+05
   362     6.8900E+06  6.8800E+06     1.4524E-03     1.9534E+02     1.3449E+05
   363     6.8800E+06  6.8700E+06     1.4545E-03     1.9683E+02     1.3532E+05
   364     6.8700E+06  6.8600E+06     1.4567E-03     1.9833E+02     1.3615E+05
   365     6.8600E+06  6.8500E+06     1.4588E-03     1.9985E+02     1.3700E+05
   366     6.8500E+06  6.8400E+06     1.4609E-03     2.0137E+02     1.3784E+05
   367     6.8400E+06  6.8300E+06     1.4631E-03     2.0291E+02     1.3869E+05
   368     6.8300E+06  6.8200E+06     1.4652E-03     2.0446E+02     1.3954E+05
   369     6.8200E+06  6.8100E+06     1.4674E-03     2.0602E+02     1.4040E+05
   370     6.8100E+06  6.8000E+06     1.4695E-03     2.0760E+02     1.4127E+05
   371     6.8000E+06  6.7900E+06     1.4717E-03     2.0918E+02     1.4214E+05
   372     6.7900E+06  6.7800E+06     1.4738E-03     2.1078E+02     1.4301E+05
   373     6.7800E+06  6.7700E+06     1.4760E-03     2.1239E+02     1.4389E+05
   374     6.7700E+06  6.7600E+06     1.4782E-03     2.1401E+02     1.4478E+05
   375     6.7600E+06  6.7500E+06     1.4804E-03     2.1565E+02     1.4567E+05
   376     6.7500E+06  6.7400E+06     1.4826E-03     2.1729E+02     1.4656E+05
   377     6.7400E+06  6.7300E+06     1.4848E-03     2.1895E+02     1.4746E+05
   378     6.7300E+06  6.7200E+06     1.4870E-03     2.2062E+02     1.4837E+05
   379     6.7200E+06  6.7100E+06     1.4892E-03     2.2231E+02     1.4928E+05
   380     6.7100E+06  6.7000E+06     1.4914E-03     2.2401E+02     1.5020E+05
   381     6.7000E+06  6.6900E+06     1.4937E-03     2.2572E+02     1.5112E+05
   382     6.6900E+06  6.6800E+06     1.4959E-03     2.2744E+02     1.5204E+05
   383     6.6800E+06  6.6700E+06     1.4981E-03     2.2918E+02     1.5298E+05
   384     6.6700E+06  6.6600E+06     1.5004E-03     2.3093E+02     1.5391E+05
   385     6.6600E+06  6.6500E+06     1.5026E-03     2.3269E+02     1.5486E+05
   386     6.6500E+06  6.6400E+06     1.5049E-03     2.3447E+02     1.5581E+05
   387     6.6400E+06  6.6300E+06     1.5072E-03     2.3626E+02     1.5676E+05
   388     6.6300E+06  6.6200E+06     1.5094E-03     2.3806E+02     1.5771E+05
   389     6.6200E+06  6.6100E+06     1.5117E-03     2.3988E+02     1.5868E+05
   390     6.6100E+06  6.6000E+06     1.5140E-03     2.4171E+02     1.5965E+05
   391     6.6000E+06  6.5900E+06     1.5163E-03     2.4356E+02     1.6063E+05
   392     6.5900E+06  6.5800E+06     1.5186E-03     2.4542E+02     1.6161E+05
   393     6.5800E+06  6.5700E+06     1.5209E-03     2.4729E+02     1.6259E+05
   394     6.5700E+06  6.5600E+06     1.5232E-03     2.4918E+02     1.6359E+05
   395     6.5600E+06  6.5500E+06     1.5256E-03     2.5108E+02     1.6458E+05
   396     6.5500E+06  6.5400E+06     1.5279E-03     2.5300E+02     1.6559E+05
   397     6.5400E+06  6.5300E+06     1.5302E-03     2.5493E+02     1.6660E+05
   398     6.5300E+06  6.5200E+06     1.5326E-03     2.5688E+02     1.6761E+05
   399     6.5200E+06  6.5100E+06     1.5349E-03     2.5884E+02     1.6863E+05
   400     6.5100E+06  6.5000E+06     1.5373E-03     2.6081E+02     1.6966E+05
   401     6.5000E+06  6.4900E+06     1.5396E-03     2.6281E+02     1.7070E+05
   402     6.4900E+06  6.4800E+06     1.5420E-03     2.6481E+02     1.7173E+05
   403     6.4800E+06  6.4700E+06     1.5444E-03     2.6684E+02     1.7278E+05
   404     6.4700E+06  6.4600E+06     1.5468E-03     2.6887E+02     1.7382E+05
   405     6.4600E+06  6.4500E+06     1.5492E-03     2.7093E+02     1.7489E+05
   406     6.4500E+06  6.4400E+06     1.5516E-03     2.7299E+02     1.7594E+05
   407     6.4400E+06  6.4300E+06     1.5540E-03     2.7508E+02     1.7701E+05
   408     6.4300E+06  6.4200E+06     1.5564E-03     2.7718E+02     1.7809E+05
   409     6.4200E+06  6.4100E+06     1.5588E-03     2.7930E+02     1.7917E+05
   410     6.4100E+06  6.4000E+06     1.5613E-03     2.8143E+02     1.8026E+05
   411     6.4000E+06  6.3900E+06     1.5637E-03     2.8358E+02     1.8135E+05
   412     6.3900E+06  6.3800E+06     1.5662E-03     2.8574E+02     1.8244E+05
   413     6.3800E+06  6.3700E+06     1.5686E-03     2.8792E+02     1.8355E+05
   414     6.3700E+06  6.3600E+06     1.5711E-03     2.9012E+02     1.8466E+05
   415     6.3600E+06  6.3500E+06     1.5736E-03     2.9234E+02     1.8578E+05
   416     6.3500E+06  6.3400E+06     1.5760E-03     2.9457E+02     1.8690E+05
   417     6.3400E+06  6.3300E+06     1.5785E-03     2.9682E+02     1.8804E+05
   418     6.3300E+06  6.3200E+06     1.5810E-03     2.9909E+02     1.8917E+05
   419     6.3200E+06  6.3100E+06     1.5835E-03     3.0137E+02     1.9032E+05
   420     6.3100E+06  6.3000E+06     1.5860E-03     3.0367E+02     1.9146E+05
   421     6.3000E+06  6.2900E+06     1.5886E-03     3.0599E+02     1.9262E+05
   422     6.2900E+06  6.2800E+06     1.5911E-03     3.0833E+02     1.9379E+05
   423     6.2800E+06  6.2700E+06     1.5936E-03     3.1068E+02     1.9495E+05
   424     6.2700E+06  6.2600E+06     1.5962E-03     3.1305E+02     1.9613E+05
   425     6.2600E+06  6.2500E+06     1.5987E-03     3.1544E+02     1.9731E+05
   426     6.2500E+06  6.2400E+06     1.6013E-03     3.1785E+02     1.9850E+05
   427     6.2400E+06  6.2300E+06     1.6038E-03     3.2028E+02     1.9969E+05
   428     6.2300E+06  6.2200E+06     1.6064E-03     3.2272E+02     2.0089E+05
   429     6.2200E+06  6.2100E+06     1.6090E-03     3.2519E+02     2.0211E+05
   430     6.2100E+06  6.2000E+06     1.6116E-03     3.2767E+02     2.0332E+05
   431     6.2000E+06  6.1900E+06     1.6142E-03     3.3017E+02     2.0454E+05
   432     6.1900E+06  6.1800E+06     1.6168E-03     3.3269E+02     2.0577E+05
   433     6.1800E+06  6.1700E+06     1.6194E-03     3.3523E+02     2.0700E+05
   434     6.1700E+06  6.1600E+06     1.6221E-03     3.3779E+02     2.0825E+05
   435     6.1600E+06  6.1500E+06     1.6247E-03     3.4037E+02     2.0950E+05
   436     6.1500E+06  6.1400E+06     1.6273E-03     3.4297E+02     2.1076E+05
   437     6.1400E+06  6.1300E+06     1.6300E-03     3.4559E+02     2.1202E+05
   438     6.1300E+06  6.1200E+06     1.6327E-03     3.4823E+02     2.1329E+05
   439     6.1200E+06  6.1100E+06     1.6353E-03     3.5089E+02     2.1457E+05
   440     6.1100E+06  6.1000E+06     1.6380E-03     3.5356E+02     2.1585E+05
   441     6.1000E+06  6.0900E+06     1.6407E-03     3.5626E+02     2.1714E+05
   442     6.0900E+06  6.0800E+06     1.6434E-03     3.5898E+02     2.1844E+05
   443     6.0800E+06  6.0700E+06     1.6461E-03     3.6172E+02     2.1974E+05
   444     6.0700E+06  6.0600E+06     1.6488E-03     3.6449E+02     2.2106E+05
   445     6.0600E+06  6.0500E+06     1.6515E-03     3.6727E+02     2.2238E+05
   446     6.0500E+06  6.0400E+06     1.6543E-03     3.7007E+02     2.2371E+05
   447     6.0400E+06  6.0300E+06     1.6570E-03     3.7290E+02     2.2505E+05
   448     6.0300E+06  6.0200E+06     1.6598E-03     3.7574E+02     2.2638E+05
   449     6.0200E+06  6.0100E+06     1.6625E-03     3.7861E+02     2.2773E+05
   450     6.0100E+06  6.0000E+06     1.6653E-03     3.8150E+02     2.2909E+05
   451     6.0000E+06  5.9900E+06     1.6681E-03     3.8442E+02     2.3046E+05
   452     5.9900E+06  5.9800E+06     1.6708E-03     3.8735E+02     2.3183E+05
   453     5.9800E+06  5.9700E+06     1.6736E-03     3.9031E+02     2.3321E+05
   454     5.9700E+06  5.9600E+06     1.6764E-03     3.9329E+02     2.3460E+05
   455     5.9600E+06  5.9500E+06     1.6793E-03     3.9629E+02     2.3599E+05
   456     5.9500E+06  5.9400E+06     1.6821E-03     3.9931E+02     2.3739E+05
   457     5.9400E+06  5.9300E+06     1.6849E-03     4.0236E+02     2.3880E+05
   458     5.9300E+06  5.9200E+06     1.6878E-03     4.0543E+02     2.4022E+05
   459     5.9200E+06  5.9100E+06     1.6906E-03     4.0853E+02     2.4165E+05
   460     5.9100E+06  5.9000E+06     1.6935E-03     4.1165E+02     2.4308E+05
   461     5.9000E+06  5.8900E+06     1.6964E-03     4.1479E+02     2.4452E+05
   462     5.8900E+06  5.8800E+06     1.6992E-03     4.1796E+02     2.4597E+05
   463     5.8800E+06  5.8700E+06     1.7021E-03     4.2115E+02     2.4743E+05
   464     5.8700E+06  5.8600E+06     1.7050E-03     4.2436E+02     2.4889E+05
   465     5.8600E+06  5.8500E+06     1.7079E-03     4.2760E+02     2.5036E+05
   466     5.8500E+06  5.8400E+06     1.7109E-03     4.3087E+02     2.5184E+05
   467     5.8400E+06  5.8300E+06     1.7138E-03     4.3415E+02     2.5333E+05
   468     5.8300E+06  5.8200E+06     1.7167E-03     4.3747E+02     2.5483E+05
   469     5.8200E+06  5.8100E+06     1.7197E-03     4.4081E+02     2.5633E+05
   470     5.8100E+06  5.8000E+06     1.7227E-03     4.4417E+02     2.5784E+05
   471     5.8000E+06  5.7900E+06     1.7256E-03     4.4756E+02     2.5936E+05
   472     5.7900E+06  5.7800E+06     1.7286E-03     4.5098E+02     2.6089E+05
   473     5.7800E+06  5.7700E+06     1.7316E-03     4.5442E+02     2.6243E+05
   474     5.7700E+06  5.7600E+06     1.7346E-03     4.5789E+02     2.6397E+05
   475     5.7600E+06  5.7500E+06     1.7376E-03     4.6139E+02     2.6553E+05
   476     5.7500E+06  5.7400E+06     1.7406E-03     4.6491E+02     2.6709E+05
   477     5.7400E+06  5.7300E+06     1.7437E-03     4.6846E+02     2.6866E+05
   478     5.7300E+06  5.7200E+06     1.7467E-03     4.7203E+02     2.7024E+05
   479     5.7200E+06  5.7100E+06     1.7498E-03     4.7563E+02     2.7182E+05
   480     5.7100E+06  5.7000E+06     1.7528E-03     4.7926E+02     2.7342E+05
   481     5.7000E+06  5.6900E+06     1.7559E-03     4.8292E+02     2.7502E+05
   482     5.6900E+06  5.6800E+06     1.7590E-03     4.8661E+02     2.7664E+05
   483     5.6800E+06  5.6700E+06     1.7621E-03     4.9032E+02     2.7826E+05
   484     5.6700E+06  5.6600E+06     1.7652E-03     4.9406E+02     2.7988E+05
   485     5.6600E+06  5.6500E+06     1.7683E-03     4.9783E+02     2.8152E+05
   486     5.6500E+06  5.6400E+06     1.7715E-03     5.0163E+02     2.8317E+05
   487     5.6400E+06  5.6300E+06     1.7746E-03     5.0546E+02     2.8483E+05
   488     5.6300E+06  5.6200E+06     1.7778E-03     5.0932E+02     2.8649E+05
   489     5.6200E+06  5.6100E+06     1.7809E-03     5.1321E+02     2.8817E+05
   490     5.6100E+06  5.6000E+06     1.7841E-03     5.1712E+02     2.8985E+05
   491     5.6000E+06  5.5900E+06     1.7873E-03     5.2107E+02     2.9154E+05
   492     5.5900E+06  5.5800E+06     1.7905E-03     5.2504E+02     2.9323E+05
   493     5.5800E+06  5.5700E+06     1.7937E-03     5.2905E+02     2.9495E+05
   494     5.5700E+06  5.5600E+06     1.7969E-03     5.3309E+02     2.9666E+05
   495     5.5600E+06  5.5500E+06     1.8002E-03     5.3716E+02     2.9839E+05
   496     5.5500E+06  5.5400E+06     1.8034E-03     5.4125E+02     3.0012E+05
   497     5.5400E+06  5.5300E+06     1.8067E-03     5.4538E+02     3.0187E+05
   498     5.5300E+06  5.5200E+06     1.8100E-03     5.4955E+02     3.0363E+05
   499     5.5200E+06  5.5100E+06     1.8132E-03     5.5374E+02     3.0539E+05
   500     5.5100E+06  5.5000E+06     1.8165E-03     5.5796E+02     3.0716E+05
   501     5.5000E+06  5.4900E+06     1.8198E-03     5.6222E+02     3.0894E+05
   502     5.4900E+06  5.4800E+06     1.8232E-03     5.6651E+02     3.1073E+05
   503     5.4800E+06  5.4700E+06     1.8265E-03     5.7083E+02     3.1253E+05
   504     5.4700E+06  5.4600E+06     1.8298E-03     5.7519E+02     3.1434E+05
   505     5.4600E+06  5.4500E+06     1.8332E-03     5.7958E+02     3.1616E+05
   506     5.4500E+06  5.4400E+06     1.8365E-03     5.8400E+02     3.1799E+05
   507     5.4400E+06  5.4300E+06     1.8399E-03     5.8845E+02     3.1982E+05
   508     5.4300E+06  5.4200E+06     1.8433E-03     5.9294E+02     3.2167E+05
   509     5.4200E+06  5.4100E+06     1.8467E-03     5.9747E+02     3.2353E+05
   510     5.4100E+06  5.4000E+06     1.8501E-03     6.0202E+02     3.2539E+05
   511     5.4000E+06  5.3900E+06     1.8536E-03     6.0662E+02     3.2727E+05
   512     5.3900E+06  5.3800E+06     1.8570E-03     6.1124E+02     3.2915E+05
   513     5.3800E+06  5.3700E+06     1.8605E-03     6.1591E+02     3.3105E+05
   514     5.3700E+06  5.3600E+06     1.8639E-03     6.2061E+02     3.3296E+05
   515     5.3600E+06  5.3500E+06     1.8674E-03     6.2534E+02     3.3487E+05
   516     5.3500E+06  5.3400E+06     1.8709E-03     6.3011E+02     3.3679E+05
   517     5.3400E+06  5.3300E+06     1.8744E-03     6.3491E+02     3.3872E+05
   518     5.3300E+06  5.3200E+06     1.8779E-03     6.3976E+02     3.4067E+05
   519     5.3200E+06  5.3100E+06     1.8815E-03     6.4464E+02     3.4263E+05
   520     5.3100E+06  5.3000E+06     1.8850E-03     6.4955E+02     3.4459E+05
   521     5.3000E+06  5.2900E+06     1.8886E-03     6.5451E+02     3.4656E+05
   522     5.2900E+06  5.2800E+06     1.8921E-03     6.5950E+02     3.4855E+05
   523     5.2800E+06  5.2700E+06     1.8957E-03     6.6453E+02     3.5054E+05
   524     5.2700E+06  5.2600E+06     1.8993E-03     6.6960E+02     3.5254E+05
   525     5.2600E+06  5.2500E+06     1.9030E-03     6.7470E+02     3.5455E+05
   526     5.2500E+06  5.2400E+06     1.9066E-03     6.7985E+02     3.5658E+05
   527     5.2400E+06  5.2300E+06     1.9102E-03     6.8503E+02     3.5861E+05
   528     5.2300E+06  5.2200E+06     1.9139E-03     6.9025E+02     3.6066E+05
   529     5.2200E+06  5.2100E+06     1.9175E-03     6.9552E+02     3.6271E+05
   530     5.2100E+06  5.2000E+06     1.9212E-03     7.0082E+02     3.6478E+05
   531     5.2000E+06  5.1900E+06     1.9249E-03     7.0616E+02     3.6685E+05
   532     5.1900E+06  5.1800E+06     1.9286E-03     7.1155E+02     3.6894E+05
   533     5.1800E+06  5.1700E+06     1.9324E-03     7.1697E+02     3.7103E+05
   534     5.1700E+06  5.1600E+06     1.9361E-03     7.2244E+02     3.7314E+05
   535     5.1600E+06  5.1500E+06     1.9399E-03     7.2795E+02     3.7526E+05
   536     5.1500E+06  5.1400E+06     1.9436E-03     7.3350E+02     3.7739E+05
   537     5.1400E+06  5.1300E+06     1.9474E-03     7.3909E+02     3.7952E+05
   538     5.1300E+06  5.1200E+06     1.9512E-03     7.4472E+02     3.8167E+05
   539     5.1200E+06  5.1100E+06     1.9550E-03     7.5040E+02     3.8383E+05
   540     5.1100E+06  5.1000E+06     1.9589E-03     7.5612E+02     3.8600E+05
   541     5.1000E+06  5.0900E+06     1.9627E-03     7.6188E+02     3.8818E+05
   542     5.0900E+06  5.0800E+06     1.9666E-03     7.6769E+02     3.9037E+05
   543     5.0800E+06  5.0700E+06     1.9704E-03     7.7354E+02     3.9257E+05
   544     5.0700E+06  5.0600E+06     1.9743E-03     7.7943E+02     3.9478E+05
   545     5.0600E+06  5.0500E+06     1.9782E-03     7.8537E+02     3.9700E+05
   546     5.0500E+06  5.0400E+06     1.9822E-03     7.9136E+02     3.9924E+05
   547     5.0400E+06  5.0300E+06     1.9861E-03     7.9739E+02     4.0149E+05
   548     5.0300E+06  5.0200E+06     1.9901E-03     8.0346E+02     4.0374E+05
   549     5.0200E+06  5.0100E+06     1.9940E-03     8.0958E+02     4.0600E+05
   550     5.0100E+06  5.0000E+06     1.9980E-03     8.1575E+02     4.0828E+05
   551     5.0000E+06  4.9900E+06     2.0020E-03     8.2197E+02     4.1057E+05
   552     4.9900E+06  4.9800E+06     2.0060E-03     8.2823E+02     4.1287E+05
   553     4.9800E+06  4.9700E+06     2.0101E-03     8.3454E+02     4.1518E+05
   554     4.9700E+06  4.9600E+06     2.0141E-03     8.4089E+02     4.1750E+05
   555     4.9600E+06  4.9500E+06     2.0182E-03     8.4730E+02     4.1984E+05
   556     4.9500E+06  4.9400E+06     2.0222E-03     8.5375E+02     4.2218E+05
   557     4.9400E+06  4.9300E+06     2.0263E-03     8.6025E+02     4.2453E+05
   558     4.9300E+06  4.9200E+06     2.0305E-03     8.6680E+02     4.2690E+05
   559     4.9200E+06  4.9100E+06     2.0346E-03     8.7341E+02     4.2928E+05
   560     4.9100E+06  4.9000E+06     2.0387E-03     8.8006E+02     4.3167E+05
   561     4.9000E+06  4.8900E+06     2.0429E-03     8.8676E+02     4.3407E+05
   562     4.8900E+06  4.8800E+06     2.0471E-03     8.9351E+02     4.3648E+05
   563     4.8800E+06  4.8700E+06     2.0513E-03     9.0031E+02     4.3890E+05
   564     4.8700E+06  4.8600E+06     2.0555E-03     9.0717E+02     4.4134E+05
   565     4.8600E+06  4.8500E+06     2.0597E-03     9.1407E+02     4.4378E+05
   566     4.8500E+06  4.8400E+06     2.0640E-03     9.2103E+02     4.4624E+05
   567     4.8400E+06  4.8300E+06     2.0683E-03     9.2804E+02     4.4871E+05
   568     4.8300E+06  4.8200E+06     2.0725E-03     9.3510E+02     4.5119E+05
   569     4.8200E+06  4.8100E+06     2.0768E-03     9.4222E+02     4.5368E+05
   570     4.8100E+06  4.8000E+06     2.0812E-03     9.4939E+02     4.5618E+05
   571     4.8000E+06  4.7900E+06     2.0855E-03     9.5661E+02     4.5869E+05
   572     4.7900E+06  4.7800E+06     2.0899E-03     9.6389E+02     4.6122E+05
   573     4.7800E+06  4.7700E+06     2.0942E-03     9.7123E+02     4.6376E+05
   574     4.7700E+06  4.7600E+06     2.0986E-03     9.7862E+02     4.6631E+05
   575     4.7600E+06  4.7500E+06     2.1031E-03     9.8606E+02     4.6887E+05
   576     4.7500E+06  4.7400E+06     2.1075E-03     9.9356E+02     4.7144E+05
   577     4.7400E+06  4.7300E+06     2.1119E-03     1.0011E+03     4.7403E+05
   578     4.7300E+06  4.7200E+06     2.1164E-03     1.0087E+03     4.7662E+05
   579     4.7200E+06  4.7100E+06     2.1209E-03     1.0164E+03     4.7923E+05
   580     4.7100E+06  4.7000E+06     2.1254E-03     1.0241E+03     4.8185E+05
   581     4.7000E+06  4.6900E+06     2.1299E-03     1.0319E+03     4.8449E+05
   582     4.6900E+06  4.6800E+06     2.1345E-03     1.0398E+03     4.8713E+05
   583     4.6800E+06  4.6700E+06     2.1390E-03     1.0477E+03     4.8979E+05
   584     4.6700E+06  4.6600E+06     2.1436E-03     1.0556E+03     4.9245E+05
   585     4.6600E+06  4.6500E+06     2.1482E-03     1.0637E+03     4.9513E+05
   586     4.6500E+06  4.6400E+06     2.1529E-03     1.0717E+03     4.9782E+05
   587     4.6400E+06  4.6300E+06     2.1575E-03     1.0799E+03     5.0052E+05
   588     4.6300E+06  4.6200E+06     2.1622E-03     1.0881E+03     5.0324E+05
   589     4.6200E+06  4.6100E+06     2.1668E-03     1.0964E+03     5.0597E+05
   590     4.6100E+06  4.6000E+06     2.1716E-03     1.1047E+03     5.0870E+05
   591     4.6000E+06  4.5900E+06     2.1763E-03     1.1131E+03     5.1146E+05
   592     4.5900E+06  4.5800E+06     2.1810E-03     1.1215E+03     5.1422E+05
   593     4.5800E+06  4.5700E+06     2.1858E-03     1.1300E+03     5.1700E+05
   594     4.5700E+06  4.5600E+06     2.1906E-03     1.1386E+03     5.1978E+05
   595     4.5600E+06  4.5500E+06     2.1954E-03     1.1473E+03     5.2258E+05
   596     4.5500E+06  4.5400E+06     2.2002E-03     1.1560E+03     5.2539E+05
   597     4.5400E+06  4.5300E+06     2.2051E-03     1.1648E+03     5.2822E+05
   598     4.5300E+06  4.5200E+06     2.2099E-03     1.1736E+03     5.3105E+05
   599     4.5200E+06  4.5100E+06     2.2148E-03     1.1825E+03     5.3390E+05
   600     4.5100E+06  4.5000E+06     2.2198E-03     1.1915E+03     5.3676E+05
   601     4.5000E+06  4.4900E+06     2.2247E-03     1.2005E+03     5.3963E+05
   602     4.4900E+06  4.4800E+06     2.2297E-03     1.2096E+03     5.4252E+05
   603     4.4800E+06  4.4700E+06     2.2346E-03     1.2188E+03     5.4541E+05
   604     4.4700E+06  4.4600E+06     2.2396E-03     1.2280E+03     5.4832E+05
   605     4.4600E+06  4.4500E+06     2.2447E-03     1.2374E+03     5.5124E+05
   606     4.4500E+06  4.4400E+06     2.2497E-03     1.2467E+03     5.5418E+05
   607     4.4400E+06  4.4300E+06     2.2548E-03     1.2562E+03     5.5712E+05
   608     4.4300E+06  4.4200E+06     2.2599E-03     1.2657E+03     5.6008E+05
   609     4.4200E+06  4.4100E+06     2.2650E-03     1.2753E+03     5.6305E+05
   610     4.4100E+06  4.4000E+06     2.2701E-03     1.2850E+03     5.6603E+05
   611     4.4000E+06  4.3900E+06     2.2753E-03     1.2947E+03     5.6902E+05
   612     4.3900E+06  4.3800E+06     2.2805E-03     1.3045E+03     5.7203E+05
   613     4.3800E+06  4.3700E+06     2.2857E-03     1.3144E+03     5.7505E+05
   614     4.3700E+06  4.3600E+06     2.2910E-03     1.3243E+03     5.7808E+05
   615     4.3600E+06  4.3500E+06     2.2962E-03     1.3344E+03     5.8112E+05
   616     4.3500E+06  4.3400E+06     2.3015E-03     1.3445E+03     5.8418E+05
   617     4.3400E+06  4.3300E+06     2.3068E-03     1.3547E+03     5.8724E+05
   618     4.3300E+06  4.3200E+06     2.3121E-03     1.3649E+03     5.9032E+05
   619     4.3200E+06  4.3100E+06     2.3175E-03     1.3752E+03     5.9341E+05
   620     4.3100E+06  4.3000E+06     2.3229E-03     1.3856E+03     5.9651E+05
   621     4.3000E+06  4.2900E+06     2.3283E-03     1.3961E+03     5.9963E+05
   622     4.2900E+06  4.2800E+06     2.3337E-03     1.4067E+03     6.0276E+05
   623     4.2800E+06  4.2700E+06     2.3392E-03     1.4173E+03     6.0590E+05
   624     4.2700E+06  4.2600E+06     2.3447E-03     1.4280E+03     6.0905E+05
   625     4.2600E+06  4.2500E+06     2.3502E-03     1.4388E+03     6.1221E+05
   626     4.2500E+06  4.2400E+06     2.3557E-03     1.4497E+03     6.1539E+05
   627     4.2400E+06  4.2300E+06     2.3613E-03     1.4606E+03     6.1858E+05
   628     4.2300E+06  4.2200E+06     2.3669E-03     1.4717E+03     6.2178E+05
   629     4.2200E+06  4.2100E+06     2.3725E-03     1.4828E+03     6.2499E+05
   630     4.2100E+06  4.2000E+06     2.3781E-03     1.4940E+03     6.2821E+05
   631     4.2000E+06  4.1900E+06     2.3838E-03     1.5052E+03     6.3145E+05
   632     4.1900E+06  4.1800E+06     2.3895E-03     1.5166E+03     6.3470E+05
   633     4.1800E+06  4.1700E+06     2.3952E-03     1.5280E+03     6.3796E+05
   634     4.1700E+06  4.1600E+06     2.4010E-03     1.5396E+03     6.4123E+05
   635     4.1600E+06  4.1500E+06     2.4067E-03     1.5512E+03     6.4451E+05
   636     4.1500E+06  4.1400E+06     2.4125E-03     1.5629E+03     6.4781E+05
   637     4.1400E+06  4.1300E+06     2.4184E-03     1.5747E+03     6.5112E+05
   638     4.1300E+06  4.1200E+06     2.4242E-03     1.5865E+03     6.5444E+05
   639     4.1200E+06  4.1100E+06     2.4301E-03     1.5985E+03     6.5777E+05
   640     4.1100E+06  4.1000E+06     2.4361E-03     1.6105E+03     6.6111E+05
   641     4.1000E+06  4.0900E+06     2.4420E-03     1.6226E+03     6.6446E+05
   642     4.0900E+06  4.0800E+06     2.4480E-03     1.6348E+03     6.6783E+05
   643     4.0800E+06  4.0700E+06     2.4540E-03     1.6471E+03     6.7121E+05
   644     4.0700E+06  4.0600E+06     2.4600E-03     1.6595E+03     6.7460E+05
   645     4.0600E+06  4.0500E+06     2.4661E-03     1.6720E+03     6.7800E+05
   646     4.0500E+06  4.0400E+06     2.4722E-03     1.6846E+03     6.8141E+05
   647     4.0400E+06  4.0300E+06     2.4783E-03     1.6972E+03     6.8483E+05
   648     4.0300E+06  4.0200E+06     2.4845E-03     1.7100E+03     6.8827E+05
   649     4.0200E+06  4.0100E+06     2.4907E-03     1.7228E+03     6.9171E+05
   650     4.0100E+06  4.0000E+06     2.4969E-03     1.7358E+03     6.9517E+05
   651     4.0000E+06  3.9900E+06     2.5031E-03     1.7488E+03     6.9864E+05
   652     3.9900E+06  3.9800E+06     2.5094E-03     1.7619E+03     7.0212E+05
   653     3.9800E+06  3.9700E+06     2.5157E-03     1.7751E+03     7.0561E+05
   654     3.9700E+06  3.9600E+06     2.5221E-03     1.7884E+03     7.0911E+05
   655     3.9600E+06  3.9500E+06     2.5284E-03     1.8018E+03     7.1262E+05
   656     3.9500E+06  3.9400E+06     2.5349E-03     1.8153E+03     7.1615E+05
   657     3.9400E+06  3.9300E+06     2.5413E-03     1.8289E+03     7.1968E+05
   658     3.9300E+06  3.9200E+06     2.5478E-03     1.8426E+03     7.2322E+05
   659     3.9200E+06  3.9100E+06     2.5543E-03     1.8564E+03     7.2678E+05
   660     3.9100E+06  3.9000E+06     2.5608E-03     1.8703E+03     7.3034E+05
   661     3.9000E+06  3.8900E+06     2.5674E-03     1.8843E+03     7.3392E+05
   662     3.8900E+06  3.8800E+06     2.5740E-03     1.8983E+03     7.3751E+05
   663     3.8800E+06  3.8700E+06     2.5806E-03     1.9125E+03     7.4110E+05
   664     3.8700E+06  3.8600E+06     2.5873E-03     1.9268E+03     7.4471E+05
   665     3.8600E+06  3.8500E+06     2.5940E-03     1.9412E+03     7.4833E+05
   666     3.8500E+06  3.8400E+06     2.6008E-03     1.9557E+03     7.5196E+05
   667     3.8400E+06  3.8300E+06     2.6076E-03     1.9703E+03     7.5559E+05
   668     3.8300E+06  3.8200E+06     2.6144E-03     1.9850E+03     7.5924E+05
   669     3.8200E+06  3.8100E+06     2.6212E-03     1.9997E+03     7.6290E+05
   670     3.8100E+06  3.8000E+06     2.6281E-03     2.0146E+03     7.6656E+05
   671     3.8000E+06  3.7900E+06     2.6350E-03     2.0296E+03     7.7024E+05
   672     3.7900E+06  3.7800E+06     2.6420E-03     2.0447E+03     7.7393E+05
   673     3.7800E+06  3.7700E+06     2.6490E-03     2.0599E+03     7.7762E+05
   674     3.7700E+06  3.7600E+06     2.6560E-03     2.0752E+03     7.8132E+05
   675     3.7600E+06  3.7500E+06     2.6631E-03     2.0906E+03     7.8503E+05
   676     3.7500E+06  3.7400E+06     2.6702E-03     2.1062E+03     7.8876E+05
   677     3.7400E+06  3.7300E+06     2.6774E-03     2.1218E+03     7.9249E+05
   678     3.7300E+06  3.7200E+06     2.6846E-03     2.1375E+03     7.9623E+05
   679     3.7200E+06  3.7100E+06     2.6918E-03     2.1534E+03     7.9997E+05
   680     3.7100E+06  3.7000E+06     2.6991E-03     2.1693E+03     8.0373E+05
   681     3.7000E+06  3.6900E+06     2.7064E-03     2.1854E+03     8.0749E+05
   682     3.6900E+06  3.6800E+06     2.7137E-03     2.2015E+03     8.1126E+05
   683     3.6800E+06  3.6700E+06     2.7211E-03     2.2178E+03     8.1504E+05
   684     3.6700E+06  3.6600E+06     2.7285E-03     2.2342E+03     8.1883E+05
   685     3.6600E+06  3.6500E+06     2.7360E-03     2.2507E+03     8.2263E+05
   686     3.6500E+06  3.6400E+06     2.7435E-03     2.2673E+03     8.2643E+05
   687     3.6400E+06  3.6300E+06     2.7510E-03     2.2840E+03     8.3024E+05
   688     3.6300E+06  3.6200E+06     2.7586E-03     2.3008E+03     8.3406E+05
   689     3.6200E+06  3.6100E+06     2.7663E-03     2.3178E+03     8.3788E+05
   690     3.6100E+06  3.6000E+06     2.7739E-03     2.3348E+03     8.4171E+05
   691     3.6000E+06  3.5900E+06     2.7816E-03     2.3520E+03     8.4555E+05
   692     3.5900E+06  3.5800E+06     2.7894E-03     2.3693E+03     8.4939E+05
   693     3.5800E+06  3.5700E+06     2.7972E-03     2.3867E+03     8.5324E+05
   694     3.5700E+06  3.5600E+06     2.8051E-03     2.4042E+03     8.5710E+05
   695     3.5600E+06  3.5500E+06     2.8129E-03     2.4218E+03     8.6096E+05
   696     3.5500E+06  3.5400E+06     2.8209E-03     2.4396E+03     8.6483E+05
   697     3.5400E+06  3.5300E+06     2.8289E-03     2.4574E+03     8.6870E+05
   698     3.5300E+06  3.5200E+06     2.8369E-03     2.4754E+03     8.7258E+05
   699     3.5200E+06  3.5100E+06     2.8450E-03     2.4935E+03     8.7646E+05
   700     3.5100E+06  3.5000E+06     2.8531E-03     2.5117E+03     8.8035E+05
   701     3.5000E+06  3.4900E+06     2.8612E-03     2.5300E+03     8.8424E+05
   702     3.4900E+06  3.4800E+06     2.8694E-03     2.5485E+03     8.8814E+05
   703     3.4800E+06  3.4700E+06     2.8777E-03     2.5670E+03     8.9204E+05
   704     3.4700E+06  3.4600E+06     2.8860E-03     2.5857E+03     8.9594E+05
   705     3.4600E+06  3.4500E+06     2.8944E-03     2.6045E+03     8.9985E+05
   706     3.4500E+06  3.4400E+06     2.9028E-03     2.6234E+03     9.0376E+05
   707     3.4400E+06  3.4300E+06     2.9112E-03     2.6424E+03     9.0768E+05
   708     3.4300E+06  3.4200E+06     2.9197E-03     2.6616E+03     9.1159E+05
   709     3.4200E+06  3.4100E+06     2.9283E-03     2.6809E+03     9.1552E+05
   710     3.4100E+06  3.4000E+06     2.9369E-03     2.7003E+03     9.1944E+05
   711     3.4000E+06  3.3900E+06     2.9455E-03     2.7198E+03     9.2336E+05
   712     3.3900E+06  3.3800E+06     2.9542E-03     2.7394E+03     9.2729E+05
   713     3.3800E+06  3.3700E+06     2.9630E-03     2.7592E+03     9.3122E+05
   714     3.3700E+06  3.3600E+06     2.9718E-03     2.7790E+03     9.3515E+05
   715     3.3600E+06  3.3500E+06     2.9806E-03     2.7990E+03     9.3907E+05
   716     3.3500E+06  3.3400E+06     2.9895E-03     2.8192E+03     9.4300E+05
   717     3.3400E+06  3.3300E+06     2.9985E-03     2.8394E+03     9.4694E+05
   718     3.3300E+06  3.3200E+06     3.0075E-03     2.8598E+03     9.5087E+05
   719     3.3200E+06  3.3100E+06     3.0166E-03     2.8802E+03     9.5480E+05
   720     3.3100E+06  3.3000E+06     3.0257E-03     2.9008E+03     9.5873E+05
   721     3.3000E+06  3.2900E+06     3.0349E-03     2.9216E+03     9.6266E+05
   722     3.2900E+06  3.2800E+06     3.0441E-03     2.9424E+03     9.6658E+05
   723     3.2800E+06  3.2700E+06     3.0534E-03     2.9634E+03     9.7051E+05
   724     3.2700E+06  3.2600E+06     3.0628E-03     2.9845E+03     9.7444E+05
   725     3.2600E+06  3.2500E+06     3.0722E-03     3.0057E+03     9.7836E+05
   726     3.2500E+06  3.2400E+06     3.0817E-03     3.0271E+03     9.8228E+05
   727     3.2400E+06  3.2300E+06     3.0912E-03     3.0485E+03     9.8619E+05
   728     3.2300E+06  3.2200E+06     3.1008E-03     3.0701E+03     9.9011E+05
   729     3.2200E+06  3.2100E+06     3.1104E-03     3.0918E+03     9.9401E+05
   730     3.2100E+06  3.2000E+06     3.1201E-03     3.1136E+03     9.9792E+05
   731     3.2000E+06  3.1900E+06     3.1299E-03     3.1356E+03     1.0018E+06
   732     3.1900E+06  3.1800E+06     3.1397E-03     3.1577E+03     1.0057E+06
   733     3.1800E+06  3.1700E+06     3.1496E-03     3.1799E+03     1.0096E+06
   734     3.1700E+06  3.1600E+06     3.1596E-03     3.2022E+03     1.0135E+06
   735     3.1600E+06  3.1500E+06     3.1696E-03     3.2246E+03     1.0174E+06
   736     3.1500E+06  3.1400E+06     3.1797E-03     3.2472E+03     1.0212E+06
   737     3.1400E+06  3.1300E+06     3.1898E-03     3.2699E+03     1.0251E+06
   738     3.1300E+06  3.1200E+06     3.2000E-03     3.2927E+03     1.0290E+06
   739     3.1200E+06  3.1100E+06     3.2103E-03     3.3156E+03     1.0328E+06
   740     3.1100E+06  3.1000E+06     3.2206E-03     3.3387E+03     1.0367E+06
   741     3.1000E+06  3.0900E+06     3.2310E-03     3.3619E+03     1.0405E+06
   742     3.0900E+06  3.0800E+06     3.2415E-03     3.3852E+03     1.0443E+06
   743     3.0800E+06  3.0700E+06     3.2520E-03     3.4086E+03     1.0481E+06
   744     3.0700E+06  3.0600E+06     3.2626E-03     3.4321E+03     1.0519E+06
   745     3.0600E+06  3.0500E+06     3.2733E-03     3.4558E+03     1.0557E+06
   746     3.0500E+06  3.0400E+06     3.2841E-03     3.4796E+03     1.0595E+06
   747     3.0400E+06  3.0300E+06     3.2949E-03     3.5035E+03     1.0633E+06
   748     3.0300E+06  3.0200E+06     3.3058E-03     3.5275E+03     1.0671E+06
   749     3.0200E+06  3.0100E+06     3.3168E-03     3.5516E+03     1.0708E+06
   750     3.0100E+06  3.0000E+06     3.3278E-03     3.5759E+03     1.0746E+06
   751     3.0000E+06  2.9900E+06     3.3389E-03     3.6003E+03     1.0783E+06
   752     2.9900E+06  2.9800E+06     3.3501E-03     3.6248E+03     1.0820E+06
   753     2.9800E+06  2.9700E+06     3.3613E-03     3.6494E+03     1.0857E+06
   754     2.9700E+06  2.9600E+06     3.3727E-03     3.6741E+03     1.0894E+06
   755     2.9600E+06  2.9500E+06     3.3841E-03     3.6990E+03     1.0931E+06
   756     2.9500E+06  2.9400E+06     3.3956E-03     3.7240E+03     1.0967E+06
   757     2.9400E+06  2.9300E+06     3.4072E-03     3.7491E+03     1.1003E+06
   758     2.9300E+06  2.9200E+06     3.4188E-03     3.7742E+03     1.1040E+06
   759     2.9200E+06  2.9100E+06     3.4305E-03     3.7996E+03     1.1076E+06
   760     2.9100E+06  2.9000E+06     3.4423E-03     3.8250E+03     1.1112E+06
   761     2.9000E+06  2.8900E+06     3.4542E-03     3.8506E+03     1.1147E+06
   762     2.8900E+06  2.8800E+06     3.4662E-03     3.8762E+03     1.1183E+06
   763     2.8800E+06  2.8700E+06     3.4783E-03     3.9020E+03     1.1218E+06
   764     2.8700E+06  2.8600E+06     3.4904E-03     3.9279E+03     1.1253E+06
   765     2.8600E+06  2.8500E+06     3.5026E-03     3.9539E+03     1.1288E+06
   766     2.8500E+06  2.8400E+06     3.5149E-03     3.9800E+03     1.1323E+06
   767     2.8400E+06  2.8300E+06     3.5273E-03     4.0062E+03     1.1358E+06
   768     2.8300E+06  2.8200E+06     3.5398E-03     4.0326E+03     1.1392E+06
   769     2.8200E+06  2.8100E+06     3.5524E-03     4.0591E+03     1.1426E+06
   770     2.8100E+06  2.8000E+06     3.5651E-03     4.0856E+03     1.1460E+06
   771     2.8000E+06  2.7900E+06     3.5778E-03     4.1123E+03     1.1494E+06
   772     2.7900E+06  2.7800E+06     3.5907E-03     4.1391E+03     1.1527E+06
   773     2.7800E+06  2.7700E+06     3.6036E-03     4.1660E+03     1.1561E+06
   774     2.7700E+06  2.7600E+06     3.6166E-03     4.1930E+03     1.1594E+06
   775     2.7600E+06  2.7500E+06     3.6298E-03     4.2201E+03     1.1626E+06
   776     2.7500E+06  2.7400E+06     3.6430E-03     4.2473E+03     1.1659E+06
   777     2.7400E+06  2.7300E+06     3.6563E-03     4.2747E+03     1.1691E+06
   778     2.7300E+06  2.7200E+06     3.6697E-03     4.3021E+03     1.1723E+06
   779     2.7200E+06  2.7100E+06     3.6832E-03     4.3297E+03     1.1755E+06
   780     2.7100E+06  2.7000E+06     3.6969E-03     4.3573E+03     1.1787E+06
   781     2.7000E+06  2.6900E+06     3.7106E-03     4.3851E+03     1.1818E+06
   782     2.6900E+06  2.6800E+06     3.7244E-03     4.4130E+03     1.1849E+06
   783     2.6800E+06  2.6700E+06     3.7383E-03     4.4409E+03     1.1880E+06
   784     2.6700E+06  2.6600E+06     3.7523E-03     4.4691E+03     1.1910E+06
   785     2.6600E+06  2.6500E+06     3.7665E-03     4.4972E+03     1.1940E+06
   786     2.6500E+06  2.6400E+06     3.7807E-03     4.5256E+03     1.1970E+06
   787     2.6400E+06  2.6300E+06     3.7951E-03     4.5540E+03     1.2000E+06
   788     2.6300E+06  2.6200E+06     3.8095E-03     4.5825E+03     1.2029E+06
   789     2.6200E+06  2.6100E+06     3.8241E-03     4.6111E+03     1.2058E+06
   790     2.6100E+06  2.6000E+06     3.8388E-03     4.6399E+03     1.2087E+06
   791     2.6000E+06  2.5900E+06     3.8536E-03     4.6687E+03     1.2115E+06
   792     2.5900E+06  2.5800E+06     3.8685E-03     4.6977E+03     1.2143E+06
   793     2.5800E+06  2.5700E+06     3.8835E-03     4.7268E+03     1.2171E+06
   794     2.5700E+06  2.5600E+06     3.8986E-03     4.7559E+03     1.2199E+06
   795     2.5600E+06  2.5500E+06     3.9139E-03     4.7852E+03     1.2226E+06
   796     2.5500E+06  2.5400E+06     3.9293E-03     4.8146E+03     1.2253E+06
   797     2.5400E+06  2.5300E+06     3.9448E-03     4.8442E+03     1.2280E+06
   798     2.5300E+06  2.5200E+06     3.9604E-03     4.8738E+03     1.2306E+06
   799     2.5200E+06  2.5100E+06     3.9761E-03     4.9036E+03     1.2332E+06
   800     2.5100E+06  2.5000E+06     3.9920E-03     4.9334E+03     1.2358E+06
   801     2.5000E+06  2.4900E+06     4.0080E-03     4.9634E+03     1.2384E+06
   802     2.4900E+06  2.4800E+06     4.0242E-03     4.9936E+03     1.2409E+06
   803     2.4800E+06  2.4700E+06     4.0404E-03     5.0238E+03     1.2434E+06
   804     2.4700E+06  2.4600E+06     4.0568E-03     5.0542E+03     1.2459E+06
   805     2.4600E+06  2.4500E+06     4.0733E-03     5.0847E+03     1.2483E+06
   806     2.4500E+06  2.4400E+06     4.0900E-03     5.1153E+03     1.2507E+06
   807     2.4400E+06  2.4300E+06     4.1068E-03     5.1461E+03     1.2531E+06
   808     2.4300E+06  2.4200E+06     4.1237E-03     5.1770E+03     1.2554E+06
   809     2.4200E+06  2.4100E+06     4.1408E-03     5.2081E+03     1.2577E+06
   810     2.4100E+06  2.4000E+06     4.1580E-03     5.2392E+03     1.2600E+06
   811     2.4000E+06  2.3900E+06     4.1754E-03     5.2706E+03     1.2623E+06
   812     2.3900E+06  2.3800E+06     4.1929E-03     5.3021E+03     1.2645E+06
   813     2.3800E+06  2.3700E+06     4.2105E-03     5.3338E+03     1.2668E+06
   814     2.3700E+06  2.3600E+06     4.2283E-03     5.3656E+03     1.2690E+06
   815     2.3600E+06  2.3500E+06     4.2463E-03     5.3976E+03     1.2711E+06
   816     2.3500E+06  2.3400E+06     4.2644E-03     5.4297E+03     1.2733E+06
   817     2.3400E+06  2.3300E+06     4.2827E-03     5.4621E+03     1.2754E+06
   818     2.3300E+06  2.3200E+06     4.3011E-03     5.4946E+03     1.2775E+06
   819     2.3200E+06  2.3100E+06     4.3197E-03     5.5273E+03     1.2796E+06
   820     2.3100E+06  2.3000E+06     4.3384E-03     5.5602E+03     1.2816E+06
   821     2.3000E+06  2.2900E+06     4.3573E-03     5.5934E+03     1.2837E+06
   822     2.2900E+06  2.2800E+06     4.3764E-03     5.6267E+03     1.2857E+06
   823     2.2800E+06  2.2700E+06     4.3956E-03     5.6602E+03     1.2877E+06
   824     2.2700E+06  2.2600E+06     4.4150E-03     5.6940E+03     1.2897E+06
   825     2.2600E+06  2.2500E+06     4.4346E-03     5.7281E+03     1.2917E+06
   826     2.2500E+06  2.2400E+06     4.4544E-03     5.7623E+03     1.2936E+06
   827     2.2400E+06  2.2300E+06     4.4743E-03     5.7969E+03     1.2956E+06
   828     2.2300E+06  2.2200E+06     4.4944E-03     5.8317E+03     1.2975E+06
   829     2.2200E+06  2.2100E+06     4.5147E-03     5.8668E+03     1.2995E+06
   830     2.2100E+06  2.2000E+06     4.5352E-03     5.9022E+03     1.3014E+06
   831     2.2000E+06  2.1900E+06     4.5558E-03     5.9379E+03     1.3034E+06
   832     2.1900E+06  2.1800E+06     4.5767E-03     5.9739E+03     1.3053E+06
   833     2.1800E+06  2.1700E+06     4.5977E-03     6.0102E+03     1.3072E+06
   834     2.1700E+06  2.1600E+06     4.6189E-03     6.0469E+03     1.3091E+06
   835     2.1600E+06  2.1500E+06     4.6404E-03     6.0839E+03     1.3111E+06
   836     2.1500E+06  2.1400E+06     4.6620E-03     6.1214E+03     1.3130E+06
   837     2.1400E+06  2.1300E+06     4.6838E-03     6.1592E+03     1.3150E+06
   838     2.1300E+06  2.1200E+06     4.7059E-03     6.1974E+03     1.3170E+06
   839     2.1200E+06  2.1100E+06     4.7281E-03     6.2361E+03     1.3189E+06
   840     2.1100E+06  2.1000E+06     4.7506E-03     6.2752E+03     1.3209E+06
   841     2.1000E+06  2.0900E+06     4.7733E-03     6.3148E+03     1.3229E+06
   842     2.0900E+06  2.0800E+06     4.7962E-03     6.3549E+03     1.3250E+06
   843     2.0800E+06  2.0700E+06     4.8193E-03     6.3954E+03     1.3270E+06
   844     2.0700E+06  2.0600E+06     4.8426E-03     6.4365E+03     1.3291E+06
   845     2.0600E+06  2.0500E+06     4.8662E-03     6.4782E+03     1.3313E+06
   846     2.0500E+06  2.0400E+06     4.8900E-03     6.5204E+03     1.3334E+06
   847     2.0400E+06  2.0300E+06     4.9140E-03     6.5633E+03     1.3356E+06
   848     2.0300E+06  2.0200E+06     4.9383E-03     6.6068E+03     1.3379E+06
   849     2.0200E+06  2.0100E+06     4.9628E-03     6.6509E+03     1.3402E+06
   850     2.0100E+06  2.0000E+06     4.9875E-03     6.6957E+03     1.3425E+06
   851     2.0000E+06  1.9900E+06     5.0125E-03     6.7413E+03     1.3449E+06
   852     1.9900E+06  1.9800E+06     5.0378E-03     6.7876E+03     1.3473E+06
   853     1.9800E+06  1.9700E+06     5.0633E-03     6.8346E+03     1.3498E+06
   854     1.9700E+06  1.9600E+06     5.0891E-03     6.8825E+03     1.3524E+06
   855     1.9600E+06  1.9500E+06     5.1151E-03     6.9312E+03     1.3550E+06
   856     1.9500E+06  1.9400E+06     5.1414E-03     6.9808E+03     1.3578E+06
   857     1.9400E+06  1.9300E+06     5.1680E-03     7.0313E+03     1.3605E+06
   858     1.9300E+06  1.9200E+06     5.1948E-03     7.0827E+03     1.3634E+06
   859     1.9200E+06  1.9100E+06     5.2219E-03     7.1352E+03     1.3664E+06
   860     1.9100E+06  1.9000E+06     5.2494E-03     7.1887E+03     1.3694E+06
   861     1.9000E+06  1.8900E+06     5.2771E-03     7.2432E+03     1.3726E+06
   862     1.8900E+06  1.8800E+06     5.3051E-03     7.2989E+03     1.3758E+06
   863     1.8800E+06  1.8700E+06     5.3333E-03     7.3557E+03     1.3792E+06
   864     1.8700E+06  1.8600E+06     5.3619E-03     7.4138E+03     1.3827E+06
   865     1.8600E+06  1.8500E+06     5.3908E-03     7.4731E+03     1.3862E+06
   866     1.8500E+06  1.8400E+06     5.4201E-03     7.5336E+03     1.3900E+06
   867     1.8400E+06  1.8300E+06     5.4496E-03     7.5956E+03     1.3938E+06
   868     1.8300E+06  1.8200E+06     5.4795E-03     7.6589E+03     1.3978E+06
   869     1.8200E+06  1.8100E+06     5.5097E-03     7.7238E+03     1.4019E+06
   870     1.8100E+06  1.8000E+06     5.5402E-03     7.7901E+03     1.4061E+06
   871     1.8000E+06  1.7900E+06     5.5710E-03     7.8580E+03     1.4105E+06
   872     1.7900E+06  1.7800E+06     5.6023E-03     7.9275E+03     1.4151E+06
   873     1.7800E+06  1.7700E+06     5.6338E-03     7.9987E+03     1.4198E+06
   874     1.7700E+06  1.7600E+06     5.6657E-03     8.0717E+03     1.4246E+06
   875     1.7600E+06  1.7500E+06     5.6980E-03     8.1464E+03     1.4297E+06
   876     1.7500E+06  1.7400E+06     5.7307E-03     8.2231E+03     1.4349E+06
   877     1.7400E+06  1.7300E+06     5.7637E-03     8.3017E+03     1.4403E+06
   878     1.7300E+06  1.7200E+06     5.7971E-03     8.3823E+03     1.4459E+06
   879     1.7200E+06  1.7100E+06     5.8309E-03     8.4650E+03     1.4517E+06
   880     1.7100E+06  1.7000E+06     5.8651E-03     8.5499E+03     1.4578E+06
   881     1.7000E+06  1.6900E+06     5.8997E-03     8.6370E+03     1.4640E+06
   882     1.6900E+06  1.6800E+06     5.9347E-03     8.7264E+03     1.4704E+06
   883     1.6800E+06  1.6700E+06     5.9702E-03     8.8182E+03     1.4770E+06
   884     1.6700E+06  1.6600E+06     6.0060E-03     8.9124E+03     1.4839E+06
   885     1.6600E+06  1.6500E+06     6.0423E-03     9.0092E+03     1.4910E+06
   886     1.6500E+06  1.6400E+06     6.0790E-03     9.1087E+03     1.4984E+06
   887     1.6400E+06  1.6300E+06     6.1162E-03     9.2108E+03     1.5060E+06
   888     1.6300E+06  1.6200E+06     6.1539E-03     9.3158E+03     1.5138E+06
   889     1.6200E+06  1.6100E+06     6.1920E-03     9.4237E+03     1.5219E+06
   890     1.6100E+06  1.6000E+06     6.2305E-03     9.5345E+03     1.5303E+06
   891     1.6000E+06  1.5900E+06     6.2696E-03     9.6485E+03     1.5389E+06
   892     1.5900E+06  1.5800E+06     6.3092E-03     9.7656E+03     1.5478E+06
   893     1.5800E+06  1.5700E+06     6.3492E-03     9.8860E+03     1.5570E+06
   894     1.5700E+06  1.5600E+06     6.3898E-03     1.0010E+04     1.5665E+06
   895     1.5600E+06  1.5500E+06     6.4309E-03     1.0137E+04     1.5763E+06
   896     1.5500E+06  1.5400E+06     6.4725E-03     1.0268E+04     1.5864E+06
   897     1.5400E+06  1.5300E+06     6.5147E-03     1.0402E+04     1.5968E+06
   898     1.5300E+06  1.5200E+06     6.5574E-03     1.0541E+04     1.6074E+06
   899     1.5200E+06  1.5100E+06     6.6007E-03     1.0683E+04     1.6185E+06
   900     1.5100E+06  1.5000E+06     6.6445E-03     1.0829E+04     1.6298E+06
   901     1.5000E+06  1.4900E+06     6.6890E-03     1.0980E+04     1.6414E+06
   902     1.4900E+06  1.4800E+06     6.7340E-03     1.1134E+04     1.6534E+06
   903     1.4800E+06  1.4700E+06     6.7797E-03     1.1293E+04     1.6657E+06
   904     1.4700E+06  1.4600E+06     6.8260E-03     1.1457E+04     1.6784E+06
   905     1.4600E+06  1.4500E+06     6.8729E-03     1.1625E+04     1.6914E+06
   906     1.4500E+06  1.4400E+06     6.9204E-03     1.1798E+04     1.7048E+06
   907     1.4400E+06  1.4300E+06     6.9687E-03     1.1976E+04     1.7185E+06
   908     1.4300E+06  1.4200E+06     7.0176E-03     1.2158E+04     1.7326E+06
   909     1.4200E+06  1.4100E+06     7.0672E-03     1.2346E+04     1.7470E+06
   910     1.4100E+06  1.4000E+06     7.1175E-03     1.2539E+04     1.7618E+06
   911     1.4000E+06  1.3900E+06     7.1685E-03     1.2738E+04     1.7769E+06
   912     1.3900E+06  1.3800E+06     7.2202E-03     1.2942E+04     1.7925E+06
   913     1.3800E+06  1.3700E+06     7.2728E-03     1.3152E+04     1.8084E+06
   914     1.3700E+06  1.3600E+06     7.3260E-03     1.3367E+04     1.8247E+06
   915     1.3600E+06  1.3500E+06     7.3801E-03     1.3589E+04     1.8413E+06
   916     1.3500E+06  1.3400E+06     7.4350E-03     1.3817E+04     1.8583E+06
   917     1.3400E+06  1.3300E+06     7.4907E-03     1.4051E+04     1.8758E+06
   918     1.3300E+06  1.3200E+06     7.5472E-03     1.4291E+04     1.8936E+06
   919     1.3200E+06  1.3100E+06     7.6046E-03     1.4538E+04     1.9118E+06
   920     1.3100E+06  1.3000E+06     7.6629E-03     1.4792E+04     1.9303E+06
   921     1.3000E+06  1.2900E+06     7.7220E-03     1.5052E+04     1.9493E+06
   922     1.2900E+06  1.2800E+06     7.7821E-03     1.5320E+04     1.9686E+06
   923     1.2800E+06  1.2700E+06     7.8432E-03     1.5595E+04     1.9883E+06
   924     1.2700E+06  1.2600E+06     7.9052E-03     1.5877E+04     2.0084E+06
   925     1.2600E+06  1.2500E+06     7.9682E-03     1.6167E+04     2.0289E+06
   926     1.2500E+06  1.2400E+06     8.0322E-03     1.6464E+04     2.0498E+06
   927     1.2400E+06  1.2300E+06     8.0972E-03     1.6769E+04     2.0710E+06
   928     1.2300E+06  1.2200E+06     8.1633E-03     1.7083E+04     2.0926E+06
   929     1.2200E+06  1.2100E+06     8.2305E-03     1.7404E+04     2.1146E+06
   930     1.2100E+06  1.2000E+06     8.2988E-03     1.7734E+04     2.1369E+06
   931     1.2000E+06  1.1900E+06     8.3682E-03     1.8072E+04     2.1596E+06
   932     1.1900E+06  1.1800E+06     8.4389E-03     1.8419E+04     2.1827E+06
   933     1.1800E+06  1.1700E+06     8.5107E-03     1.8775E+04     2.2061E+06
   934     1.1700E+06  1.1600E+06     8.5837E-03     1.9140E+04     2.2298E+06
   935     1.1600E+06  1.1500E+06     8.6581E-03     1.9514E+04     2.2539E+06
   936     1.1500E+06  1.1400E+06     8.7337E-03     1.9898E+04     2.2783E+06
   937     1.1400E+06  1.1300E+06     8.8106E-03     2.0292E+04     2.3031E+06
   938     1.1300E+06  1.1200E+06     8.8889E-03     2.0695E+04     2.3281E+06
   939     1.1200E+06  1.1100E+06     8.9687E-03     2.1108E+04     2.3535E+06
   940     1.1100E+06  1.1000E+06     9.0498E-03     2.1531E+04     2.3791E+06
   941     1.1000E+06  1.0900E+06     9.1325E-03     2.1964E+04     2.4051E+06
   942     1.0900E+06  1.0800E+06     9.2167E-03     2.2408E+04     2.4313E+06
   943     1.0800E+06  1.0700E+06     9.3024E-03     2.2863E+04     2.4578E+06
   944     1.0700E+06  1.0600E+06     9.3897E-03     2.3329E+04     2.4845E+06
   945     1.0600E+06  1.0500E+06     9.4787E-03     2.3806E+04     2.5115E+06
   946     1.0500E+06  1.0400E+06     9.5695E-03     2.4294E+04     2.5387E+06
   947     1.0400E+06  1.0300E+06     9.6619E-03     2.4793E+04     2.5661E+06
   948     1.0300E+06  1.0200E+06     9.7562E-03     2.5304E+04     2.5936E+06
   949     1.0200E+06  1.0100E+06     9.8523E-03     2.5827E+04     2.6214E+06
   950     1.0100E+06  1.0000E+06     9.9503E-03     2.6362E+04     2.6493E+06
   951     1.0000E+06  9.9000E+05     1.0050E-02     2.6909E+04     2.6774E+06
   952     9.9000E+05  9.8000E+05     1.0152E-02     2.7468E+04     2.7056E+06
   953     9.8000E+05  9.7000E+05     1.0257E-02     2.8040E+04     2.7339E+06
   954     9.7000E+05  9.6000E+05     1.0363E-02     2.8624E+04     2.7622E+06
   955     9.6000E+05  9.5000E+05     1.0471E-02     2.9222E+04     2.7907E+06
   956     9.5000E+05  9.4000E+05     1.0582E-02     2.9832E+04     2.8191E+06
   957     9.4000E+05  9.3000E+05     1.0695E-02     3.0456E+04     2.8476E+06
   958     9.3000E+05  9.2000E+05     1.0811E-02     3.1093E+04     2.8761E+06
   959     9.2000E+05  9.1000E+05     1.0929E-02     3.1744E+04     2.9045E+06
   960     9.1000E+05  9.0000E+05     1.1050E-02     3.2408E+04     2.9329E+06
   961     9.0000E+05  8.9000E+05     1.1173E-02     3.3086E+04     2.9612E+06
   962     8.9000E+05  8.8000E+05     1.1300E-02     3.3778E+04     2.9893E+06
   963     8.8000E+05  8.7000E+05     1.1429E-02     3.4485E+04     3.0174E+06
   964     8.7000E+05  8.6000E+05     1.1561E-02     3.5205E+04     3.0452E+06
   965     8.6000E+05  8.5000E+05     1.1696E-02     3.5940E+04     3.0729E+06
   966     8.5000E+05  8.4000E+05     1.1834E-02     3.6690E+04     3.1002E+06
   967     8.4000E+05  8.3000E+05     1.1976E-02     3.7454E+04     3.1274E+06
   968     8.3000E+05  8.2000E+05     1.2121E-02     3.8233E+04     3.1542E+06
   969     8.2000E+05  8.1000E+05     1.2270E-02     3.9027E+04     3.1806E+06
   970     8.1000E+05  8.0000E+05     1.2423E-02     3.9836E+04     3.2067E+06
   971     8.0000E+05  7.9000E+05     1.2579E-02     4.0659E+04     3.2324E+06
   972     7.9000E+05  7.8000E+05     1.2739E-02     4.1498E+04     3.2576E+06
   973     7.8000E+05  7.7000E+05     1.2903E-02     4.2353E+04     3.2823E+06
   974     7.7000E+05  7.6000E+05     1.3072E-02     4.3222E+04     3.3064E+06
   975     7.6000E+05  7.5000E+05     1.3245E-02     4.4107E+04     3.3300E+06
   976     7.5000E+05  7.4000E+05     1.3423E-02     4.5007E+04     3.3530E+06
   977     7.4000E+05  7.3000E+05     1.3606E-02     4.5922E+04     3.3752E+06
   978     7.3000E+05  7.2000E+05     1.3793E-02     4.6853E+04     3.3968E+06
   979     7.2000E+05  7.1000E+05     1.3986E-02     4.7799E+04     3.4175E+06
   980     7.1000E+05  7.0000E+05     1.4185E-02     4.8760E+04     3.4375E+06
   981     7.0000E+05  6.9000E+05     1.4389E-02     4.9736E+04     3.4566E+06
   982     6.9000E+05  6.8000E+05     1.4599E-02     5.0727E+04     3.4748E+06
   983     6.8000E+05  6.7000E+05     1.4815E-02     5.1734E+04     3.4920E+06
   984     6.7000E+05  6.6000E+05     1.5038E-02     5.2755E+04     3.5081E+06
   985     6.6000E+05  6.5000E+05     1.5267E-02     5.3791E+04     3.5232E+06
   986     6.5000E+05  6.4000E+05     1.5504E-02     5.4841E+04     3.5372E+06
   987     6.4000E+05  6.3000E+05     1.5748E-02     5.5906E+04     3.5499E+06
   988     6.3000E+05  6.2000E+05     1.6000E-02     5.6984E+04     3.5614E+06
   989     6.2000E+05  6.1000E+05     1.6261E-02     5.8076E+04     3.5716E+06
   990     6.1000E+05  6.0000E+05     1.6529E-02     5.9182E+04     3.5804E+06
   991     6.0000E+05  5.9000E+05     1.6807E-02     6.0301E+04     3.5878E+06
   992     5.9000E+05  5.8000E+05     1.7094E-02     6.1432E+04     3.5937E+06
   993     5.8000E+05  5.7000E+05     1.7392E-02     6.2576E+04     3.5980E+06
   994     5.7000E+05  5.6000E+05     1.7700E-02     6.3731E+04     3.6007E+06
   995     5.6000E+05  5.5000E+05     1.8019E-02     6.4898E+04     3.6017E+06
   996     5.5000E+05  5.4000E+05     1.8349E-02     6.6075E+04     3.6010E+06
   997     5.4000E+05  5.3000E+05     1.8692E-02     6.7261E+04     3.5984E+06
   998     5.3000E+05  5.2000E+05     1.9048E-02     6.8458E+04     3.5939E+06
   999     5.2000E+05  5.1000E+05     1.9418E-02     6.9662E+04     3.5875E+06
  1000     5.1000E+05  5.0000E+05     1.9803E-02     7.0874E+04     3.5790E+06
  TOTAL                                              4.5669E+06
