  GROUP      UPPER       LOWER         LETHARGY         DATA        DATA/LETHARGY

     1     1.0000E+07  6.0655E+06     4.9997E-01     6.7751E+11     1.3551E+12
     2     6.0655E+06  3.6790E+06     4.9998E-01     2.6155E+12     5.2313E+12
     3     3.6790E+06  2.2310E+06     5.0019E-01     4.9796E+12     9.9554E+12
     4     2.2310E+06  1.3530E+06     5.0013E-01     5.1411E+12     1.0280E+13
     5     1.3530E+06  8.2100E+05     4.9956E-01     4.2495E+12     8.5065E+12
     6     8.2100E+05  5.0000E+05     4.9592E-01     3.9755E+12     8.0165E+12
     7     5.0000E+05  3.0250E+05     5.0253E-01     2.6421E+12     5.2576E+12
     8     3.0250E+05  1.8300E+05     5.0260E-01     2.3272E+12     4.6304E+12
     9     1.8300E+05  1.1100E+05     4.9996E-01     1.8006E+12     3.6015E+12
    10     1.1100E+05  6.7340E+04     4.9978E-01     1.4986E+12     2.9985E+12
    11     6.7340E+04  4.0850E+04     4.9985E-01     1.2875E+12     2.5758E+12
    12     4.0850E+04  2.4780E+04     4.9987E-01     1.1771E+12     2.3548E+12
    13     2.4780E+04  1.5030E+04     4.9999E-01     1.0914E+12     2.1828E+12
    14     1.5030E+04  9.1180E+03     4.9980E-01     1.0425E+12     2.0858E+12
    15     9.1180E+03  5.5300E+03     5.0006E-01     1.0104E+12     2.0205E+12
    16     5.5300E+03  3.5191E+03     4.5198E-01     9.0450E+11     2.0012E+12
    17     3.5191E+03  2.2394E+03     4.5200E-01     8.9202E+11     1.9735E+12
    18     2.2394E+03  1.4251E+03     4.5197E-01     8.8609E+11     1.9605E+12
    19     1.4251E+03  9.0690E+02     4.5197E-01     8.8180E+11     1.9510E+12
    20     9.0690E+02  3.6726E+02     9.0396E-01     1.7607E+12     1.9478E+12
    21     3.6726E+02  1.4873E+02     9.0394E-01     1.7528E+12     1.9391E+12
    22     1.4873E+02  7.5501E+01     6.7799E-01     1.3084E+12     1.9298E+12
    23     7.5501E+01  4.8052E+01     4.5186E-01     8.6810E+11     1.9212E+12
    24     4.8052E+01  2.7700E+01     5.5085E-01     1.0562E+12     1.9174E+12
    25     2.7700E+01  1.5968E+01     5.5085E-01     1.0534E+12     1.9123E+12
    26     1.5968E+01  9.8770E+00     4.8038E-01     9.1616E+11     1.9072E+12
    27     9.8770E+00  4.0000E+00     9.0391E-01     1.7227E+12     1.9058E+12
    28     4.0000E+00  3.3000E+00     1.9237E-01     3.6360E+11     1.8901E+12
    29     3.3000E+00  2.6000E+00     2.3841E-01     4.5276E+11     1.8991E+12
    30     2.6000E+00  2.1000E+00     2.1357E-01     4.2577E+11     1.9935E+12
    31     2.1000E+00  1.5000E+00     3.3647E-01     6.8303E+11     2.0300E+12
    32     1.5000E+00  1.3000E+00     1.4310E-01     2.9693E+11     2.0750E+12
    33     1.3000E+00  1.1500E+00     1.2260E-01     2.5276E+11     2.0616E+12
    34     1.1500E+00  1.1230E+00     2.3758E-02     4.9080E+10     2.0658E+12
    35     1.1230E+00  1.0970E+00     2.3424E-02     4.8875E+10     2.0865E+12
    36     1.0970E+00  1.0710E+00     2.3986E-02     5.0245E+10     2.0947E+12
    37     1.0710E+00  1.0450E+00     2.4576E-02     5.1452E+10     2.0936E+12
    38     1.0450E+00  1.0200E+00     2.4214E-02     5.0634E+10     2.0911E+12
    39     1.0200E+00  9.9600E-01     2.3811E-02     5.0798E+10     2.1334E+12
    40     9.9600E-01  9.7200E-01     2.4391E-02     5.1636E+10     2.1170E+12
    41     9.7200E-01  9.5000E-01     2.2894E-02     4.9550E+10     2.1643E+12
    42     9.5000E-01  9.1000E-01     4.3017E-02     9.2413E+10     2.1483E+12
    43     9.1000E-01  8.5000E-01     6.8208E-02     1.4493E+11     2.1248E+12
    44     8.5000E-01  7.8000E-01     8.5942E-02     1.9215E+11     2.2358E+12
    45     7.8000E-01  6.2500E-01     2.2154E-01     4.8057E+11     2.1692E+12
    46     6.2500E-01  5.0000E-01     2.2314E-01     5.1513E+11     2.3085E+12
    47     5.0000E-01  4.0000E-01     2.2314E-01     5.0552E+11     2.2654E+12
    48     4.0000E-01  3.5000E-01     1.3353E-01     3.1452E+11     2.3554E+12
    49     3.5000E-01  3.2000E-01     8.9612E-02     2.0859E+11     2.3277E+12
    50     3.2000E-01  3.0000E-01     6.4539E-02     1.5908E+11     2.4649E+12
    51     3.0000E-01  2.8000E-01     6.8993E-02     1.7536E+11     2.5417E+12
    52     2.8000E-01  2.5000E-01     1.1333E-01     2.9959E+11     2.6435E+12
    53     2.5000E-01  2.2000E-01     1.2783E-01     3.7382E+11     2.9243E+12
    54     2.2000E-01  1.8000E-01     2.0067E-01     7.2720E+11     3.6238E+12
    55     1.8000E-01  1.4000E-01     2.5131E-01     1.3881E+12     5.5234E+12
    56     1.4000E-01  1.0000E-01     3.3647E-01     3.1391E+12     9.3294E+12
    57     1.0000E-01  8.0000E-02     2.2314E-01     2.9530E+12     1.3234E+13
    58     8.0000E-02  6.7000E-02     1.7733E-01     2.7505E+12     1.5510E+13
    59     6.7000E-02  5.8000E-02     1.4425E-01     2.3906E+12     1.6573E+13
    60     5.8000E-02  5.0000E-02     1.4842E-01     2.4519E+12     1.6520E+13
    61     5.0000E-02  4.2000E-02     1.7435E-01     2.7894E+12     1.5999E+13
    62     4.2000E-02  3.5000E-02     1.8232E-01     2.6769E+12     1.4682E+13
    63     3.5000E-02  3.0000E-02     1.5415E-01     1.9965E+12     1.2952E+13
    64     3.0000E-02  2.5000E-02     1.8232E-01     1.9883E+12     1.0905E+13
    65     2.5000E-02  2.0000E-02     2.2314E-01     1.9454E+12     8.7182E+12
    66     2.0000E-02  1.5000E-02     2.8768E-01     1.7977E+12     6.2489E+12
    67     1.5000E-02  1.0000E-02     4.0547E-01     1.5072E+12     3.7172E+12
    68     1.0000E-02  5.0000E-03     6.9315E-01     1.0427E+12     1.5043E+12
    69     5.0000E-03  1.0000E-03     1.6094E+00     3.7607E+11     2.3367E+11
  TOTAL                                              8.7778E+13
