  GROUP      UPPER       LOWER         LETHARGY         DATA        DATA/LETHARGY

     1     2.0000E+07  1.9900E+07     5.0125E-03     0.0000E+00     0.0000E+00
     2     1.9900E+07  1.9800E+07     5.0378E-03     0.0000E+00     0.0000E+00
     3     1.9800E+07  1.9700E+07     5.0633E-03     0.0000E+00     0.0000E+00
     4     1.9700E+07  1.9600E+07     5.0891E-03     0.0000E+00     0.0000E+00
     5     1.9600E+07  1.9500E+07     5.1151E-03     0.0000E+00     0.0000E+00
     6     1.9500E+07  1.9400E+07     5.1414E-03     1.7700E-11     3.4426E-09
     7     1.9400E+07  1.9300E+07     5.1680E-03     0.0000E+00     0.0000E+00
     8     1.9300E+07  1.9200E+07     5.1948E-03     0.0000E+00     0.0000E+00
     9     1.9200E+07  1.9100E+07     5.2219E-03     0.0000E+00     0.0000E+00
    10     1.9100E+07  1.9000E+07     5.2494E-03     2.1020E-11     4.0043E-09
    11     1.9000E+07  1.8900E+07     5.2771E-03     0.0000E+00     0.0000E+00
    12     1.8900E+07  1.8800E+07     5.3051E-03     1.9020E-11     3.5853E-09
    13     1.8800E+07  1.8700E+07     5.3333E-03     0.0000E+00     0.0000E+00
    14     1.8700E+07  1.8600E+07     5.3619E-03     0.0000E+00     0.0000E+00
    15     1.8600E+07  1.8500E+07     5.3908E-03     6.5360E-11     1.2124E-08
    16     1.8500E+07  1.8400E+07     5.4201E-03     0.0000E+00     0.0000E+00
    17     1.8400E+07  1.8300E+07     5.4496E-03     0.0000E+00     0.0000E+00
    18     1.8300E+07  1.8200E+07     5.4795E-03     1.0350E-11     1.8889E-09
    19     1.8200E+07  1.8100E+07     5.5097E-03     2.6750E-11     4.8551E-09
    20     1.8100E+07  1.8000E+07     5.5402E-03     0.0000E+00     0.0000E+00
    21     1.8000E+07  1.7900E+07     5.5710E-03     2.3460E-11     4.2111E-09
    22     1.7900E+07  1.7800E+07     5.6023E-03     1.3630E-11     2.4329E-09
    23     1.7800E+07  1.7700E+07     5.6338E-03     0.0000E+00     0.0000E+00
    24     1.7700E+07  1.7600E+07     5.6657E-03     1.2900E-11     2.2768E-09
    25     1.7600E+07  1.7500E+07     5.6980E-03     0.0000E+00     0.0000E+00
    26     1.7500E+07  1.7400E+07     5.7307E-03     1.5330E-11     2.6751E-09
    27     1.7400E+07  1.7300E+07     5.7637E-03     5.5160E-11     9.5702E-09
    28     1.7300E+07  1.7200E+07     5.7971E-03     4.2170E-11     7.2743E-09
    29     1.7200E+07  1.7100E+07     5.8309E-03     0.0000E+00     0.0000E+00
    30     1.7100E+07  1.7000E+07     5.8651E-03     1.9410E-11     3.3094E-09
    31     1.7000E+07  1.6900E+07     5.8997E-03     1.3830E-11     2.3442E-09
    32     1.6900E+07  1.6800E+07     5.9347E-03     2.7270E-11     4.5950E-09
    33     1.6800E+07  1.6700E+07     5.9702E-03     5.0450E-11     8.4503E-09
    34     1.6700E+07  1.6600E+07     6.0060E-03     1.3500E-11     2.2477E-09
    35     1.6600E+07  1.6500E+07     6.0423E-03     6.8030E-11     1.1259E-08
    36     1.6500E+07  1.6400E+07     6.0790E-03     4.7720E-11     7.8499E-09
    37     1.6400E+07  1.6300E+07     6.1162E-03     4.9880E-11     8.1554E-09
    38     1.6300E+07  1.6200E+07     6.1539E-03     7.2200E-11     1.1732E-08
    39     1.6200E+07  1.6100E+07     6.1920E-03     1.7440E-11     2.8166E-09
    40     1.6100E+07  1.6000E+07     6.2305E-03     7.8310E-11     1.2569E-08
    41     1.6000E+07  1.5900E+07     6.2696E-03     5.0980E-11     8.1313E-09
    42     1.5900E+07  1.5800E+07     6.3092E-03     6.3850E-11     1.0120E-08
    43     1.5800E+07  1.5700E+07     6.3492E-03     2.1730E-11     3.4225E-09
    44     1.5700E+07  1.5600E+07     6.3898E-03     1.0170E-10     1.5916E-08
    45     1.5600E+07  1.5500E+07     6.4309E-03     1.1460E-10     1.7820E-08
    46     1.5500E+07  1.5400E+07     6.4725E-03     8.3020E-11     1.2827E-08
    47     1.5400E+07  1.5300E+07     6.5147E-03     9.5770E-11     1.4701E-08
    48     1.5300E+07  1.5200E+07     6.5574E-03     8.9310E-11     1.3620E-08
    49     1.5200E+07  1.5100E+07     6.6007E-03     9.1400E-11     1.3847E-08
    50     1.5100E+07  1.5000E+07     6.6445E-03     1.5070E-10     2.2680E-08
    51     1.5000E+07  1.4900E+07     6.6890E-03     1.0350E-10     1.5473E-08
    52     1.4900E+07  1.4800E+07     6.7340E-03     6.2810E-11     9.3272E-09
    53     1.4800E+07  1.4700E+07     6.7797E-03     1.0100E-10     1.4897E-08
    54     1.4700E+07  1.4600E+07     6.8260E-03     1.7240E-10     2.5257E-08
    55     1.4600E+07  1.4500E+07     6.8729E-03     1.9050E-10     2.7718E-08
    56     1.4500E+07  1.4400E+07     6.9204E-03     1.8930E-10     2.7354E-08
    57     1.4400E+07  1.4300E+07     6.9687E-03     1.7260E-10     2.4768E-08
    58     1.4300E+07  1.4200E+07     7.0176E-03     8.6100E-11     1.2269E-08
    59     1.4200E+07  1.4100E+07     7.0672E-03     2.4600E-10     3.4809E-08
    60     1.4100E+07  1.4000E+07     7.1175E-03     2.1610E-10     3.0362E-08
    61     1.4000E+07  1.3900E+07     7.1685E-03     1.6800E-10     2.3436E-08
    62     1.3900E+07  1.3800E+07     7.2202E-03     3.1190E-10     4.3198E-08
    63     1.3800E+07  1.3700E+07     7.2728E-03     3.3070E-10     4.5471E-08
    64     1.3700E+07  1.3600E+07     7.3260E-03     2.8760E-10     3.9257E-08
    65     1.3600E+07  1.3500E+07     7.3801E-03     4.7270E-10     6.4051E-08
    66     1.3500E+07  1.3400E+07     7.4350E-03     3.3820E-10     4.5488E-08
    67     1.3400E+07  1.3300E+07     7.4907E-03     4.1130E-10     5.4908E-08
    68     1.3300E+07  1.3200E+07     7.5472E-03     4.8220E-10     6.3891E-08
    69     1.3200E+07  1.3100E+07     7.6046E-03     5.2010E-10     6.8393E-08
    70     1.3100E+07  1.3000E+07     7.6629E-03     5.3010E-10     6.9178E-08
    71     1.3000E+07  1.2900E+07     7.7220E-03     5.7910E-10     7.4993E-08
    72     1.2900E+07  1.2800E+07     7.7821E-03     5.1870E-10     6.6653E-08
    73     1.2800E+07  1.2700E+07     7.8432E-03     5.9100E-10     7.5352E-08
    74     1.2700E+07  1.2600E+07     7.9052E-03     5.9010E-10     7.4647E-08
    75     1.2600E+07  1.2500E+07     7.9682E-03     8.2290E-10     1.0327E-07
    76     1.2500E+07  1.2400E+07     8.0322E-03     1.0350E-09     1.2886E-07
    77     1.2400E+07  1.2300E+07     8.0972E-03     7.7130E-10     9.5255E-08
    78     1.2300E+07  1.2200E+07     8.1633E-03     8.8090E-10     1.0791E-07
    79     1.2200E+07  1.2100E+07     8.2305E-03     1.1970E-09     1.4543E-07
    80     1.2100E+07  1.2000E+07     8.2988E-03     1.0890E-09     1.3122E-07
    81     1.2000E+07  1.1900E+07     8.3682E-03     1.0730E-09     1.2822E-07
    82     1.1900E+07  1.1800E+07     8.4389E-03     1.2310E-09     1.4587E-07
    83     1.1800E+07  1.1700E+07     8.5107E-03     1.3210E-09     1.5522E-07
    84     1.1700E+07  1.1600E+07     8.5837E-03     1.5960E-09     1.8593E-07
    85     1.1600E+07  1.1500E+07     8.6581E-03     1.5020E-09     1.7348E-07
    86     1.1500E+07  1.1400E+07     8.7337E-03     2.0770E-09     2.3781E-07
    87     1.1400E+07  1.1300E+07     8.8106E-03     1.5560E-09     1.7660E-07
    88     1.1300E+07  1.1200E+07     8.8889E-03     2.2900E-09     2.5762E-07
    89     1.1200E+07  1.1100E+07     8.9687E-03     2.2300E-09     2.4864E-07
    90     1.1100E+07  1.1000E+07     9.0498E-03     2.7620E-09     3.0520E-07
    91     1.1000E+07  1.0900E+07     9.1325E-03     3.1830E-09     3.4854E-07
    92     1.0900E+07  1.0800E+07     9.2167E-03     3.3990E-09     3.6879E-07
    93     1.0800E+07  1.0700E+07     9.3024E-03     3.9430E-09     4.2387E-07
    94     1.0700E+07  1.0600E+07     9.3897E-03     3.6860E-09     3.9256E-07
    95     1.0600E+07  1.0500E+07     9.4787E-03     3.6280E-09     3.8275E-07
    96     1.0500E+07  1.0400E+07     9.5695E-03     4.4010E-09     4.5990E-07
    97     1.0400E+07  1.0300E+07     9.6619E-03     4.3800E-09     4.5333E-07
    98     1.0300E+07  1.0200E+07     9.7562E-03     5.1530E-09     5.2818E-07
    99     1.0200E+07  1.0100E+07     9.8523E-03     4.8560E-09     4.9288E-07
   100     1.0100E+07  1.0000E+07     9.9503E-03     5.2930E-09     5.3194E-07
   101     1.0000E+07  9.9000E+06     1.0050E-02     5.7780E-09     5.7491E-07
   102     9.9000E+06  9.8000E+06     1.0152E-02     5.8530E-09     5.7652E-07
   103     9.8000E+06  9.7000E+06     1.0257E-02     6.9170E-09     6.7440E-07
   104     9.7000E+06  9.6000E+06     1.0363E-02     7.7110E-09     7.4410E-07
   105     9.6000E+06  9.5000E+06     1.0471E-02     7.9360E-09     7.5788E-07
   106     9.5000E+06  9.4000E+06     1.0582E-02     9.0180E-09     8.5219E-07
   107     9.4000E+06  9.3000E+06     1.0695E-02     9.3880E-09     8.7777E-07
   108     9.3000E+06  9.2000E+06     1.0811E-02     1.0220E-08     9.4534E-07
   109     9.2000E+06  9.1000E+06     1.0929E-02     1.0880E-08     9.9551E-07
   110     9.1000E+06  9.0000E+06     1.1050E-02     1.1640E-08     1.0534E-06
   111     9.0000E+06  8.9000E+06     1.1173E-02     1.2590E-08     1.1268E-06
   112     8.9000E+06  8.8000E+06     1.1300E-02     1.3600E-08     1.2036E-06
   113     8.8000E+06  8.7000E+06     1.1429E-02     1.2660E-08     1.1077E-06
   114     8.7000E+06  8.6000E+06     1.1561E-02     1.5590E-08     1.3485E-06
   115     8.6000E+06  8.5000E+06     1.1696E-02     1.7300E-08     1.4791E-06
   116     8.5000E+06  8.4000E+06     1.1834E-02     1.6350E-08     1.3816E-06
   117     8.4000E+06  8.3000E+06     1.1976E-02     1.8860E-08     1.5748E-06
   118     8.3000E+06  8.2000E+06     1.2121E-02     1.9540E-08     1.6120E-06
   119     8.2000E+06  8.1000E+06     1.2270E-02     2.2350E-08     1.8215E-06
   120     8.1000E+06  8.0000E+06     1.2423E-02     2.4920E-08     2.0060E-06
   121     8.0000E+06  7.9000E+06     1.2579E-02     2.6060E-08     2.0717E-06
   122     7.9000E+06  7.8000E+06     1.2739E-02     2.6050E-08     2.0449E-06
   123     7.8000E+06  7.7000E+06     1.2903E-02     2.9990E-08     2.3242E-06
   124     7.7000E+06  7.6000E+06     1.3072E-02     3.2350E-08     2.4747E-06
   125     7.6000E+06  7.5000E+06     1.3245E-02     3.4280E-08     2.5881E-06
   126     7.5000E+06  7.4000E+06     1.3423E-02     3.7570E-08     2.7989E-06
   127     7.4000E+06  7.3000E+06     1.3606E-02     3.6900E-08     2.7121E-06
   128     7.3000E+06  7.2000E+06     1.3793E-02     4.1970E-08     3.0428E-06
   129     7.2000E+06  7.1000E+06     1.3986E-02     4.6260E-08     3.3075E-06
   130     7.1000E+06  7.0000E+06     1.4185E-02     5.0190E-08     3.5383E-06
   131     7.0000E+06  6.9000E+06     1.4389E-02     5.8650E-08     4.0761E-06
   132     6.9000E+06  6.8000E+06     1.4599E-02     5.8610E-08     4.0147E-06
   133     6.8000E+06  6.7000E+06     1.4815E-02     6.4840E-08     4.3766E-06
   134     6.7000E+06  6.6000E+06     1.5038E-02     6.9300E-08     4.6084E-06
   135     6.6000E+06  6.5000E+06     1.5267E-02     7.8670E-08     5.1528E-06
   136     6.5000E+06  6.4000E+06     1.5504E-02     8.1870E-08     5.2805E-06
   137     6.4000E+06  6.3000E+06     1.5748E-02     8.6150E-08     5.4704E-06
   138     6.3000E+06  6.2000E+06     1.6000E-02     9.6930E-08     6.0580E-06
   139     6.2000E+06  6.1000E+06     1.6261E-02     1.0120E-07     6.2237E-06
   140     6.1000E+06  6.0000E+06     1.6529E-02     1.0160E-07     6.1467E-06
   141     6.0000E+06  5.9000E+06     1.6807E-02     1.0760E-07     6.4020E-06
   142     5.9000E+06  5.8000E+06     1.7094E-02     1.2170E-07     7.1193E-06
   143     5.8000E+06  5.7000E+06     1.7392E-02     1.2470E-07     7.1701E-06
   144     5.7000E+06  5.6000E+06     1.7700E-02     1.3270E-07     7.4974E-06
   145     5.6000E+06  5.5000E+06     1.8019E-02     1.4960E-07     8.3026E-06
   146     5.5000E+06  5.4000E+06     1.8349E-02     1.6630E-07     9.0631E-06
   147     5.4000E+06  5.3000E+06     1.8692E-02     1.7290E-07     9.2499E-06
   148     5.3000E+06  5.2000E+06     1.9048E-02     1.9140E-07     1.0048E-05
   149     5.2000E+06  5.1000E+06     1.9418E-02     1.8390E-07     9.4706E-06
   150     5.1000E+06  5.0000E+06     1.9803E-02     2.0960E-07     1.0584E-05
   151     5.0000E+06  4.9000E+06     2.0203E-02     2.3730E-07     1.1746E-05
   152     4.9000E+06  4.8000E+06     2.0619E-02     2.3870E-07     1.1577E-05
   153     4.8000E+06  4.7000E+06     2.1053E-02     2.7460E-07     1.3043E-05
   154     4.7000E+06  4.6000E+06     2.1506E-02     2.7610E-07     1.2838E-05
   155     4.6000E+06  4.5000E+06     2.1979E-02     2.8330E-07     1.2890E-05
   156     4.5000E+06  4.4000E+06     2.2473E-02     2.9590E-07     1.3167E-05
   157     4.4000E+06  4.3000E+06     2.2990E-02     2.8210E-07     1.2271E-05
   158     4.3000E+06  4.2000E+06     2.3530E-02     3.6320E-07     1.5435E-05
   159     4.2000E+06  4.1000E+06     2.4098E-02     3.9060E-07     1.6209E-05
   160     4.1000E+06  4.0000E+06     2.4693E-02     4.1720E-07     1.6896E-05
   161     4.0000E+06  3.9000E+06     2.5318E-02     4.1540E-07     1.6407E-05
   162     3.9000E+06  3.8000E+06     2.5975E-02     4.2990E-07     1.6550E-05
   163     3.8000E+06  3.7000E+06     2.6668E-02     4.1860E-07     1.5697E-05
   164     3.7000E+06  3.6000E+06     2.7399E-02     4.5550E-07     1.6625E-05
   165     3.6000E+06  3.5000E+06     2.8171E-02     4.9320E-07     1.7507E-05
   166     3.5000E+06  3.4000E+06     2.8988E-02     5.3490E-07     1.8453E-05
   167     3.4000E+06  3.3000E+06     2.9853E-02     5.8490E-07     1.9593E-05
   168     3.3000E+06  3.2000E+06     3.0772E-02     6.5710E-07     2.1354E-05
   169     3.2000E+06  3.1000E+06     3.1749E-02     7.9560E-07     2.5059E-05
   170     3.1000E+06  3.0000E+06     3.2790E-02     8.5330E-07     2.6023E-05
   171     3.0000E+06  2.9000E+06     3.3902E-02     8.7670E-07     2.5860E-05
   172     2.9000E+06  2.8000E+06     3.5091E-02     9.5030E-07     2.7081E-05
   173     2.8000E+06  2.7000E+06     3.6368E-02     1.0580E-06     2.9092E-05
   174     2.7000E+06  2.6000E+06     3.7740E-02     1.1720E-06     3.1054E-05
   175     2.6000E+06  2.5000E+06     3.9221E-02     1.2090E-06     3.0826E-05
   176     2.5000E+06  2.4000E+06     4.0822E-02     1.3430E-06     3.2899E-05
   177     2.4000E+06  2.3000E+06     4.2560E-02     1.4880E-06     3.4963E-05
   178     2.3000E+06  2.2000E+06     4.4452E-02     1.4060E-06     3.1630E-05
   179     2.2000E+06  2.1000E+06     4.6520E-02     1.3970E-06     3.0030E-05
   180     2.1000E+06  2.0000E+06     4.8790E-02     1.4090E-06     2.8879E-05
   181     2.0000E+06  1.9000E+06     5.1293E-02     1.4530E-06     2.8327E-05
   182     1.9000E+06  1.8000E+06     5.4067E-02     1.6200E-06     2.9963E-05
   183     1.8000E+06  1.7000E+06     5.7158E-02     1.7980E-06     3.1456E-05
   184     1.7000E+06  1.6000E+06     6.0625E-02     1.8650E-06     3.0763E-05
   185     1.6000E+06  1.5000E+06     6.4539E-02     2.0330E-06     3.1501E-05
   186     1.5000E+06  1.4000E+06     6.8993E-02     2.2560E-06     3.2699E-05
   187     1.4000E+06  1.3000E+06     7.4108E-02     2.1850E-06     2.9484E-05
   188     1.3000E+06  1.2000E+06     8.0043E-02     2.5630E-06     3.2020E-05
   189     1.2000E+06  1.1000E+06     8.7011E-02     2.6220E-06     3.0134E-05
   190     1.1000E+06  1.0000E+06     9.5310E-02     2.4530E-06     2.5737E-05
   191     1.0000E+06  9.6000E+05     4.0822E-02     9.4870E-07     2.3240E-05
   192     9.6000E+05  9.2000E+05     4.2560E-02     1.1270E-06     2.6481E-05
   193     9.2000E+05  8.8000E+05     4.4452E-02     1.3090E-06     2.9448E-05
   194     8.8000E+05  8.4000E+05     4.6520E-02     1.4370E-06     3.0890E-05
   195     8.4000E+05  8.0000E+05     4.8790E-02     1.7260E-06     3.5376E-05
   196     8.0000E+05  7.6000E+05     5.1293E-02     1.8170E-06     3.5424E-05
   197     7.6000E+05  7.2000E+05     5.4067E-02     1.9680E-06     3.6399E-05
   198     7.2000E+05  6.9000E+05     4.2560E-02     1.4490E-06     3.4046E-05
   199     6.9000E+05  6.6000E+05     4.4452E-02     1.4360E-06     3.2305E-05
   200     6.6000E+05  6.3000E+05     4.6520E-02     1.3420E-06     2.8848E-05
   201     6.3000E+05  6.0000E+05     4.8790E-02     1.5160E-06     3.1072E-05
   202     6.0000E+05  5.7500E+05     4.2560E-02     1.2170E-06     2.8595E-05
   203     5.7500E+05  5.5000E+05     4.4452E-02     1.2310E-06     2.7693E-05
   204     5.5000E+05  5.2500E+05     4.6520E-02     1.2190E-06     2.6204E-05
   205     5.2500E+05  5.0000E+05     4.8790E-02     1.3220E-06     2.7096E-05
   206     5.0000E+05  4.7500E+05     5.1293E-02     1.2580E-06     2.4526E-05
   207     4.7500E+05  4.5000E+05     5.4067E-02     1.1130E-06     2.0585E-05
   208     4.5000E+05  4.2500E+05     5.7158E-02     8.6400E-07     1.5116E-05
   209     4.2500E+05  4.0000E+05     6.0625E-02     1.0880E-06     1.7947E-05
   210     4.0000E+05  3.8000E+05     5.1293E-02     1.0650E-06     2.0763E-05
   211     3.8000E+05  3.6000E+05     5.4067E-02     1.0060E-06     1.8606E-05
   212     3.6000E+05  3.4000E+05     5.7158E-02     1.3410E-06     2.3461E-05
   213     3.4000E+05  3.2000E+05     6.0625E-02     1.4130E-06     2.3307E-05
   214     3.2000E+05  3.0000E+05     6.4539E-02     1.3460E-06     2.0856E-05
   215     3.0000E+05  2.8000E+05     6.8993E-02     1.3300E-06     1.9277E-05
   216     2.8000E+05  2.7000E+05     3.6368E-02     8.3280E-07     2.2899E-05
   217     2.7000E+05  2.5500E+05     5.7158E-02     1.2280E-06     2.1484E-05
   218     2.5500E+05  2.4000E+05     6.0625E-02     1.1770E-06     1.9415E-05
   219     2.4000E+05  2.3000E+05     4.2560E-02     7.3090E-07     1.7174E-05
   220     2.3000E+05  2.2000E+05     4.4452E-02     7.2170E-07     1.6236E-05
   221     2.2000E+05  2.1000E+05     4.6520E-02     7.0960E-07     1.5254E-05
   222     2.1000E+05  2.0000E+05     4.8790E-02     7.0450E-07     1.4439E-05
   223     2.0000E+05  1.9000E+05     5.1293E-02     8.9170E-07     1.7384E-05
   224     1.9000E+05  1.8000E+05     5.4067E-02     9.1260E-07     1.6879E-05
   225     1.8000E+05  1.7000E+05     5.7158E-02     8.5690E-07     1.4992E-05
   226     1.7000E+05  1.6000E+05     6.0625E-02     7.6960E-07     1.2695E-05
   227     1.6000E+05  1.5000E+05     6.4539E-02     7.2470E-07     1.1229E-05
   228     1.5000E+05  1.4250E+05     5.1293E-02     5.9480E-07     1.1596E-05
   229     1.4250E+05  1.3500E+05     5.4067E-02     8.0650E-07     1.4917E-05
   230     1.3500E+05  1.2750E+05     5.7158E-02     9.7480E-07     1.7054E-05
   231     1.2750E+05  1.2000E+05     6.0625E-02     8.8640E-07     1.4621E-05
   232     1.2000E+05  1.1500E+05     4.2560E-02     4.8700E-07     1.1443E-05
   233     1.1500E+05  1.1000E+05     4.4452E-02     5.6140E-07     1.2629E-05
   234     1.1000E+05  1.0500E+05     4.6520E-02     6.1610E-07     1.3244E-05
   235     1.0500E+05  1.0000E+05     4.8790E-02     5.8540E-07     1.1998E-05
   236     1.0000E+05  9.6000E+04     4.0822E-02     4.2020E-07     1.0293E-05
   237     9.6000E+04  9.2000E+04     4.2560E-02     3.8170E-07     8.9686E-06
   238     9.2000E+04  8.8000E+04     4.4452E-02     3.0230E-07     6.8006E-06
   239     8.8000E+04  8.4000E+04     4.6520E-02     3.3050E-07     7.1045E-06
   240     8.4000E+04  8.0000E+04     4.8790E-02     5.5340E-07     1.1342E-05
   241     8.0000E+04  7.6000E+04     5.1293E-02     7.0090E-07     1.3665E-05
   242     7.6000E+04  7.2000E+04     5.4067E-02     7.0920E-07     1.3117E-05
   243     7.2000E+04  6.9000E+04     4.2560E-02     5.3740E-07     1.2627E-05
   244     6.9000E+04  6.6000E+04     4.4452E-02     5.1620E-07     1.1613E-05
   245     6.6000E+04  6.3000E+04     4.6520E-02     5.0530E-07     1.0862E-05
   246     6.3000E+04  6.0000E+04     4.8790E-02     5.2170E-07     1.0693E-05
   247     6.0000E+04  5.7500E+04     4.2560E-02     3.9520E-07     9.2858E-06
   248     5.7500E+04  5.5000E+04     4.4452E-02     4.7670E-07     1.0724E-05
   249     5.5000E+04  5.2500E+04     4.6520E-02     4.4180E-07     9.4970E-06
   250     5.2500E+04  5.0000E+04     4.8790E-02     4.5450E-07     9.3154E-06
   251     5.0000E+04  4.7500E+04     5.1293E-02     4.6500E-07     9.0655E-06
   252     4.7500E+04  4.5000E+04     5.4067E-02     4.7820E-07     8.8445E-06
   253     4.5000E+04  4.2500E+04     5.7158E-02     4.7040E-07     8.2298E-06
   254     4.2500E+04  4.0000E+04     6.0625E-02     4.5120E-07     7.4425E-06
   255     4.0000E+04  3.8000E+04     5.1293E-02     3.7860E-07     7.3811E-06
   256     3.8000E+04  3.6000E+04     5.4067E-02     2.4040E-07     4.4463E-06
   257     3.6000E+04  3.4000E+04     5.7158E-02     2.1890E-07     3.8297E-06
   258     3.4000E+04  3.2000E+04     6.0625E-02     5.5920E-07     9.2240E-06
   259     3.2000E+04  3.0000E+04     6.4539E-02     7.5210E-07     1.1654E-05
   260     3.0000E+04  2.8000E+04     6.8993E-02     7.3540E-07     1.0659E-05
   261     2.8000E+04  2.7000E+04     3.6368E-02     2.8260E-07     7.7706E-06
   262     2.7000E+04  2.5500E+04     5.7158E-02     5.6290E-07     9.8481E-06
   263     2.5500E+04  2.4000E+04     6.0625E-02     5.1980E-07     8.5741E-06
   264     2.4000E+04  2.3000E+04     4.2560E-02     3.2430E-07     7.6199E-06
   265     2.3000E+04  2.2000E+04     4.4452E-02     3.9390E-07     8.8613E-06
   266     2.2000E+04  2.1000E+04     4.6520E-02     2.9160E-07     6.2683E-06
   267     2.1000E+04  2.0000E+04     4.8790E-02     3.4530E-07     7.0772E-06
   268     2.0000E+04  1.9000E+04     5.1293E-02     4.9710E-07     9.6913E-06
   269     1.9000E+04  1.8000E+04     5.4067E-02     4.2990E-07     7.9512E-06
   270     1.8000E+04  1.7000E+04     5.7158E-02     4.4170E-07     7.7276E-06
   271     1.7000E+04  1.6000E+04     6.0625E-02     4.8790E-07     8.0479E-06
   272     1.6000E+04  1.5000E+04     6.4539E-02     4.9750E-07     7.7086E-06
   273     1.5000E+04  1.4250E+04     5.1293E-02     3.8540E-07     7.5137E-06
   274     1.4250E+04  1.3500E+04     5.4067E-02     4.0060E-07     7.4093E-06
   275     1.3500E+04  1.2750E+04     5.7158E-02     4.3150E-07     7.5492E-06
   276     1.2750E+04  1.2000E+04     6.0625E-02     4.4910E-07     7.4079E-06
   277     1.2000E+04  1.1500E+04     4.2560E-02     3.1560E-07     7.4155E-06
   278     1.1500E+04  1.1000E+04     4.4452E-02     3.2630E-07     7.3405E-06
   279     1.1000E+04  1.0500E+04     4.6520E-02     3.3260E-07     7.1496E-06
   280     1.0500E+04  1.0000E+04     4.8790E-02     3.3970E-07     6.9625E-06
   281     1.0000E+04  9.6000E+03     4.0822E-02     2.7620E-07     6.7660E-06
   282     9.6000E+03  9.2000E+03     4.2560E-02     2.5520E-07     5.9963E-06
   283     9.2000E+03  8.8000E+03     4.4452E-02     1.7720E-07     3.9863E-06
   284     8.8000E+03  8.4000E+03     4.6520E-02     3.1140E-07     6.6939E-06
   285     8.4000E+03  8.0000E+03     4.8790E-02     4.5500E-07     9.3257E-06
   286     8.0000E+03  7.6000E+03     5.1293E-02     3.6270E-07     7.0711E-06
   287     7.6000E+03  7.2000E+03     5.4067E-02     2.7190E-07     5.0289E-06
   288     7.2000E+03  6.9000E+03     4.2560E-02     1.8960E-07     4.4549E-06
   289     6.9000E+03  6.6000E+03     4.4452E-02     4.1140E-07     9.2550E-06
   290     6.6000E+03  6.3000E+03     4.6520E-02     4.3750E-07     9.4046E-06
   291     6.3000E+03  6.0000E+03     4.8790E-02     3.6530E-07     7.4872E-06
   292     6.0000E+03  5.7500E+03     4.2560E-02     2.3290E-07     5.4723E-06
   293     5.7500E+03  5.5000E+03     4.4452E-02     3.2980E-07     7.4193E-06
   294     5.5000E+03  5.2500E+03     4.6520E-02     3.4580E-07     7.4334E-06
   295     5.2500E+03  5.0000E+03     4.8790E-02     3.4860E-07     7.1449E-06
   296     5.0000E+03  4.7500E+03     5.1293E-02     3.5170E-07     6.8566E-06
   297     4.7500E+03  4.5000E+03     5.4067E-02     3.6690E-07     6.7860E-06
   298     4.5000E+03  4.2500E+03     5.7158E-02     3.9210E-07     6.8599E-06
   299     4.2500E+03  4.0000E+03     6.0625E-02     3.9550E-07     6.5238E-06
   300     4.0000E+03  3.8000E+03     5.1293E-02     3.2330E-07     6.3030E-06
   301     3.8000E+03  3.6000E+03     5.4067E-02     3.5300E-07     6.5289E-06
   302     3.6000E+03  3.4000E+03     5.7158E-02     3.5380E-07     6.1898E-06
   303     3.4000E+03  3.2000E+03     6.0625E-02     3.5160E-07     5.7996E-06
   304     3.2000E+03  3.0000E+03     6.4539E-02     3.3640E-07     5.2124E-06
   305     3.0000E+03  2.8000E+03     6.8993E-02     3.0060E-07     4.3570E-06
   306     2.8000E+03  2.7000E+03     3.6368E-02     1.3030E-07     3.5829E-06
   307     2.7000E+03  2.5500E+03     5.7158E-02     1.7570E-07     3.0739E-06
   308     2.5500E+03  2.4000E+03     6.0625E-02     1.4430E-07     2.3802E-06
   309     2.4000E+03  2.3000E+03     4.2560E-02     8.8190E-08     2.0722E-06
   310     2.3000E+03  2.2000E+03     4.4452E-02     1.1820E-07     2.6591E-06
   311     2.2000E+03  2.1000E+03     4.6520E-02     2.0150E-07     4.3315E-06
   312     2.1000E+03  2.0000E+03     4.8790E-02     3.2430E-07     6.6468E-06
   313     2.0000E+03  1.9000E+03     5.1293E-02     4.5210E-07     8.8140E-06
   314     1.9000E+03  1.8000E+03     5.4067E-02     5.2730E-07     9.7527E-06
   315     1.8000E+03  1.7000E+03     5.7158E-02     5.3900E-07     9.4299E-06
   316     1.7000E+03  1.6000E+03     6.0625E-02     5.1040E-07     8.4190E-06
   317     1.6000E+03  1.5000E+03     6.4539E-02     5.0460E-07     7.8186E-06
   318     1.5000E+03  1.4250E+03     5.1293E-02     3.9210E-07     7.6443E-06
   319     1.4250E+03  1.3500E+03     5.4067E-02     3.9140E-07     7.2391E-06
   320     1.3500E+03  1.2750E+03     5.7158E-02     4.0420E-07     7.0716E-06
   321     1.2750E+03  1.2000E+03     6.0625E-02     4.1510E-07     6.8471E-06
   322     1.2000E+03  1.1500E+03     4.2560E-02     2.8760E-07     6.7576E-06
   323     1.1500E+03  1.1000E+03     4.4452E-02     1.4970E-07     3.3677E-06
   324     1.1000E+03  1.0500E+03     4.6520E-02     1.1770E-07     2.5301E-06
   325     1.0500E+03  1.0000E+03     4.8790E-02     3.2610E-07     6.6837E-06
   326     1.0000E+03  9.6000E+02     4.0822E-02     3.0400E-07     7.4470E-06
   327     9.6000E+02  9.2000E+02     4.2560E-02     3.0400E-07     7.1429E-06
   328     9.2000E+02  8.8000E+02     4.4452E-02     2.9970E-07     6.7421E-06
   329     8.8000E+02  8.4000E+02     4.6520E-02     3.0800E-07     6.6208E-06
   330     8.4000E+02  8.0000E+02     4.8790E-02     3.1670E-07     6.4911E-06
   331     8.0000E+02  7.6000E+02     5.1293E-02     3.2720E-07     6.3790E-06
   332     7.6000E+02  7.2000E+02     5.4067E-02     3.4890E-07     6.4531E-06
   333     7.2000E+02  6.9000E+02     4.2560E-02     2.6390E-07     6.2007E-06
   334     6.9000E+02  6.6000E+02     4.4452E-02     2.7380E-07     6.1595E-06
   335     6.6000E+02  6.3000E+02     4.6520E-02     2.9960E-07     6.4402E-06
   336     6.3000E+02  6.0000E+02     4.8790E-02     3.0140E-07     6.1775E-06
   337     6.0000E+02  5.7500E+02     4.2560E-02     2.6370E-07     6.1960E-06
   338     5.7500E+02  5.5000E+02     4.4452E-02     2.6660E-07     5.9975E-06
   339     5.5000E+02  5.2500E+02     4.6520E-02     2.7850E-07     5.9867E-06
   340     5.2500E+02  5.0000E+02     4.8790E-02     2.8620E-07     5.8659E-06
   341     5.0000E+02  4.7500E+02     5.1293E-02     2.9140E-07     5.6811E-06
   342     4.7500E+02  4.5000E+02     5.4067E-02     3.0140E-07     5.5745E-06
   343     4.5000E+02  4.2500E+02     5.7158E-02     2.9260E-07     5.1191E-06
   344     4.2500E+02  4.0000E+02     6.0625E-02     2.7820E-07     4.5889E-06
   345     4.0000E+02  3.8000E+02     5.1293E-02     1.8260E-07     3.5599E-06
   346     3.8000E+02  3.6000E+02     5.4067E-02     1.2220E-07     2.2601E-06
   347     3.6000E+02  3.4000E+02     5.7158E-02     5.0740E-08     8.8771E-07
   348     3.4000E+02  3.2000E+02     6.0625E-02     5.0520E-08     8.3332E-07
   349     3.2000E+02  3.0000E+02     6.4539E-02     2.3060E-07     3.5731E-06
   350     3.0000E+02  2.8000E+02     6.8993E-02     5.0820E-07     7.3660E-06
   351     2.8000E+02  2.7000E+02     3.6368E-02     3.2130E-07     8.8348E-06
   352     2.7000E+02  2.5500E+02     5.7158E-02     4.8990E-07     8.5709E-06
   353     2.5500E+02  2.4000E+02     6.0625E-02     4.6730E-07     7.7081E-06
   354     2.4000E+02  2.3000E+02     4.2560E-02     2.9530E-07     6.9385E-06
   355     2.3000E+02  2.2000E+02     4.4452E-02     3.0360E-07     6.8299E-06
   356     2.2000E+02  2.1000E+02     4.6520E-02     3.0810E-07     6.6230E-06
   357     2.1000E+02  2.0000E+02     4.8790E-02     3.0350E-07     6.2205E-06
   358     2.0000E+02  1.9000E+02     5.1293E-02     3.1000E-07     6.0437E-06
   359     1.9000E+02  1.8000E+02     5.4067E-02     3.4880E-07     6.4512E-06
   360     1.8000E+02  1.7000E+02     5.7158E-02     3.5330E-07     6.1811E-06
   361     1.7000E+02  1.6000E+02     6.0625E-02     3.6050E-07     5.9464E-06
   362     1.6000E+02  1.5000E+02     6.4539E-02     3.9760E-07     6.1607E-06
   363     1.5000E+02  1.4250E+02     5.1293E-02     3.1490E-07     6.1392E-06
   364     1.4250E+02  1.3500E+02     5.4067E-02     3.2190E-07     5.9537E-06
   365     1.3500E+02  1.2750E+02     5.7158E-02     3.5290E-07     6.1741E-06
   366     1.2750E+02  1.2000E+02     6.0625E-02     3.7950E-07     6.2598E-06
   367     1.2000E+02  1.1500E+02     4.2560E-02     2.5680E-07     6.0339E-06
   368     1.1500E+02  1.1000E+02     4.4452E-02     2.7500E-07     6.1865E-06
   369     1.1000E+02  1.0500E+02     4.6520E-02     2.8190E-07     6.0598E-06
   370     1.0500E+02  1.0000E+02     4.8790E-02     2.9170E-07     5.9787E-06
   371     1.0000E+02  9.6000E+01     4.0822E-02     2.5040E-07     6.1339E-06
   372     9.6000E+01  9.2000E+01     4.2560E-02     2.5290E-07     5.9423E-06
   373     9.2000E+01  8.8000E+01     4.4452E-02     2.5280E-07     5.6871E-06
   374     8.8000E+01  8.4000E+01     4.6520E-02     2.7430E-07     5.8964E-06
   375     8.4000E+01  8.0000E+01     4.8790E-02     2.8970E-07     5.9377E-06
   376     8.0000E+01  7.6000E+01     5.1293E-02     2.8790E-07     5.6128E-06
   377     7.6000E+01  7.2000E+01     5.4067E-02     3.2450E-07     6.0018E-06
   378     7.2000E+01  6.9000E+01     4.2560E-02     2.5550E-07     6.0033E-06
   379     6.9000E+01  6.6000E+01     4.4452E-02     2.5080E-07     5.6421E-06
   380     6.6000E+01  6.3000E+01     4.6520E-02     2.6890E-07     5.7803E-06
   381     6.3000E+01  6.0000E+01     4.8790E-02     2.8790E-07     5.9008E-06
   382     6.0000E+01  5.7500E+01     4.2560E-02     2.4890E-07     5.8483E-06
   383     5.7500E+01  5.5000E+01     4.4452E-02     2.6040E-07     5.8580E-06
   384     5.5000E+01  5.2500E+01     4.6520E-02     2.7700E-07     5.9544E-06
   385     5.2500E+01  5.0000E+01     4.8790E-02     2.8850E-07     5.9131E-06
   386     5.0000E+01  4.7500E+01     5.1293E-02     3.0100E-07     5.8682E-06
   387     4.7500E+01  4.5000E+01     5.4067E-02     2.8890E-07     5.3433E-06
   388     4.5000E+01  4.2500E+01     5.7158E-02     3.2200E-07     5.6335E-06
   389     4.2500E+01  4.0000E+01     6.0625E-02     3.4760E-07     5.7336E-06
   390     4.0000E+01  3.8000E+01     5.1293E-02     2.6420E-07     5.1508E-06
   391     3.8000E+01  3.6000E+01     5.4067E-02     2.4660E-07     4.5610E-06
   392     3.6000E+01  3.4000E+01     5.7158E-02     3.0200E-07     5.2836E-06
   393     3.4000E+01  3.2000E+01     6.0625E-02     3.1710E-07     5.2305E-06
   394     3.2000E+01  3.0000E+01     6.4539E-02     3.0300E-07     4.6949E-06
   395     3.0000E+01  2.8000E+01     6.8993E-02     3.7660E-07     5.4585E-06
   396     2.8000E+01  2.7000E+01     3.6368E-02     1.9880E-07     5.4664E-06
   397     2.7000E+01  2.5500E+01     5.7158E-02     3.2210E-07     5.6352E-06
   398     2.5500E+01  2.4000E+01     6.0625E-02     3.4280E-07     5.6545E-06
   399     2.4000E+01  2.3000E+01     4.2560E-02     2.3550E-07     5.5334E-06
   400     2.3000E+01  2.2000E+01     4.4452E-02     2.4480E-07     5.5071E-06
   401     2.2000E+01  2.1000E+01     4.6520E-02     2.3780E-07     5.1118E-06
   402     2.1000E+01  2.0000E+01     4.8790E-02     2.0950E-07     4.2939E-06
   403     2.0000E+01  1.9000E+01     5.1293E-02     2.5520E-07     4.9753E-06
   404     1.9000E+01  1.8000E+01     5.4067E-02     2.8580E-07     5.2860E-06
   405     1.8000E+01  1.7000E+01     5.7158E-02     3.0590E-07     5.3518E-06
   406     1.7000E+01  1.6000E+01     6.0625E-02     3.2780E-07     5.4070E-06
   407     1.6000E+01  1.5000E+01     6.4539E-02     3.4910E-07     5.4092E-06
   408     1.5000E+01  1.4250E+01     5.1293E-02     2.7530E-07     5.3672E-06
   409     1.4250E+01  1.3500E+01     5.4067E-02     2.9540E-07     5.4636E-06
   410     1.3500E+01  1.2750E+01     5.7158E-02     3.1130E-07     5.4463E-06
   411     1.2750E+01  1.2000E+01     6.0625E-02     3.2000E-07     5.2784E-06
   412     1.2000E+01  1.1500E+01     4.2560E-02     2.2310E-07     5.2421E-06
   413     1.1500E+01  1.1000E+01     4.4452E-02     2.3670E-07     5.3249E-06
   414     1.1000E+01  1.0500E+01     4.6520E-02     2.5160E-07     5.4084E-06
   415     1.0500E+01  1.0000E+01     4.8790E-02     2.6490E-07     5.4294E-06
   416     1.0000E+01  9.6000E+00     4.0822E-02     2.2060E-07     5.4039E-06
   417     9.6000E+00  9.2000E+00     4.2560E-02     2.2810E-07     5.3595E-06
   418     9.2000E+00  8.8000E+00     4.4452E-02     2.3630E-07     5.3159E-06
   419     8.8000E+00  8.4000E+00     4.6520E-02     2.4170E-07     5.1956E-06
   420     8.4000E+00  8.0000E+00     4.8790E-02     2.6110E-07     5.3515E-06
   421     8.0000E+00  7.6000E+00     5.1293E-02     2.6630E-07     5.1917E-06
   422     7.6000E+00  7.2000E+00     5.4067E-02     2.8290E-07     5.2324E-06
   423     7.2000E+00  6.9000E+00     4.2560E-02     2.0880E-07     4.9061E-06
   424     6.9000E+00  6.6000E+00     4.4452E-02     1.8970E-07     4.2675E-06
   425     6.6000E+00  6.3000E+00     4.6520E-02     1.9860E-07     4.2691E-06
   426     6.3000E+00  6.0000E+00     4.8790E-02     2.2880E-07     4.6895E-06
   427     6.0000E+00  5.7500E+00     4.2560E-02     2.0810E-07     4.8896E-06
   428     5.7500E+00  5.5000E+00     4.4452E-02     2.1830E-07     4.9109E-06
   429     5.5000E+00  5.2500E+00     4.6520E-02     2.3320E-07     5.0129E-06
   430     5.2500E+00  5.0000E+00     4.8790E-02     2.4450E-07     5.0113E-06
   431     5.0000E+00  4.7500E+00     5.1293E-02     2.5600E-07     4.9909E-06
   432     4.7500E+00  4.5000E+00     5.4067E-02     2.7200E-07     5.0308E-06
   433     4.5000E+00  4.2500E+00     5.7158E-02     2.8900E-07     5.0561E-06
   434     4.2500E+00  4.0000E+00     6.0625E-02     3.0660E-07     5.0574E-06
   435     4.0000E+00  3.8000E+00     5.1293E-02     2.6430E-07     5.1527E-06
   436     3.8000E+00  3.6000E+00     5.4067E-02     2.7520E-07     5.0900E-06
   437     3.6000E+00  3.4000E+00     5.7158E-02     2.9010E-07     5.0754E-06
   438     3.4000E+00  3.2000E+00     6.0625E-02     3.0640E-07     5.0541E-06
   439     3.2000E+00  3.0000E+00     6.4539E-02     3.2780E-07     5.0791E-06
   440     3.0000E+00  2.8000E+00     6.8993E-02     3.5290E-07     5.1150E-06
   441     2.8000E+00  2.7000E+00     3.6368E-02     1.8690E-07     5.1392E-06
   442     2.7000E+00  2.5500E+00     5.7158E-02     2.9450E-07     5.1523E-06
   443     2.5500E+00  2.4000E+00     6.0625E-02     3.1490E-07     5.1943E-06
   444     2.4000E+00  2.3000E+00     4.2560E-02     2.2110E-07     5.1951E-06
   445     2.3000E+00  2.2000E+00     4.4452E-02     2.2800E-07     5.1292E-06
   446     2.2000E+00  2.1000E+00     4.6520E-02     2.4210E-07     5.2042E-06
   447     2.1000E+00  2.0000E+00     4.8790E-02     2.4870E-07     5.0973E-06
   448     2.0000E+00  1.9000E+00     5.1293E-02     2.6360E-07     5.1391E-06
   449     1.9000E+00  1.8000E+00     5.4067E-02     2.8110E-07     5.1991E-06
   450     1.8000E+00  1.7000E+00     5.7158E-02     2.9470E-07     5.1558E-06
   451     1.7000E+00  1.6000E+00     6.0625E-02     3.1170E-07     5.1415E-06
   452     1.6000E+00  1.5000E+00     6.4539E-02     3.3550E-07     5.1984E-06
   453     1.5000E+00  1.4250E+00     5.1293E-02     2.6080E-07     5.0845E-06
   454     1.4250E+00  1.3500E+00     5.4067E-02     2.7810E-07     5.1436E-06
   455     1.3500E+00  1.2750E+00     5.7158E-02     2.9710E-07     5.1978E-06
   456     1.2750E+00  1.2000E+00     6.0625E-02     3.1420E-07     5.1827E-06
   457     1.2000E+00  1.1500E+00     4.2560E-02     2.1960E-07     5.1598E-06
   458     1.1500E+00  1.1000E+00     4.4452E-02     2.2700E-07     5.1067E-06
   459     1.1000E+00  1.0500E+00     4.6520E-02     2.3880E-07     5.1333E-06
   460     1.0500E+00  1.0000E+00     4.8790E-02     2.5010E-07     5.1260E-06
   461     1.0000E+00  9.6000E-01     4.0822E-02     2.1180E-07     5.1884E-06
   462     9.6000E-01  9.2000E-01     4.2560E-02     2.2630E-07     5.3172E-06
   463     9.2000E-01  8.8000E-01     4.4452E-02     2.2960E-07     5.1651E-06
   464     8.8000E-01  8.4000E-01     4.6520E-02     2.4330E-07     5.2300E-06
   465     8.4000E-01  8.0000E-01     4.8790E-02     2.5720E-07     5.2716E-06
   466     8.0000E-01  7.6000E-01     5.1293E-02     2.7080E-07     5.2794E-06
   467     7.6000E-01  7.2000E-01     5.4067E-02     2.8890E-07     5.3433E-06
   468     7.2000E-01  6.9000E-01     4.2560E-02     2.2510E-07     5.2891E-06
   469     6.9000E-01  6.6000E-01     4.4452E-02     2.3640E-07     5.3181E-06
   470     6.6000E-01  6.3000E-01     4.6520E-02     2.4920E-07     5.3568E-06
   471     6.3000E-01  6.0000E-01     4.8790E-02     2.6570E-07     5.4458E-06
   472     6.0000E-01  5.7500E-01     4.2560E-02     2.3130E-07     5.4347E-06
   473     5.7500E-01  5.5000E-01     4.4452E-02     2.3980E-07     5.3946E-06
   474     5.5000E-01  5.2500E-01     4.6520E-02     2.5100E-07     5.3955E-06
   475     5.2500E-01  5.0000E-01     4.8790E-02     2.6350E-07     5.4007E-06
   476     5.0000E-01  4.7500E-01     5.1293E-02     2.7820E-07     5.4237E-06
   477     4.7500E-01  4.5000E-01     5.4067E-02     2.9520E-07     5.4599E-06
   478     4.5000E-01  4.2500E-01     5.7158E-02     3.0620E-07     5.3570E-06
   479     4.2500E-01  4.0000E-01     6.0625E-02     3.2620E-07     5.3807E-06
   480     4.0000E-01  3.8000E-01     5.1293E-02     2.7580E-07     5.3769E-06
   481     3.8000E-01  3.6000E-01     5.4067E-02     2.8540E-07     5.2786E-06
   482     3.6000E-01  3.4000E-01     5.7158E-02     3.1030E-07     5.4288E-06
   483     3.4000E-01  3.2000E-01     6.0625E-02     3.2490E-07     5.3592E-06
   484     3.2000E-01  3.0000E-01     6.4539E-02     3.4720E-07     5.3797E-06
   485     3.0000E-01  2.8000E-01     6.8993E-02     3.7040E-07     5.3687E-06
   486     2.8000E-01  2.7000E-01     3.6368E-02     1.9890E-07     5.4691E-06
   487     2.7000E-01  2.5500E-01     5.7158E-02     3.1630E-07     5.5337E-06
   488     2.5500E-01  2.4000E-01     6.0625E-02     3.4010E-07     5.6099E-06
   489     2.4000E-01  2.3000E-01     4.2560E-02     2.4270E-07     5.7026E-06
   490     2.3000E-01  2.2000E-01     4.4452E-02     2.5900E-07     5.8265E-06
   491     2.2000E-01  2.1000E-01     4.6520E-02     2.8240E-07     6.0705E-06
   492     2.1000E-01  2.0000E-01     4.8790E-02     2.9970E-07     6.1426E-06
   493     2.0000E-01  1.9000E-01     5.1293E-02     3.2930E-07     6.4199E-06
   494     1.9000E-01  1.8000E-01     5.4067E-02     3.6790E-07     6.8045E-06
   495     1.8000E-01  1.7000E-01     5.7158E-02     4.0570E-07     7.0978E-06
   496     1.7000E-01  1.6000E-01     6.0625E-02     4.5260E-07     7.4656E-06
   497     1.6000E-01  1.5000E-01     6.4539E-02     5.1200E-07     7.9332E-06
   498     1.5000E-01  1.4250E-01     5.1293E-02     4.3790E-07     8.5372E-06
   499     1.4250E-01  1.3500E-01     5.4067E-02     4.8940E-07     9.0517E-06
   500     1.3500E-01  1.2750E-01     5.7158E-02     5.5180E-07     9.6539E-06
   501     1.2750E-01  1.2000E-01     6.0625E-02     6.2230E-07     1.0265E-05
   502     1.2000E-01  1.1500E-01     4.2560E-02     4.6470E-07     1.0919E-05
   503     1.1500E-01  1.1000E-01     4.4452E-02     5.0540E-07     1.1370E-05
   504     1.1000E-01  1.0500E-01     4.6520E-02     5.5510E-07     1.1932E-05
   505     1.0500E-01  1.0000E-01     4.8790E-02     6.1050E-07     1.2513E-05
   506     1.0000E-01  9.6000E-02     4.0822E-02     5.3130E-07     1.3015E-05
   507     9.6000E-02  9.2000E-02     4.2560E-02     5.6610E-07     1.3301E-05
   508     9.2000E-02  8.8000E-02     4.4452E-02     6.1310E-07     1.3792E-05
   509     8.8000E-02  8.4000E-02     4.6520E-02     6.6010E-07     1.4190E-05
   510     8.4000E-02  8.0000E-02     4.8790E-02     7.1510E-07     1.4657E-05
   511     8.0000E-02  7.6000E-02     5.1293E-02     7.6210E-07     1.4858E-05
   512     7.6000E-02  7.2000E-02     5.4067E-02     8.2250E-07     1.5213E-05
   513     7.2000E-02  6.9000E-02     4.2560E-02     6.5670E-07     1.5430E-05
   514     6.9000E-02  6.6000E-02     4.4452E-02     6.9120E-07     1.5549E-05
   515     6.6000E-02  6.3000E-02     4.6520E-02     7.2860E-07     1.5662E-05
   516     6.3000E-02  6.0000E-02     4.8790E-02     7.6370E-07     1.5653E-05
   517     6.0000E-02  5.7500E-02     4.2560E-02     6.5870E-07     1.5477E-05
   518     5.7500E-02  5.5000E-02     4.4452E-02     6.8970E-07     1.5516E-05
   519     5.5000E-02  5.2500E-02     4.6520E-02     7.1140E-07     1.5292E-05
   520     5.2500E-02  5.0000E-02     4.8790E-02     7.3460E-07     1.5056E-05
   521     5.0000E-02  4.7500E-02     5.1293E-02     7.5250E-07     1.4671E-05
   522     4.7500E-02  4.5000E-02     5.4067E-02     7.7230E-07     1.4284E-05
   523     4.5000E-02  4.2500E-02     5.7158E-02     7.9740E-07     1.3951E-05
   524     4.2500E-02  4.0000E-02     6.0625E-02     8.1350E-07     1.3419E-05
   525     4.0000E-02  3.8000E-02     5.1293E-02     6.6120E-07     1.2891E-05
   526     3.8000E-02  3.6000E-02     5.4067E-02     6.6630E-07     1.2324E-05
   527     3.6000E-02  3.4000E-02     5.7158E-02     6.8290E-07     1.1947E-05
   528     3.4000E-02  3.2000E-02     6.0625E-02     6.7530E-07     1.1139E-05
   529     3.2000E-02  3.0000E-02     6.4539E-02     6.7970E-07     1.0532E-05
   530     3.0000E-02  2.8000E-02     6.8993E-02     6.7300E-07     9.7546E-06
   531     2.8000E-02  2.7000E-02     3.6368E-02     3.3410E-07     9.1867E-06
   532     2.7000E-02  2.5500E-02     5.7158E-02     5.0020E-07     8.7511E-06
   533     2.5500E-02  2.4000E-02     6.0625E-02     4.9570E-07     8.1765E-06
   534     2.4000E-02  2.3000E-02     4.2560E-02     3.2220E-07     7.5706E-06
   535     2.3000E-02  2.2000E-02     4.4452E-02     3.1970E-07     7.1921E-06
   536     2.2000E-02  2.1000E-02     4.6520E-02     3.1540E-07     6.7799E-06
   537     2.1000E-02  2.0000E-02     4.8790E-02     3.1010E-07     6.3558E-06
   538     2.0000E-02  1.9000E-02     5.1293E-02     3.0430E-07     5.9325E-06
   539     1.9000E-02  1.8000E-02     5.4067E-02     2.9550E-07     5.4654E-06
   540     1.8000E-02  1.7000E-02     5.7158E-02     2.8750E-07     5.0299E-06
   541     1.7000E-02  1.6000E-02     6.0625E-02     2.7940E-07     4.6087E-06
   542     1.6000E-02  1.5000E-02     6.4539E-02     2.6960E-07     4.1774E-06
   543     1.5000E-02  1.4250E-02     5.1293E-02     1.9370E-07     3.7763E-06
   544     1.4250E-02  1.3500E-02     5.4067E-02     1.8620E-07     3.4439E-06
   545     1.3500E-02  1.2750E-02     5.7158E-02     1.8200E-07     3.1841E-06
   546     1.2750E-02  1.2000E-02     6.0625E-02     1.7290E-07     2.8520E-06
   547     1.2000E-02  1.1500E-02     4.2560E-02     1.1060E-07     2.5987E-06
   548     1.1500E-02  1.1000E-02     4.4452E-02     1.0880E-07     2.4476E-06
   549     1.1000E-02  1.0500E-02     4.6520E-02     1.0540E-07     2.2657E-06
   550     1.0500E-02  1.0000E-02     4.8790E-02     9.9610E-08     2.0416E-06
   551     1.0000E-02  9.6000E-03     4.0822E-02     7.8650E-08     1.9267E-06
   552     9.6000E-03  9.2000E-03     4.2560E-02     7.7640E-08     1.8243E-06
   553     9.2000E-03  8.8000E-03     4.4452E-02     7.1810E-08     1.6155E-06
   554     8.8000E-03  8.4000E-03     4.6520E-02     7.0580E-08     1.5172E-06
   555     8.4000E-03  8.0000E-03     4.8790E-02     6.7460E-08     1.3827E-06
   556     8.0000E-03  7.6000E-03     5.1293E-02     6.4560E-08     1.2586E-06
   557     7.6000E-03  7.2000E-03     5.4067E-02     6.1350E-08     1.1347E-06
   558     7.2000E-03  6.9000E-03     4.2560E-02     4.5480E-08     1.0686E-06
   559     6.9000E-03  6.6000E-03     4.4452E-02     4.1860E-08     9.4169E-07
   560     6.6000E-03  6.3000E-03     4.6520E-02     4.0970E-08     8.8070E-07
   561     6.3000E-03  6.0000E-03     4.8790E-02     3.9640E-08     8.1246E-07
   562     6.0000E-03  5.7500E-03     4.2560E-02     3.0300E-08     7.1194E-07
   563     5.7500E-03  5.5000E-03     4.4452E-02     2.9260E-08     6.5824E-07
   564     5.5000E-03  5.2500E-03     4.6520E-02     2.7730E-08     5.9609E-07
   565     5.2500E-03  5.0000E-03     4.8790E-02     2.7290E-08     5.5933E-07
   566     5.0000E-03  4.7500E-03     5.1293E-02     2.6120E-08     5.0923E-07
   567     4.7500E-03  4.5000E-03     5.4067E-02     2.4990E-08     4.6220E-07
   568     4.5000E-03  4.2500E-03     5.7158E-02     2.2240E-08     3.8909E-07
   569     4.2500E-03  4.0000E-03     6.0625E-02     2.1540E-08     3.5530E-07
   570     4.0000E-03  3.8000E-03     5.1293E-02     1.5900E-08     3.0998E-07
   571     3.8000E-03  3.6000E-03     5.4067E-02     1.5420E-08     2.8520E-07
   572     3.6000E-03  3.4000E-03     5.7158E-02     1.5010E-08     2.6260E-07
   573     3.4000E-03  3.2000E-03     6.0625E-02     1.4430E-08     2.3802E-07
   574     3.2000E-03  3.0000E-03     6.4539E-02     1.2930E-08     2.0035E-07
   575     3.0000E-03  2.8000E-03     6.8993E-02     1.2030E-08     1.7437E-07
   576     2.8000E-03  2.7000E-03     3.6368E-02     5.5380E-09     1.5228E-07
   577     2.7000E-03  2.5500E-03     5.7158E-02     8.1490E-09     1.4257E-07
   578     2.5500E-03  2.4000E-03     6.0625E-02     7.7810E-09     1.2835E-07
   579     2.4000E-03  2.3000E-03     4.2560E-02     4.7000E-09     1.1043E-07
   580     2.3000E-03  2.2000E-03     4.4452E-02     4.0640E-09     9.1425E-08
   581     2.2000E-03  2.1000E-03     4.6520E-02     4.1910E-09     9.0090E-08
   582     2.1000E-03  2.0000E-03     4.8790E-02     4.2070E-09     8.6226E-08
   583     2.0000E-03  1.9000E-03     5.1293E-02     3.7290E-09     7.2700E-08
   584     1.9000E-03  1.8000E-03     5.4067E-02     3.6100E-09     6.6769E-08
   585     1.8000E-03  1.7000E-03     5.7158E-02     3.3320E-09     5.8294E-08
   586     1.7000E-03  1.6000E-03     6.0625E-02     2.9520E-09     4.8693E-08
   587     1.6000E-03  1.5000E-03     6.4539E-02     2.8530E-09     4.4206E-08
   588     1.5000E-03  1.4250E-03     5.1293E-02     1.9830E-09     3.8660E-08
   589     1.4250E-03  1.3500E-03     5.4067E-02     2.0500E-09     3.7916E-08
   590     1.3500E-03  1.2750E-03     5.7158E-02     1.6600E-09     2.9042E-08
   591     1.2750E-03  1.2000E-03     6.0625E-02     1.6530E-09     2.7266E-08
   592     1.2000E-03  1.1500E-03     4.2560E-02     9.8900E-10     2.3238E-08
   593     1.1500E-03  1.1000E-03     4.4452E-02     8.3070E-10     1.8688E-08
   594     1.1000E-03  1.0500E-03     4.6520E-02     9.8270E-10     2.1124E-08
   595     1.0500E-03  1.0000E-03     4.8790E-02     7.7340E-10     1.5852E-08
   596     1.0000E-03  9.6000E-04     4.0822E-02     6.1430E-10     1.5048E-08
   597     9.6000E-04  9.2000E-04     4.2560E-02     6.2800E-10     1.4756E-08
   598     9.2000E-04  8.8000E-04     4.4452E-02     4.5220E-10     1.0173E-08
   599     8.8000E-04  8.4000E-04     4.6520E-02     6.2230E-10     1.3377E-08
   600     8.4000E-04  8.0000E-04     4.8790E-02     4.2420E-10     8.6944E-09
   601     8.0000E-04  7.6000E-04     5.1293E-02     4.4490E-10     8.6736E-09
   602     7.6000E-04  7.2000E-04     5.4067E-02     5.4310E-10     1.0045E-08
   603     7.2000E-04  6.9000E-04     4.2560E-02     3.2780E-10     7.7021E-09
   604     6.9000E-04  6.6000E-04     4.4452E-02     3.3740E-10     7.5903E-09
   605     6.6000E-04  6.3000E-04     4.6520E-02     2.3370E-10     5.0236E-09
   606     6.3000E-04  6.0000E-04     4.8790E-02     2.9450E-10     6.0361E-09
   607     6.0000E-04  5.7500E-04     4.2560E-02     2.3000E-10     5.4042E-09
   608     5.7500E-04  5.5000E-04     4.4452E-02     1.4880E-10     3.3474E-09
   609     5.5000E-04  5.2500E-04     4.6520E-02     1.9810E-10     4.2584E-09
   610     5.2500E-04  5.0000E-04     4.8790E-02     1.4570E-10     2.9863E-09
   611     5.0000E-04  4.7500E-04     5.1293E-02     1.2650E-10     2.4662E-09
   612     4.7500E-04  4.5000E-04     5.4067E-02     1.8790E-10     3.4753E-09
   613     4.5000E-04  4.2500E-04     5.7158E-02     1.3830E-10     2.4196E-09
   614     4.2500E-04  4.0000E-04     6.0625E-02     1.6410E-10     2.7068E-09
   615     4.0000E-04  3.8000E-04     5.1293E-02     8.9720E-11     1.7492E-09
   616     3.8000E-04  3.6000E-04     5.4067E-02     8.6790E-11     1.6052E-09
   617     3.6000E-04  3.4000E-04     5.7158E-02     6.4860E-11     1.1347E-09
   618     3.4000E-04  3.2000E-04     6.0625E-02     8.6660E-11     1.4295E-09
   619     3.2000E-04  3.0000E-04     6.4539E-02     8.4590E-11     1.3107E-09
   620     3.0000E-04  2.8000E-04     6.8993E-02     7.4140E-11     1.0746E-09
   621     2.8000E-04  2.7000E-04     3.6368E-02     3.2380E-11     8.9035E-10
   622     2.7000E-04  2.5500E-04     5.7158E-02     5.0740E-11     8.8771E-10
   623     2.5500E-04  2.4000E-04     6.0625E-02     4.0930E-11     6.7514E-10
   624     2.4000E-04  2.3000E-04     4.2560E-02     3.2890E-11     7.7280E-10
   625     2.3000E-04  2.2000E-04     4.4452E-02     2.8440E-11     6.3979E-10
   626     2.2000E-04  2.1000E-04     4.6520E-02     1.0960E-11     2.3560E-10
   627     2.1000E-04  2.0000E-04     4.8790E-02     2.4310E-11     4.9826E-10
   628     2.0000E-04  1.9000E-04     5.1293E-02     2.1470E-11     4.1857E-10
   629     1.9000E-04  1.8000E-04     5.4067E-02     4.2150E-12     7.7959E-11
   630     1.8000E-04  1.7000E-04     5.7158E-02     1.0520E-11     1.8405E-10
   631     1.7000E-04  1.6000E-04     6.0625E-02     2.3790E-11     3.9241E-10
   632     1.6000E-04  1.5000E-04     6.4539E-02     1.2760E-11     1.9771E-10
   633     1.5000E-04  1.4250E-04     5.1293E-02     1.1660E-11     2.2732E-10
   634     1.4250E-04  1.3500E-04     5.4067E-02     2.3930E-11     4.4260E-10
   635     1.3500E-04  1.2750E-04     5.7158E-02     9.5420E-12     1.6694E-10
   636     1.2750E-04  1.2000E-04     6.0625E-02     9.1240E-12     1.5050E-10
   637     1.2000E-04  1.1500E-04     4.2560E-02     3.1690E-12     7.4460E-11
   638     1.1500E-04  1.1000E-04     4.4452E-02     5.4950E-12     1.2362E-10
   639     1.1000E-04  1.0500E-04     4.6520E-02     0.0000E+00     0.0000E+00
   640     1.0500E-04  1.0000E-04     4.8790E-02     3.1100E-12     6.3742E-11
  TOTAL                                              2.0470E-04
