  GROUP      UPPER       LOWER         LETHARGY         DATA        DATA/LETHARGY

     1     2.0000E+07  1.9900E+07     5.0125E-03     3.1440E-12     6.2723E-10
     2     1.9900E+07  1.9800E+07     5.0378E-03     2.1600E-12     4.2876E-10
     3     1.9800E+07  1.9700E+07     5.0633E-03     0.0000E+00     0.0000E+00
     4     1.9700E+07  1.9600E+07     5.0891E-03     5.9240E-12     1.1641E-09
     5     1.9600E+07  1.9500E+07     5.1151E-03     2.1370E-12     4.1778E-10
     6     1.9500E+07  1.9400E+07     5.1414E-03     0.0000E+00     0.0000E+00
     7     1.9400E+07  1.9300E+07     5.1680E-03     7.9880E-12     1.5457E-09
     8     1.9300E+07  1.9200E+07     5.1948E-03     0.0000E+00     0.0000E+00
     9     1.9200E+07  1.9100E+07     5.2219E-03     3.8820E-12     7.4340E-10
    10     1.9100E+07  1.9000E+07     5.2494E-03     0.0000E+00     0.0000E+00
    11     1.9000E+07  1.8900E+07     5.2771E-03     4.4900E-13     8.5085E-11
    12     1.8900E+07  1.8800E+07     5.3051E-03     1.0950E-11     2.0641E-09
    13     1.8800E+07  1.8700E+07     5.3333E-03     5.1070E-12     9.5756E-10
    14     1.8700E+07  1.8600E+07     5.3619E-03     4.3430E-12     8.0997E-10
    15     1.8600E+07  1.8500E+07     5.3908E-03     5.3790E-12     9.9780E-10
    16     1.8500E+07  1.8400E+07     5.4201E-03     7.0180E-12     1.2948E-09
    17     1.8400E+07  1.8300E+07     5.4496E-03     5.0130E-12     9.1988E-10
    18     1.8300E+07  1.8200E+07     5.4795E-03     1.1620E-11     2.1206E-09
    19     1.8200E+07  1.8100E+07     5.5097E-03     1.5070E-11     2.7352E-09
    20     1.8100E+07  1.8000E+07     5.5402E-03     1.0580E-11     1.9097E-09
    21     1.8000E+07  1.7900E+07     5.5710E-03     2.4100E-11     4.3259E-09
    22     1.7900E+07  1.7800E+07     5.6023E-03     2.6930E-11     4.8070E-09
    23     1.7800E+07  1.7700E+07     5.6338E-03     1.5180E-11     2.6944E-09
    24     1.7700E+07  1.7600E+07     5.6657E-03     1.8250E-11     3.2211E-09
    25     1.7600E+07  1.7500E+07     5.6980E-03     8.5840E-12     1.5065E-09
    26     1.7500E+07  1.7400E+07     5.7307E-03     3.3470E-11     5.8405E-09
    27     1.7400E+07  1.7300E+07     5.7637E-03     1.0600E-11     1.8391E-09
    28     1.7300E+07  1.7200E+07     5.7971E-03     3.9810E-11     6.8672E-09
    29     1.7200E+07  1.7100E+07     5.8309E-03     1.8500E-11     3.1727E-09
    30     1.7100E+07  1.7000E+07     5.8651E-03     3.6920E-11     6.2948E-09
    31     1.7000E+07  1.6900E+07     5.8997E-03     3.2640E-11     5.5325E-09
    32     1.6900E+07  1.6800E+07     5.9347E-03     1.7840E-11     3.0060E-09
    33     1.6800E+07  1.6700E+07     5.9702E-03     3.4570E-11     5.7905E-09
    34     1.6700E+07  1.6600E+07     6.0060E-03     1.2180E-11     2.0280E-09
    35     1.6600E+07  1.6500E+07     6.0423E-03     3.6400E-11     6.0242E-09
    36     1.6500E+07  1.6400E+07     6.0790E-03     3.8600E-11     6.3497E-09
    37     1.6400E+07  1.6300E+07     6.1162E-03     7.1200E-11     1.1641E-08
    38     1.6300E+07  1.6200E+07     6.1539E-03     4.2180E-11     6.8542E-09
    39     1.6200E+07  1.6100E+07     6.1920E-03     6.1170E-11     9.8789E-09
    40     1.6100E+07  1.6000E+07     6.2305E-03     3.7670E-11     6.0460E-09
    41     1.6000E+07  1.5900E+07     6.2696E-03     4.2700E-11     6.8106E-09
    42     1.5900E+07  1.5800E+07     6.3092E-03     6.5010E-11     1.0304E-08
    43     1.5800E+07  1.5700E+07     6.3492E-03     5.7450E-11     9.0483E-09
    44     1.5700E+07  1.5600E+07     6.3898E-03     9.1450E-11     1.4312E-08
    45     1.5600E+07  1.5500E+07     6.4309E-03     7.7770E-11     1.2093E-08
    46     1.5500E+07  1.5400E+07     6.4725E-03     9.2250E-11     1.4253E-08
    47     1.5400E+07  1.5300E+07     6.5147E-03     9.1960E-11     1.4116E-08
    48     1.5300E+07  1.5200E+07     6.5574E-03     6.9560E-11     1.0608E-08
    49     1.5200E+07  1.5100E+07     6.6007E-03     9.3400E-11     1.4150E-08
    50     1.5100E+07  1.5000E+07     6.6445E-03     1.1410E-10     1.7172E-08
    51     1.5000E+07  1.4900E+07     6.6890E-03     1.0130E-10     1.5144E-08
    52     1.4900E+07  1.4800E+07     6.7340E-03     1.2320E-10     1.8295E-08
    53     1.4800E+07  1.4700E+07     6.7797E-03     1.4820E-10     2.1859E-08
    54     1.4700E+07  1.4600E+07     6.8260E-03     1.6420E-10     2.4055E-08
    55     1.4600E+07  1.4500E+07     6.8729E-03     1.6650E-10     2.4226E-08
    56     1.4500E+07  1.4400E+07     6.9204E-03     1.6700E-10     2.4131E-08
    57     1.4400E+07  1.4300E+07     6.9687E-03     2.0230E-10     2.9030E-08
    58     1.4300E+07  1.4200E+07     7.0176E-03     2.0010E-10     2.8514E-08
    59     1.4200E+07  1.4100E+07     7.0672E-03     2.3490E-10     3.3238E-08
    60     1.4100E+07  1.4000E+07     7.1175E-03     2.5570E-10     3.5926E-08
    61     1.4000E+07  1.3900E+07     7.1685E-03     3.0920E-10     4.3133E-08
    62     1.3900E+07  1.3800E+07     7.2202E-03     2.8740E-10     3.9805E-08
    63     1.3800E+07  1.3700E+07     7.2728E-03     3.4640E-10     4.7630E-08
    64     1.3700E+07  1.3600E+07     7.3260E-03     3.8500E-10     5.2552E-08
    65     1.3600E+07  1.3500E+07     7.3801E-03     4.0220E-10     5.4498E-08
    66     1.3500E+07  1.3400E+07     7.4350E-03     4.3910E-10     5.9059E-08
    67     1.3400E+07  1.3300E+07     7.4907E-03     4.9210E-10     6.5695E-08
    68     1.3300E+07  1.3200E+07     7.5472E-03     4.6220E-10     6.1241E-08
    69     1.3200E+07  1.3100E+07     7.6046E-03     5.8150E-10     7.6467E-08
    70     1.3100E+07  1.3000E+07     7.6629E-03     5.7330E-10     7.4815E-08
    71     1.3000E+07  1.2900E+07     7.7220E-03     6.4950E-10     8.4110E-08
    72     1.2900E+07  1.2800E+07     7.7821E-03     5.8200E-10     7.4787E-08
    73     1.2800E+07  1.2700E+07     7.8432E-03     8.0300E-10     1.0238E-07
    74     1.2700E+07  1.2600E+07     7.9052E-03     7.5640E-10     9.5684E-08
    75     1.2600E+07  1.2500E+07     7.9682E-03     8.8230E-10     1.1073E-07
    76     1.2500E+07  1.2400E+07     8.0322E-03     9.7970E-10     1.2197E-07
    77     1.2400E+07  1.2300E+07     8.0972E-03     9.4890E-10     1.1719E-07
    78     1.2300E+07  1.2200E+07     8.1633E-03     1.0810E-09     1.3242E-07
    79     1.2200E+07  1.2100E+07     8.2305E-03     1.1800E-09     1.4337E-07
    80     1.2100E+07  1.2000E+07     8.2988E-03     1.1980E-09     1.4436E-07
    81     1.2000E+07  1.1900E+07     8.3682E-03     1.3060E-09     1.5607E-07
    82     1.1900E+07  1.1800E+07     8.4389E-03     1.2710E-09     1.5061E-07
    83     1.1800E+07  1.1700E+07     8.5107E-03     1.3900E-09     1.6332E-07
    84     1.1700E+07  1.1600E+07     8.5837E-03     1.6150E-09     1.8815E-07
    85     1.1600E+07  1.1500E+07     8.6581E-03     1.7740E-09     2.0490E-07
    86     1.1500E+07  1.1400E+07     8.7337E-03     1.8750E-09     2.1469E-07
    87     1.1400E+07  1.1300E+07     8.8106E-03     2.0130E-09     2.2847E-07
    88     1.1300E+07  1.1200E+07     8.8889E-03     2.1320E-09     2.3985E-07
    89     1.1200E+07  1.1100E+07     8.9687E-03     2.1940E-09     2.4463E-07
    90     1.1100E+07  1.1000E+07     9.0498E-03     2.4510E-09     2.7083E-07
    91     1.1000E+07  1.0900E+07     9.1325E-03     2.9030E-09     3.1788E-07
    92     1.0900E+07  1.0800E+07     9.2167E-03     3.1370E-09     3.4036E-07
    93     1.0800E+07  1.0700E+07     9.3024E-03     3.4820E-09     3.7431E-07
    94     1.0700E+07  1.0600E+07     9.3897E-03     3.7910E-09     4.0374E-07
    95     1.0600E+07  1.0500E+07     9.4787E-03     3.8150E-09     4.0248E-07
    96     1.0500E+07  1.0400E+07     9.5695E-03     4.3300E-09     4.5248E-07
    97     1.0400E+07  1.0300E+07     9.6619E-03     4.5870E-09     4.7475E-07
    98     1.0300E+07  1.0200E+07     9.7562E-03     4.6390E-09     4.7549E-07
    99     1.0200E+07  1.0100E+07     9.8523E-03     5.0700E-09     5.1460E-07
   100     1.0100E+07  1.0000E+07     9.9503E-03     5.1840E-09     5.2099E-07
   101     1.0000E+07  9.9000E+06     1.0050E-02     5.7160E-09     5.6874E-07
   102     9.9000E+06  9.8000E+06     1.0152E-02     6.1030E-09     6.0114E-07
   103     9.8000E+06  9.7000E+06     1.0257E-02     6.5070E-09     6.3443E-07
   104     9.7000E+06  9.6000E+06     1.0363E-02     7.3690E-09     7.1110E-07
   105     9.6000E+06  9.5000E+06     1.0471E-02     7.9470E-09     7.5893E-07
   106     9.5000E+06  9.4000E+06     1.0582E-02     8.3450E-09     7.8860E-07
   107     9.4000E+06  9.3000E+06     1.0695E-02     9.0530E-09     8.4645E-07
   108     9.3000E+06  9.2000E+06     1.0811E-02     1.0010E-08     9.2592E-07
   109     9.2000E+06  9.1000E+06     1.0929E-02     1.0530E-08     9.6349E-07
   110     9.1000E+06  9.0000E+06     1.1050E-02     1.1140E-08     1.0082E-06
   111     9.0000E+06  8.9000E+06     1.1173E-02     1.2320E-08     1.1026E-06
   112     8.9000E+06  8.8000E+06     1.1300E-02     1.3220E-08     1.1700E-06
   113     8.8000E+06  8.7000E+06     1.1429E-02     1.3780E-08     1.2057E-06
   114     8.7000E+06  8.6000E+06     1.1561E-02     1.5250E-08     1.3191E-06
   115     8.6000E+06  8.5000E+06     1.1696E-02     1.6710E-08     1.4287E-06
   116     8.5000E+06  8.4000E+06     1.1834E-02     1.7750E-08     1.4999E-06
   117     8.4000E+06  8.3000E+06     1.1976E-02     1.8360E-08     1.5330E-06
   118     8.3000E+06  8.2000E+06     1.2121E-02     1.9970E-08     1.6475E-06
   119     8.2000E+06  8.1000E+06     1.2270E-02     2.1780E-08     1.7750E-06
   120     8.1000E+06  8.0000E+06     1.2423E-02     2.5090E-08     2.0197E-06
   121     8.0000E+06  7.9000E+06     1.2579E-02     2.6680E-08     2.1210E-06
   122     7.9000E+06  7.8000E+06     1.2739E-02     2.6180E-08     2.0551E-06
   123     7.8000E+06  7.7000E+06     1.2903E-02     2.8850E-08     2.2358E-06
   124     7.7000E+06  7.6000E+06     1.3072E-02     3.2720E-08     2.5030E-06
   125     7.6000E+06  7.5000E+06     1.3245E-02     3.5280E-08     2.6636E-06
   126     7.5000E+06  7.4000E+06     1.3423E-02     3.7960E-08     2.8280E-06
   127     7.4000E+06  7.3000E+06     1.3606E-02     3.9090E-08     2.8731E-06
   128     7.3000E+06  7.2000E+06     1.3793E-02     4.1990E-08     3.0442E-06
   129     7.2000E+06  7.1000E+06     1.3986E-02     4.6990E-08     3.3597E-06
   130     7.1000E+06  7.0000E+06     1.4185E-02     5.1900E-08     3.6589E-06
   131     7.0000E+06  6.9000E+06     1.4389E-02     5.7470E-08     3.9941E-06
   132     6.9000E+06  6.8000E+06     1.4599E-02     5.7410E-08     3.9325E-06
   133     6.8000E+06  6.7000E+06     1.4815E-02     6.3510E-08     4.2868E-06
   134     6.7000E+06  6.6000E+06     1.5038E-02     7.0230E-08     4.6702E-06
   135     6.6000E+06  6.5000E+06     1.5267E-02     7.8700E-08     5.1547E-06
   136     6.5000E+06  6.4000E+06     1.5504E-02     8.2060E-08     5.2928E-06
   137     6.4000E+06  6.3000E+06     1.5748E-02     8.6340E-08     5.4825E-06
   138     6.3000E+06  6.2000E+06     1.6000E-02     9.5980E-08     5.9986E-06
   139     6.2000E+06  6.1000E+06     1.6261E-02     1.0230E-07     6.2913E-06
   140     6.1000E+06  6.0000E+06     1.6529E-02     1.0400E-07     6.2919E-06
   141     6.0000E+06  5.9000E+06     1.6807E-02     1.0960E-07     6.5210E-06
   142     5.9000E+06  5.8000E+06     1.7094E-02     1.2170E-07     7.1193E-06
   143     5.8000E+06  5.7000E+06     1.7392E-02     1.2700E-07     7.3023E-06
   144     5.7000E+06  5.6000E+06     1.7700E-02     1.2980E-07     7.3335E-06
   145     5.6000E+06  5.5000E+06     1.8019E-02     1.5190E-07     8.4302E-06
   146     5.5000E+06  5.4000E+06     1.8349E-02     1.6830E-07     9.1721E-06
   147     5.4000E+06  5.3000E+06     1.8692E-02     1.7550E-07     9.3890E-06
   148     5.3000E+06  5.2000E+06     1.9048E-02     1.9080E-07     1.0017E-05
   149     5.2000E+06  5.1000E+06     1.9418E-02     1.8300E-07     9.4242E-06
   150     5.1000E+06  5.0000E+06     1.9803E-02     2.1690E-07     1.0953E-05
   151     5.0000E+06  4.9000E+06     2.0203E-02     2.3990E-07     1.1875E-05
   152     4.9000E+06  4.8000E+06     2.0619E-02     2.3970E-07     1.1625E-05
   153     4.8000E+06  4.7000E+06     2.1053E-02     2.7810E-07     1.3209E-05
   154     4.7000E+06  4.6000E+06     2.1506E-02     2.7860E-07     1.2954E-05
   155     4.6000E+06  4.5000E+06     2.1979E-02     2.8620E-07     1.3022E-05
   156     4.5000E+06  4.4000E+06     2.2473E-02     2.9890E-07     1.3300E-05
   157     4.4000E+06  4.3000E+06     2.2990E-02     2.9270E-07     1.2732E-05
   158     4.3000E+06  4.2000E+06     2.3530E-02     3.6550E-07     1.5533E-05
   159     4.2000E+06  4.1000E+06     2.4098E-02     3.9460E-07     1.6375E-05
   160     4.1000E+06  4.0000E+06     2.4693E-02     4.2470E-07     1.7199E-05
   161     4.0000E+06  3.9000E+06     2.5318E-02     4.1900E-07     1.6550E-05
   162     3.9000E+06  3.8000E+06     2.5975E-02     4.3180E-07     1.6623E-05
   163     3.8000E+06  3.7000E+06     2.6668E-02     4.1840E-07     1.5689E-05
   164     3.7000E+06  3.6000E+06     2.7399E-02     4.6120E-07     1.6833E-05
   165     3.6000E+06  3.5000E+06     2.8171E-02     4.9650E-07     1.7625E-05
   166     3.5000E+06  3.4000E+06     2.8988E-02     5.3870E-07     1.8584E-05
   167     3.4000E+06  3.3000E+06     2.9853E-02     5.9120E-07     1.9804E-05
   168     3.3000E+06  3.2000E+06     3.0772E-02     6.5740E-07     2.1364E-05
   169     3.2000E+06  3.1000E+06     3.1749E-02     7.9680E-07     2.5097E-05
   170     3.1000E+06  3.0000E+06     3.2790E-02     8.5420E-07     2.6051E-05
   171     3.0000E+06  2.9000E+06     3.3902E-02     8.8120E-07     2.5993E-05
   172     2.9000E+06  2.8000E+06     3.5091E-02     9.5680E-07     2.7266E-05
   173     2.8000E+06  2.7000E+06     3.6368E-02     1.0580E-06     2.9092E-05
   174     2.7000E+06  2.6000E+06     3.7740E-02     1.1830E-06     3.1346E-05
   175     2.6000E+06  2.5000E+06     3.9221E-02     1.2120E-06     3.0902E-05
   176     2.5000E+06  2.4000E+06     4.0822E-02     1.3410E-06     3.2850E-05
   177     2.4000E+06  2.3000E+06     4.2560E-02     1.4940E-06     3.5104E-05
   178     2.3000E+06  2.2000E+06     4.4452E-02     1.4040E-06     3.1585E-05
   179     2.2000E+06  2.1000E+06     4.6520E-02     1.3960E-06     3.0009E-05
   180     2.1000E+06  2.0000E+06     4.8790E-02     1.4210E-06     2.9125E-05
   181     2.0000E+06  1.9000E+06     5.1293E-02     1.4490E-06     2.8249E-05
   182     1.9000E+06  1.8000E+06     5.4067E-02     1.6300E-06     3.0148E-05
   183     1.8000E+06  1.7000E+06     5.7158E-02     1.8240E-06     3.1911E-05
   184     1.7000E+06  1.6000E+06     6.0625E-02     1.8830E-06     3.1060E-05
   185     1.6000E+06  1.5000E+06     6.4539E-02     2.0540E-06     3.1826E-05
   186     1.5000E+06  1.4000E+06     6.8993E-02     2.2880E-06     3.3163E-05
   187     1.4000E+06  1.3000E+06     7.4108E-02     2.2230E-06     2.9997E-05
   188     1.3000E+06  1.2000E+06     8.0043E-02     2.5930E-06     3.2395E-05
   189     1.2000E+06  1.1000E+06     8.7011E-02     2.6720E-06     3.0709E-05
   190     1.1000E+06  1.0000E+06     9.5310E-02     2.4760E-06     2.5978E-05
   191     1.0000E+06  9.6000E+05     4.0822E-02     9.6320E-07     2.3595E-05
   192     9.6000E+05  9.2000E+05     4.2560E-02     1.1480E-06     2.6974E-05
   193     9.2000E+05  8.8000E+05     4.4452E-02     1.3150E-06     2.9583E-05
   194     8.8000E+05  8.4000E+05     4.6520E-02     1.4590E-06     3.1363E-05
   195     8.4000E+05  8.0000E+05     4.8790E-02     1.7510E-06     3.5888E-05
   196     8.0000E+05  7.6000E+05     5.1293E-02     1.8510E-06     3.6087E-05
   197     7.6000E+05  7.2000E+05     5.4067E-02     1.9840E-06     3.6695E-05
   198     7.2000E+05  6.9000E+05     4.2560E-02     1.4580E-06     3.4258E-05
   199     6.9000E+05  6.6000E+05     4.4452E-02     1.4500E-06     3.2620E-05
   200     6.6000E+05  6.3000E+05     4.6520E-02     1.3670E-06     2.9385E-05
   201     6.3000E+05  6.0000E+05     4.8790E-02     1.5110E-06     3.0969E-05
   202     6.0000E+05  5.7500E+05     4.2560E-02     1.2230E-06     2.8736E-05
   203     5.7500E+05  5.5000E+05     4.4452E-02     1.2350E-06     2.7783E-05
   204     5.5000E+05  5.2500E+05     4.6520E-02     1.2150E-06     2.6118E-05
   205     5.2500E+05  5.0000E+05     4.8790E-02     1.3220E-06     2.7096E-05
   206     5.0000E+05  4.7500E+05     5.1293E-02     1.2770E-06     2.4896E-05
   207     4.7500E+05  4.5000E+05     5.4067E-02     1.1160E-06     2.0641E-05
   208     4.5000E+05  4.2500E+05     5.7158E-02     8.7640E-07     1.5333E-05
   209     4.2500E+05  4.0000E+05     6.0625E-02     1.0780E-06     1.7782E-05
   210     4.0000E+05  3.8000E+05     5.1293E-02     1.0400E-06     2.0276E-05
   211     3.8000E+05  3.6000E+05     5.4067E-02     1.0250E-06     1.8958E-05
   212     3.6000E+05  3.4000E+05     5.7158E-02     1.3440E-06     2.3514E-05
   213     3.4000E+05  3.2000E+05     6.0625E-02     1.4260E-06     2.3522E-05
   214     3.2000E+05  3.0000E+05     6.4539E-02     1.3120E-06     2.0329E-05
   215     3.0000E+05  2.8000E+05     6.8993E-02     1.3290E-06     1.9263E-05
   216     2.8000E+05  2.7000E+05     3.6368E-02     8.3850E-07     2.3056E-05
   217     2.7000E+05  2.5500E+05     5.7158E-02     1.2280E-06     2.1484E-05
   218     2.5500E+05  2.4000E+05     6.0625E-02     1.1800E-06     1.9464E-05
   219     2.4000E+05  2.3000E+05     4.2560E-02     7.4010E-07     1.7390E-05
   220     2.3000E+05  2.2000E+05     4.4452E-02     7.2170E-07     1.6236E-05
   221     2.2000E+05  2.1000E+05     4.6520E-02     7.4160E-07     1.5942E-05
   222     2.1000E+05  2.0000E+05     4.8790E-02     7.1630E-07     1.4681E-05
   223     2.0000E+05  1.9000E+05     5.1293E-02     8.9480E-07     1.7445E-05
   224     1.9000E+05  1.8000E+05     5.4067E-02     9.1150E-07     1.6859E-05
   225     1.8000E+05  1.7000E+05     5.7158E-02     8.4530E-07     1.4789E-05
   226     1.7000E+05  1.6000E+05     6.0625E-02     7.7340E-07     1.2757E-05
   227     1.6000E+05  1.5000E+05     6.4539E-02     7.4130E-07     1.1486E-05
   228     1.5000E+05  1.4250E+05     5.1293E-02     6.1810E-07     1.2050E-05
   229     1.4250E+05  1.3500E+05     5.4067E-02     8.0000E-07     1.4796E-05
   230     1.3500E+05  1.2750E+05     5.7158E-02     1.0150E-06     1.7758E-05
   231     1.2750E+05  1.2000E+05     6.0625E-02     8.3120E-07     1.3711E-05
   232     1.2000E+05  1.1500E+05     4.2560E-02     4.8340E-07     1.1358E-05
   233     1.1500E+05  1.1000E+05     4.4452E-02     5.9740E-07     1.3439E-05
   234     1.1000E+05  1.0500E+05     4.6520E-02     6.1790E-07     1.3282E-05
   235     1.0500E+05  1.0000E+05     4.8790E-02     5.7600E-07     1.1806E-05
   236     1.0000E+05  9.6000E+04     4.0822E-02     4.1680E-07     1.0210E-05
   237     9.6000E+04  9.2000E+04     4.2560E-02     3.7160E-07     8.7313E-06
   238     9.2000E+04  8.8000E+04     4.4452E-02     3.1470E-07     7.0796E-06
   239     8.8000E+04  8.4000E+04     4.6520E-02     3.5080E-07     7.5408E-06
   240     8.4000E+04  8.0000E+04     4.8790E-02     5.6260E-07     1.1531E-05
   241     8.0000E+04  7.6000E+04     5.1293E-02     6.6570E-07     1.2978E-05
   242     7.6000E+04  7.2000E+04     5.4067E-02     7.7380E-07     1.4312E-05
   243     7.2000E+04  6.9000E+04     4.2560E-02     5.2340E-07     1.2298E-05
   244     6.9000E+04  6.6000E+04     4.4452E-02     5.0860E-07     1.1442E-05
   245     6.6000E+04  6.3000E+04     4.6520E-02     5.0860E-07     1.0933E-05
   246     6.3000E+04  6.0000E+04     4.8790E-02     5.0430E-07     1.0336E-05
   247     6.0000E+04  5.7500E+04     4.2560E-02     4.2970E-07     1.0096E-05
   248     5.7500E+04  5.5000E+04     4.4452E-02     4.2970E-07     9.6667E-06
   249     5.5000E+04  5.2500E+04     4.6520E-02     4.3390E-07     9.3272E-06
   250     5.2500E+04  5.0000E+04     4.8790E-02     4.7980E-07     9.8339E-06
   251     5.0000E+04  4.7500E+04     5.1293E-02     4.7000E-07     9.1630E-06
   252     4.7500E+04  4.5000E+04     5.4067E-02     4.8070E-07     8.8908E-06
   253     4.5000E+04  4.2500E+04     5.7158E-02     4.8470E-07     8.4799E-06
   254     4.2500E+04  4.0000E+04     6.0625E-02     4.8940E-07     8.0726E-06
   255     4.0000E+04  3.8000E+04     5.1293E-02     3.6260E-07     7.0692E-06
   256     3.8000E+04  3.6000E+04     5.4067E-02     2.9560E-07     5.4673E-06
   257     3.6000E+04  3.4000E+04     5.7158E-02     2.2460E-07     3.9294E-06
   258     3.4000E+04  3.2000E+04     6.0625E-02     5.1440E-07     8.4850E-06
   259     3.2000E+04  3.0000E+04     6.4539E-02     7.4740E-07     1.1581E-05
   260     3.0000E+04  2.8000E+04     6.8993E-02     7.5480E-07     1.0940E-05
   261     2.8000E+04  2.7000E+04     3.6368E-02     3.4390E-07     9.4562E-06
   262     2.7000E+04  2.5500E+04     5.7158E-02     5.2060E-07     9.1080E-06
   263     2.5500E+04  2.4000E+04     6.0625E-02     5.0250E-07     8.2887E-06
   264     2.4000E+04  2.3000E+04     4.2560E-02     3.4940E-07     8.2097E-06
   265     2.3000E+04  2.2000E+04     4.4452E-02     3.7780E-07     8.4991E-06
   266     2.2000E+04  2.1000E+04     4.6520E-02     3.7780E-07     8.1212E-06
   267     2.1000E+04  2.0000E+04     4.8790E-02     3.8380E-07     7.8663E-06
   268     2.0000E+04  1.9000E+04     5.1293E-02     4.0610E-07     7.9172E-06
   269     1.9000E+04  1.8000E+04     5.4067E-02     4.2640E-07     7.8865E-06
   270     1.8000E+04  1.7000E+04     5.7158E-02     4.3020E-07     7.5265E-06
   271     1.7000E+04  1.6000E+04     6.0625E-02     4.8360E-07     7.9770E-06
   272     1.6000E+04  1.5000E+04     6.4539E-02     4.7990E-07     7.4359E-06
   273     1.5000E+04  1.4250E+04     5.1293E-02     4.0580E-07     7.9114E-06
   274     1.4250E+04  1.3500E+04     5.4067E-02     4.0600E-07     7.5092E-06
   275     1.3500E+04  1.2750E+04     5.7158E-02     4.2670E-07     7.4652E-06
   276     1.2750E+04  1.2000E+04     6.0625E-02     4.5870E-07     7.5662E-06
   277     1.2000E+04  1.1500E+04     4.2560E-02     2.8400E-07     6.6730E-06
   278     1.1500E+04  1.1000E+04     4.4452E-02     3.6240E-07     8.1527E-06
   279     1.1000E+04  1.0500E+04     4.6520E-02     3.4400E-07     7.3947E-06
   280     1.0500E+04  1.0000E+04     4.8790E-02     3.5870E-07     7.3519E-06
   281     1.0000E+04  9.6000E+03     4.0822E-02     2.9600E-07     7.2510E-06
   282     9.6000E+03  9.2000E+03     4.2560E-02     3.1110E-07     7.3097E-06
   283     9.2000E+03  8.8000E+03     4.4452E-02     3.2430E-07     7.2955E-06
   284     8.8000E+03  8.4000E+03     4.6520E-02     3.4120E-07     7.3345E-06
   285     8.4000E+03  8.0000E+03     4.8790E-02     3.5350E-07     7.2453E-06
   286     8.0000E+03  7.6000E+03     5.1293E-02     3.5560E-07     6.9327E-06
   287     7.6000E+03  7.2000E+03     5.4067E-02     3.8440E-07     7.1097E-06
   288     7.2000E+03  6.9000E+03     4.2560E-02     3.1310E-07     7.3567E-06
   289     6.9000E+03  6.6000E+03     4.4452E-02     3.1940E-07     7.1853E-06
   290     6.6000E+03  6.3000E+03     4.6520E-02     3.3840E-07     7.2743E-06
   291     6.3000E+03  6.0000E+03     4.8790E-02     3.4440E-07     7.0588E-06
   292     6.0000E+03  5.7500E+03     4.2560E-02     2.3390E-07     5.4958E-06
   293     5.7500E+03  5.5000E+03     4.4452E-02     3.2830E-07     7.3855E-06
   294     5.5000E+03  5.2500E+03     4.6520E-02     3.4520E-07     7.4205E-06
   295     5.2500E+03  5.0000E+03     4.8790E-02     3.5540E-07     7.2843E-06
   296     5.0000E+03  4.7500E+03     5.1293E-02     3.6260E-07     7.0692E-06
   297     4.7500E+03  4.5000E+03     5.4067E-02     3.7810E-07     6.9931E-06
   298     4.5000E+03  4.2500E+03     5.7158E-02     4.0490E-07     7.0838E-06
   299     4.2500E+03  4.0000E+03     6.0625E-02     4.2050E-07     6.9361E-06
   300     4.0000E+03  3.8000E+03     5.1293E-02     3.5010E-07     6.8255E-06
   301     3.8000E+03  3.6000E+03     5.4067E-02     3.8540E-07     7.1282E-06
   302     3.6000E+03  3.4000E+03     5.7158E-02     3.9620E-07     6.9316E-06
   303     3.4000E+03  3.2000E+03     6.0625E-02     4.1740E-07     6.8850E-06
   304     3.2000E+03  3.0000E+03     6.4539E-02     4.4460E-07     6.8889E-06
   305     3.0000E+03  2.8000E+03     6.8993E-02     4.7380E-07     6.8674E-06
   306     2.8000E+03  2.7000E+03     3.6368E-02     2.3610E-07     6.4920E-06
   307     2.7000E+03  2.5500E+03     5.7158E-02     3.6720E-07     6.4243E-06
   308     2.5500E+03  2.4000E+03     6.0625E-02     4.2630E-07     7.0318E-06
   309     2.4000E+03  2.3000E+03     4.2560E-02     2.9000E-07     6.8140E-06
   310     2.3000E+03  2.2000E+03     4.4452E-02     2.9990E-07     6.7466E-06
   311     2.2000E+03  2.1000E+03     4.6520E-02     3.2000E-07     6.8788E-06
   312     2.1000E+03  2.0000E+03     4.8790E-02     3.3020E-07     6.7678E-06
   313     2.0000E+03  1.9000E+03     5.1293E-02     3.4870E-07     6.7982E-06
   314     1.9000E+03  1.8000E+03     5.4067E-02     3.6820E-07     6.8100E-06
   315     1.8000E+03  1.7000E+03     5.7158E-02     3.8400E-07     6.7182E-06
   316     1.7000E+03  1.6000E+03     6.0625E-02     4.0670E-07     6.7085E-06
   317     1.6000E+03  1.5000E+03     6.4539E-02     4.2940E-07     6.6534E-06
   318     1.5000E+03  1.4250E+03     5.1293E-02     3.4940E-07     6.8118E-06
   319     1.4250E+03  1.3500E+03     5.4067E-02     3.6210E-07     6.6972E-06
   320     1.3500E+03  1.2750E+03     5.7158E-02     3.8380E-07     6.7147E-06
   321     1.2750E+03  1.2000E+03     6.0625E-02     4.0520E-07     6.6838E-06
   322     1.2000E+03  1.1500E+03     4.2560E-02     2.8340E-07     6.6589E-06
   323     1.1500E+03  1.1000E+03     4.4452E-02     2.9310E-07     6.5937E-06
   324     1.1000E+03  1.0500E+03     4.6520E-02     3.0660E-07     6.5907E-06
   325     1.0500E+03  1.0000E+03     4.8790E-02     3.2440E-07     6.6489E-06
   326     1.0000E+03  9.6000E+02     4.0822E-02     2.7150E-07     6.6508E-06
   327     9.6000E+02  9.2000E+02     4.2560E-02     2.8170E-07     6.6190E-06
   328     9.2000E+02  8.8000E+02     4.4452E-02     2.9350E-07     6.6027E-06
   329     8.8000E+02  8.4000E+02     4.6520E-02     3.0670E-07     6.5929E-06
   330     8.4000E+02  8.0000E+02     4.8790E-02     3.2140E-07     6.5874E-06
   331     8.0000E+02  7.6000E+02     5.1293E-02     3.3550E-07     6.5408E-06
   332     7.6000E+02  7.2000E+02     5.4067E-02     3.5530E-07     6.5714E-06
   333     7.2000E+02  6.9000E+02     4.2560E-02     2.7570E-07     6.4780E-06
   334     6.9000E+02  6.6000E+02     4.4452E-02     2.8740E-07     6.4654E-06
   335     6.6000E+02  6.3000E+02     4.6520E-02     3.1040E-07     6.6724E-06
   336     6.3000E+02  6.0000E+02     4.8790E-02     3.1550E-07     6.4665E-06
   337     6.0000E+02  5.7500E+02     4.2560E-02     2.7570E-07     6.4780E-06
   338     5.7500E+02  5.5000E+02     4.4452E-02     2.9070E-07     6.5397E-06
   339     5.5000E+02  5.2500E+02     4.6520E-02     3.0180E-07     6.4875E-06
   340     5.2500E+02  5.0000E+02     4.8790E-02     3.1620E-07     6.4808E-06
   341     5.0000E+02  4.7500E+02     5.1293E-02     3.3210E-07     6.4745E-06
   342     4.7500E+02  4.5000E+02     5.4067E-02     3.4930E-07     6.4605E-06
   343     4.5000E+02  4.2500E+02     5.7158E-02     3.6860E-07     6.4487E-06
   344     4.2500E+02  4.0000E+02     6.0625E-02     3.8970E-07     6.4281E-06
   345     4.0000E+02  3.8000E+02     5.1293E-02     3.2910E-07     6.4160E-06
   346     3.8000E+02  3.6000E+02     5.4067E-02     3.4640E-07     6.4068E-06
   347     3.6000E+02  3.4000E+02     5.7158E-02     3.6320E-07     6.3543E-06
   348     3.4000E+02  3.2000E+02     6.0625E-02     3.8390E-07     6.3324E-06
   349     3.2000E+02  3.0000E+02     6.4539E-02     4.1510E-07     6.4318E-06
   350     3.0000E+02  2.8000E+02     6.8993E-02     4.3660E-07     6.3282E-06
   351     2.8000E+02  2.7000E+02     3.6368E-02     2.2940E-07     6.3078E-06
   352     2.7000E+02  2.5500E+02     5.7158E-02     3.6320E-07     6.3543E-06
   353     2.5500E+02  2.4000E+02     6.0625E-02     3.8330E-07     6.3225E-06
   354     2.4000E+02  2.3000E+02     4.2560E-02     2.6500E-07     6.2266E-06
   355     2.3000E+02  2.2000E+02     4.4452E-02     2.8210E-07     6.3462E-06
   356     2.2000E+02  2.1000E+02     4.6520E-02     2.9190E-07     6.2747E-06
   357     2.1000E+02  2.0000E+02     4.8790E-02     3.0330E-07     6.2164E-06
   358     2.0000E+02  1.9000E+02     5.1293E-02     3.0980E-07     6.0398E-06
   359     1.9000E+02  1.8000E+02     5.4067E-02     3.4610E-07     6.4013E-06
   360     1.8000E+02  1.7000E+02     5.7158E-02     3.5710E-07     6.2475E-06
   361     1.7000E+02  1.6000E+02     6.0625E-02     3.7340E-07     6.1592E-06
   362     1.6000E+02  1.5000E+02     6.4539E-02     4.0230E-07     6.2335E-06
   363     1.5000E+02  1.4250E+02     5.1293E-02     3.1780E-07     6.1957E-06
   364     1.4250E+02  1.3500E+02     5.4067E-02     3.3820E-07     6.2552E-06
   365     1.3500E+02  1.2750E+02     5.7158E-02     3.5610E-07     6.2301E-06
   366     1.2750E+02  1.2000E+02     6.0625E-02     3.7600E-07     6.2021E-06
   367     1.2000E+02  1.1500E+02     4.2560E-02     2.5650E-07     6.0268E-06
   368     1.1500E+02  1.1000E+02     4.4452E-02     2.7210E-07     6.1212E-06
   369     1.1000E+02  1.0500E+02     4.6520E-02     2.8300E-07     6.0834E-06
   370     1.0500E+02  1.0000E+02     4.8790E-02     2.8820E-07     5.9069E-06
   371     1.0000E+02  9.6000E+01     4.0822E-02     2.4700E-07     6.0507E-06
   372     9.6000E+01  9.2000E+01     4.2560E-02     2.5840E-07     6.0715E-06
   373     9.2000E+01  8.8000E+01     4.4452E-02     2.6820E-07     6.0335E-06
   374     8.8000E+01  8.4000E+01     4.6520E-02     2.8440E-07     6.1135E-06
   375     8.4000E+01  8.0000E+01     4.8790E-02     2.8700E-07     5.8823E-06
   376     8.0000E+01  7.6000E+01     5.1293E-02     3.1290E-07     6.1002E-06
   377     7.6000E+01  7.2000E+01     5.4067E-02     3.2720E-07     6.0517E-06
   378     7.2000E+01  6.9000E+01     4.2560E-02     2.5530E-07     5.9986E-06
   379     6.9000E+01  6.6000E+01     4.4452E-02     2.5580E-07     5.7546E-06
   380     6.6000E+01  6.3000E+01     4.6520E-02     2.7430E-07     5.8964E-06
   381     6.3000E+01  6.0000E+01     4.8790E-02     2.9200E-07     5.9848E-06
   382     6.0000E+01  5.7500E+01     4.2560E-02     2.5280E-07     5.9399E-06
   383     5.7500E+01  5.5000E+01     4.4452E-02     2.6350E-07     5.9278E-06
   384     5.5000E+01  5.2500E+01     4.6520E-02     2.7510E-07     5.9136E-06
   385     5.2500E+01  5.0000E+01     4.8790E-02     2.8900E-07     5.9233E-06
   386     5.0000E+01  4.7500E+01     5.1293E-02     3.0430E-07     5.9325E-06
   387     4.7500E+01  4.5000E+01     5.4067E-02     3.2080E-07     5.9334E-06
   388     4.5000E+01  4.2500E+01     5.7158E-02     3.3880E-07     5.9274E-06
   389     4.2500E+01  4.0000E+01     6.0625E-02     3.5680E-07     5.8854E-06
   390     4.0000E+01  3.8000E+01     5.1293E-02     2.9580E-07     5.7668E-06
   391     3.8000E+01  3.6000E+01     5.4067E-02     2.7880E-07     5.1565E-06
   392     3.6000E+01  3.4000E+01     5.7158E-02     3.1550E-07     5.5197E-06
   393     3.4000E+01  3.2000E+01     6.0625E-02     3.4200E-07     5.6413E-06
   394     3.2000E+01  3.0000E+01     6.4539E-02     3.6520E-07     5.6586E-06
   395     3.0000E+01  2.8000E+01     6.8993E-02     3.9560E-07     5.7339E-06
   396     2.8000E+01  2.7000E+01     3.6368E-02     2.0830E-07     5.7276E-06
   397     2.7000E+01  2.5500E+01     5.7158E-02     3.2830E-07     5.7437E-06
   398     2.5500E+01  2.4000E+01     6.0625E-02     3.4540E-07     5.6974E-06
   399     2.4000E+01  2.3000E+01     4.2560E-02     2.4000E-07     5.6391E-06
   400     2.3000E+01  2.2000E+01     4.4452E-02     2.5200E-07     5.6691E-06
   401     2.2000E+01  2.1000E+01     4.6520E-02     2.4290E-07     5.2214E-06
   402     2.1000E+01  2.0000E+01     4.8790E-02     2.3930E-07     4.9047E-06
   403     2.0000E+01  1.9000E+01     5.1293E-02     2.7080E-07     5.2794E-06
   404     1.9000E+01  1.8000E+01     5.4067E-02     2.9190E-07     5.3988E-06
   405     1.8000E+01  1.7000E+01     5.7158E-02     3.1270E-07     5.4708E-06
   406     1.7000E+01  1.6000E+01     6.0625E-02     3.3240E-07     5.4829E-06
   407     1.6000E+01  1.5000E+01     6.4539E-02     3.5540E-07     5.5068E-06
   408     1.5000E+01  1.4250E+01     5.1293E-02     2.8280E-07     5.5134E-06
   409     1.4250E+01  1.3500E+01     5.4067E-02     2.9860E-07     5.5228E-06
   410     1.3500E+01  1.2750E+01     5.7158E-02     3.1720E-07     5.5495E-06
   411     1.2750E+01  1.2000E+01     6.0625E-02     3.2620E-07     5.3807E-06
   412     1.2000E+01  1.1500E+01     4.2560E-02     2.2930E-07     5.3877E-06
   413     1.1500E+01  1.1000E+01     4.4452E-02     2.4470E-07     5.5048E-06
   414     1.1000E+01  1.0500E+01     4.6520E-02     2.5530E-07     5.4880E-06
   415     1.0500E+01  1.0000E+01     4.8790E-02     2.6860E-07     5.5052E-06
   416     1.0000E+01  9.6000E+00     4.0822E-02     2.2450E-07     5.4995E-06
   417     9.6000E+00  9.2000E+00     4.2560E-02     2.3170E-07     5.4441E-06
   418     9.2000E+00  8.8000E+00     4.4452E-02     2.3680E-07     5.3271E-06
   419     8.8000E+00  8.4000E+00     4.6520E-02     2.4300E-07     5.2236E-06
   420     8.4000E+00  8.0000E+00     4.8790E-02     2.6290E-07     5.3884E-06
   421     8.0000E+00  7.6000E+00     5.1293E-02     2.7270E-07     5.3165E-06
   422     7.6000E+00  7.2000E+00     5.4067E-02     2.8360E-07     5.2453E-06
   423     7.2000E+00  6.9000E+00     4.2560E-02     2.1020E-07     4.9390E-06
   424     6.9000E+00  6.6000E+00     4.4452E-02     1.8910E-07     4.2540E-06
   425     6.6000E+00  6.3000E+00     4.6520E-02     1.9970E-07     4.2928E-06
   426     6.3000E+00  6.0000E+00     4.8790E-02     2.3040E-07     4.7223E-06
   427     6.0000E+00  5.7500E+00     4.2560E-02     2.0810E-07     4.8896E-06
   428     5.7500E+00  5.5000E+00     4.4452E-02     2.2050E-07     4.9604E-06
   429     5.5000E+00  5.2500E+00     4.6520E-02     2.3100E-07     4.9656E-06
   430     5.2500E+00  5.0000E+00     4.8790E-02     2.4570E-07     5.0359E-06
   431     5.0000E+00  4.7500E+00     5.1293E-02     2.5760E-07     5.0221E-06
   432     4.7500E+00  4.5000E+00     5.4067E-02     2.7390E-07     5.0659E-06
   433     4.5000E+00  4.2500E+00     5.7158E-02     2.9260E-07     5.1191E-06
   434     4.2500E+00  4.0000E+00     6.0625E-02     3.1400E-07     5.1794E-06
   435     4.0000E+00  3.8000E+00     5.1293E-02     2.6510E-07     5.1683E-06
   436     3.8000E+00  3.6000E+00     5.4067E-02     2.7750E-07     5.1325E-06
   437     3.6000E+00  3.4000E+00     5.7158E-02     2.9620E-07     5.1821E-06
   438     3.4000E+00  3.2000E+00     6.0625E-02     3.1410E-07     5.1811E-06
   439     3.2000E+00  3.0000E+00     6.4539E-02     3.3290E-07     5.1582E-06
   440     3.0000E+00  2.8000E+00     6.8993E-02     3.5960E-07     5.2121E-06
   441     2.8000E+00  2.7000E+00     3.6368E-02     1.8900E-07     5.1969E-06
   442     2.7000E+00  2.5500E+00     5.7158E-02     3.0010E-07     5.2503E-06
   443     2.5500E+00  2.4000E+00     6.0625E-02     3.1740E-07     5.2355E-06
   444     2.4000E+00  2.3000E+00     4.2560E-02     2.2220E-07     5.2209E-06
   445     2.3000E+00  2.2000E+00     4.4452E-02     2.3280E-07     5.2371E-06
   446     2.2000E+00  2.1000E+00     4.6520E-02     2.4420E-07     5.2494E-06
   447     2.1000E+00  2.0000E+00     4.8790E-02     2.5490E-07     5.2244E-06
   448     2.0000E+00  1.9000E+00     5.1293E-02     2.6960E-07     5.2560E-06
   449     1.9000E+00  1.8000E+00     5.4067E-02     2.8380E-07     5.2490E-06
   450     1.8000E+00  1.7000E+00     5.7158E-02     2.9990E-07     5.2468E-06
   451     1.7000E+00  1.6000E+00     6.0625E-02     3.2180E-07     5.3081E-06
   452     1.6000E+00  1.5000E+00     6.4539E-02     3.4250E-07     5.3069E-06
   453     1.5000E+00  1.4250E+00     5.1293E-02     2.7420E-07     5.3457E-06
   454     1.4250E+00  1.3500E+00     5.4067E-02     2.8710E-07     5.3101E-06
   455     1.3500E+00  1.2750E+00     5.7158E-02     3.0570E-07     5.3483E-06
   456     1.2750E+00  1.2000E+00     6.0625E-02     3.2280E-07     5.3246E-06
   457     1.2000E+00  1.1500E+00     4.2560E-02     2.2620E-07     5.3149E-06
   458     1.1500E+00  1.1000E+00     4.4452E-02     2.3440E-07     5.2731E-06
   459     1.1000E+00  1.0500E+00     4.6520E-02     2.4640E-07     5.2966E-06
   460     1.0500E+00  1.0000E+00     4.8790E-02     2.5930E-07     5.3146E-06
   461     1.0000E+00  9.6000E-01     4.0822E-02     2.1840E-07     5.3501E-06
   462     9.6000E-01  9.2000E-01     4.2560E-02     2.2740E-07     5.3431E-06
   463     9.2000E-01  8.8000E-01     4.4452E-02     2.3860E-07     5.3676E-06
   464     8.8000E-01  8.4000E-01     4.6520E-02     2.5180E-07     5.4127E-06
   465     8.4000E-01  8.0000E-01     4.8790E-02     2.6430E-07     5.4171E-06
   466     8.0000E-01  7.6000E-01     5.1293E-02     2.8030E-07     5.4647E-06
   467     7.6000E-01  7.2000E-01     5.4067E-02     2.9640E-07     5.4821E-06
   468     7.2000E-01  6.9000E-01     4.2560E-02     2.3460E-07     5.5123E-06
   469     6.9000E-01  6.6000E-01     4.4452E-02     2.4620E-07     5.5386E-06
   470     6.6000E-01  6.3000E-01     4.6520E-02     2.5750E-07     5.5353E-06
   471     6.3000E-01  6.0000E-01     4.8790E-02     2.7190E-07     5.5728E-06
   472     6.0000E-01  5.7500E-01     4.2560E-02     2.3830E-07     5.5992E-06
   473     5.7500E-01  5.5000E-01     4.4452E-02     2.5100E-07     5.6466E-06
   474     5.5000E-01  5.2500E-01     4.6520E-02     2.6260E-07     5.6449E-06
   475     5.2500E-01  5.0000E-01     4.8790E-02     2.7550E-07     5.6466E-06
   476     5.0000E-01  4.7500E-01     5.1293E-02     2.9250E-07     5.7025E-06
   477     4.7500E-01  4.5000E-01     5.4067E-02     3.0660E-07     5.6707E-06
   478     4.5000E-01  4.2500E-01     5.7158E-02     3.2540E-07     5.6930E-06
   479     4.2500E-01  4.0000E-01     6.0625E-02     3.4530E-07     5.6957E-06
   480     4.0000E-01  3.8000E-01     5.1293E-02     2.9210E-07     5.6947E-06
   481     3.8000E-01  3.6000E-01     5.4067E-02     3.0730E-07     5.6837E-06
   482     3.6000E-01  3.4000E-01     5.7158E-02     3.2680E-07     5.7174E-06
   483     3.4000E-01  3.2000E-01     6.0625E-02     3.4570E-07     5.7023E-06
   484     3.2000E-01  3.0000E-01     6.4539E-02     3.6860E-07     5.7113E-06
   485     3.0000E-01  2.8000E-01     6.8993E-02     3.9560E-07     5.7339E-06
   486     2.8000E-01  2.7000E-01     3.6368E-02     2.1100E-07     5.8019E-06
   487     2.7000E-01  2.5500E-01     5.7158E-02     3.3780E-07     5.9099E-06
   488     2.5500E-01  2.4000E-01     6.0625E-02     3.6480E-07     6.0174E-06
   489     2.4000E-01  2.3000E-01     4.2560E-02     2.5990E-07     6.1067E-06
   490     2.3000E-01  2.2000E-01     4.4452E-02     2.8090E-07     6.3192E-06
   491     2.2000E-01  2.1000E-01     4.6520E-02     2.9940E-07     6.4359E-06
   492     2.1000E-01  2.0000E-01     4.8790E-02     3.2580E-07     6.6776E-06
   493     2.0000E-01  1.9000E-01     5.1293E-02     3.5820E-07     6.9834E-06
   494     1.9000E-01  1.8000E-01     5.4067E-02     3.9460E-07     7.2983E-06
   495     1.8000E-01  1.7000E-01     5.7158E-02     4.4130E-07     7.7206E-06
   496     1.7000E-01  1.6000E-01     6.0625E-02     5.0210E-07     8.2821E-06
   497     1.6000E-01  1.5000E-01     6.4539E-02     5.5740E-07     8.6367E-06
   498     1.5000E-01  1.4250E-01     5.1293E-02     4.7410E-07     9.2429E-06
   499     1.4250E-01  1.3500E-01     5.4067E-02     5.3280E-07     9.8544E-06
   500     1.3500E-01  1.2750E-01     5.7158E-02     6.0830E-07     1.0642E-05
   501     1.2750E-01  1.2000E-01     6.0625E-02     6.9720E-07     1.1500E-05
   502     1.2000E-01  1.1500E-01     4.2560E-02     5.2470E-07     1.2329E-05
   503     1.1500E-01  1.1000E-01     4.4452E-02     5.8320E-07     1.3120E-05
   504     1.1000E-01  1.0500E-01     4.6520E-02     6.1190E-07     1.3153E-05
   505     1.0500E-01  1.0000E-01     4.8790E-02     6.7570E-07     1.3849E-05
   506     1.0000E-01  9.6000E-02     4.0822E-02     5.9480E-07     1.4571E-05
   507     9.6000E-02  9.2000E-02     4.2560E-02     6.4310E-07     1.5111E-05
   508     9.2000E-02  8.8000E-02     4.4452E-02     7.0040E-07     1.5756E-05
   509     8.8000E-02  8.4000E-02     4.6520E-02     7.6270E-07     1.6395E-05
   510     8.4000E-02  8.0000E-02     4.8790E-02     8.3560E-07     1.7126E-05
   511     8.0000E-02  7.6000E-02     5.1293E-02     8.5370E-07     1.6644E-05
   512     7.6000E-02  7.2000E-02     5.4067E-02     9.3000E-07     1.7201E-05
   513     7.2000E-02  6.9000E-02     4.2560E-02     7.5240E-07     1.7679E-05
   514     6.9000E-02  6.6000E-02     4.4452E-02     8.0260E-07     1.8056E-05
   515     6.6000E-02  6.3000E-02     4.6520E-02     8.4640E-07     1.8194E-05
   516     6.3000E-02  6.0000E-02     4.8790E-02     8.7270E-07     1.7887E-05
   517     6.0000E-02  5.7500E-02     4.2560E-02     7.6880E-07     1.8064E-05
   518     5.7500E-02  5.5000E-02     4.4452E-02     8.2230E-07     1.8499E-05
   519     5.5000E-02  5.2500E-02     4.6520E-02     8.1730E-07     1.7569E-05
   520     5.2500E-02  5.0000E-02     4.8790E-02     8.5190E-07     1.7460E-05
   521     5.0000E-02  4.7500E-02     5.1293E-02     9.1420E-07     1.7823E-05
   522     4.7500E-02  4.5000E-02     5.4067E-02     9.1990E-07     1.7014E-05
   523     4.5000E-02  4.2500E-02     5.7158E-02     9.4700E-07     1.6568E-05
   524     4.2500E-02  4.0000E-02     6.0625E-02     9.9590E-07     1.6427E-05
   525     4.0000E-02  3.8000E-02     5.1293E-02     7.7160E-07     1.5043E-05
   526     3.8000E-02  3.6000E-02     5.4067E-02     8.0190E-07     1.4832E-05
   527     3.6000E-02  3.4000E-02     5.7158E-02     8.3830E-07     1.4666E-05
   528     3.4000E-02  3.2000E-02     6.0625E-02     8.3720E-07     1.3810E-05
   529     3.2000E-02  3.0000E-02     6.4539E-02     8.1680E-07     1.2656E-05
   530     3.0000E-02  2.8000E-02     6.8993E-02     8.3420E-07     1.2091E-05
   531     2.8000E-02  2.7000E-02     3.6368E-02     4.1670E-07     1.1458E-05
   532     2.7000E-02  2.5500E-02     5.7158E-02     6.4360E-07     1.1260E-05
   533     2.5500E-02  2.4000E-02     6.0625E-02     6.0860E-07     1.0039E-05
   534     2.4000E-02  2.3000E-02     4.2560E-02     3.9720E-07     9.3328E-06
   535     2.3000E-02  2.2000E-02     4.4452E-02     4.0490E-07     9.1088E-06
   536     2.2000E-02  2.1000E-02     4.6520E-02     4.0220E-07     8.6457E-06
   537     2.1000E-02  2.0000E-02     4.8790E-02     3.8810E-07     7.9545E-06
   538     2.0000E-02  1.9000E-02     5.1293E-02     3.9730E-07     7.7457E-06
   539     1.9000E-02  1.8000E-02     5.4067E-02     3.7790E-07     6.9894E-06
   540     1.8000E-02  1.7000E-02     5.7158E-02     3.6600E-07     6.4033E-06
   541     1.7000E-02  1.6000E-02     6.0625E-02     3.6260E-07     5.9811E-06
   542     1.6000E-02  1.5000E-02     6.4539E-02     3.5500E-07     5.5006E-06
   543     1.5000E-02  1.4250E-02     5.1293E-02     2.6180E-07     5.1040E-06
   544     1.4250E-02  1.3500E-02     5.4067E-02     2.4890E-07     4.6035E-06
   545     1.3500E-02  1.2750E-02     5.7158E-02     2.4290E-07     4.2496E-06
   546     1.2750E-02  1.2000E-02     6.0625E-02     2.4040E-07     3.9654E-06
   547     1.2000E-02  1.1500E-02     4.2560E-02     1.6160E-07     3.7970E-06
   548     1.1500E-02  1.1000E-02     4.4452E-02     1.3890E-07     3.1247E-06
   549     1.1000E-02  1.0500E-02     4.6520E-02     1.3330E-07     2.8654E-06
   550     1.0500E-02  1.0000E-02     4.8790E-02     1.2840E-07     2.6317E-06
   551     1.0000E-02  9.6000E-03     4.0822E-02     1.2140E-07     2.9739E-06
   552     9.6000E-03  9.2000E-03     4.2560E-02     1.1220E-07     2.6363E-06
   553     9.2000E-03  8.8000E-03     4.4452E-02     1.0630E-07     2.3914E-06
   554     8.8000E-03  8.4000E-03     4.6520E-02     1.0280E-07     2.2098E-06
   555     8.4000E-03  8.0000E-03     4.8790E-02     1.0050E-07     2.0598E-06
   556     8.0000E-03  7.6000E-03     5.1293E-02     9.9390E-08     1.9377E-06
   557     7.6000E-03  7.2000E-03     5.4067E-02     1.0800E-07     1.9975E-06
   558     7.2000E-03  6.9000E-03     4.2560E-02     5.8690E-08     1.3790E-06
   559     6.9000E-03  6.6000E-03     4.4452E-02     5.5560E-08     1.2499E-06
   560     6.6000E-03  6.3000E-03     4.6520E-02     5.3490E-08     1.1498E-06
   561     6.3000E-03  6.0000E-03     4.8790E-02     5.0800E-08     1.0412E-06
   562     6.0000E-03  5.7500E-03     4.2560E-02     4.1420E-08     9.7322E-07
   563     5.7500E-03  5.5000E-03     4.4452E-02     3.9780E-08     8.9490E-07
   564     5.5000E-03  5.2500E-03     4.6520E-02     3.8100E-08     8.1900E-07
   565     5.2500E-03  5.0000E-03     4.8790E-02     3.7760E-08     7.7393E-07
   566     5.0000E-03  4.7500E-03     5.1293E-02     4.4680E-08     8.7107E-07
   567     4.7500E-03  4.5000E-03     5.4067E-02     3.9130E-08     7.2373E-07
   568     4.5000E-03  4.2500E-03     5.7158E-02     3.6920E-08     6.4592E-07
   569     4.2500E-03  4.0000E-03     6.0625E-02     3.4710E-08     5.7254E-07
   570     4.0000E-03  3.8000E-03     5.1293E-02     2.6850E-08     5.2346E-07
   571     3.8000E-03  3.6000E-03     5.4067E-02     2.6580E-08     4.9161E-07
   572     3.6000E-03  3.4000E-03     5.7158E-02     2.6040E-08     4.5558E-07
   573     3.4000E-03  3.2000E-03     6.0625E-02     2.9850E-08     4.9237E-07
   574     3.2000E-03  3.0000E-03     6.4539E-02     1.8040E-08     2.7952E-07
   575     3.0000E-03  2.8000E-03     6.8993E-02     1.6990E-08     2.4626E-07
   576     2.8000E-03  2.7000E-03     3.6368E-02     7.9370E-09     2.1824E-07
   577     2.7000E-03  2.5500E-03     5.7158E-02     1.1490E-08     2.0102E-07
   578     2.5500E-03  2.4000E-03     6.0625E-02     1.1010E-08     1.8161E-07
   579     2.4000E-03  2.3000E-03     4.2560E-02     7.2000E-09     1.6917E-07
   580     2.3000E-03  2.2000E-03     4.4452E-02     6.5490E-09     1.4733E-07
   581     2.2000E-03  2.1000E-03     4.6520E-02     6.4120E-09     1.3783E-07
   582     2.1000E-03  2.0000E-03     4.8790E-02     6.3530E-09     1.3021E-07
   583     2.0000E-03  1.9000E-03     5.1293E-02     5.9190E-09     1.1540E-07
   584     1.9000E-03  1.8000E-03     5.4067E-02     5.6400E-09     1.0431E-07
   585     1.8000E-03  1.7000E-03     5.7158E-02     5.2610E-09     9.2042E-08
   586     1.7000E-03  1.6000E-03     6.0625E-02     6.3760E-09     1.0517E-07
   587     1.6000E-03  1.5000E-03     6.4539E-02     5.5470E-09     8.5949E-08
   588     1.5000E-03  1.4250E-03     5.1293E-02     4.2440E-09     8.2740E-08
   589     1.4250E-03  1.3500E-03     5.4067E-02     3.9750E-09     7.3520E-08
   590     1.3500E-03  1.2750E-03     5.7158E-02     3.6850E-09     6.4470E-08
   591     1.2750E-03  1.2000E-03     6.0625E-02     3.4910E-09     5.7584E-08
   592     1.2000E-03  1.1500E-03     4.2560E-02     2.3390E-09     5.4958E-08
   593     1.1500E-03  1.1000E-03     4.4452E-02     2.0870E-09     4.6950E-08
   594     1.1000E-03  1.0500E-03     4.6520E-02     2.1270E-09     4.5722E-08
   595     1.0500E-03  1.0000E-03     4.8790E-02     2.1930E-09     4.4948E-08
   596     1.0000E-03  9.6000E-04     4.0822E-02     1.8380E-09     4.5025E-08
   597     9.6000E-04  9.2000E-04     4.2560E-02     2.0630E-09     4.8473E-08
   598     9.2000E-04  8.8000E-04     4.4452E-02     9.9100E-10     2.2294E-08
   599     8.8000E-04  8.4000E-04     4.6520E-02     8.9730E-10     1.9288E-08
   600     8.4000E-04  8.0000E-04     4.8790E-02     8.9110E-10     1.8264E-08
   601     8.0000E-04  7.6000E-04     5.1293E-02     8.6430E-10     1.6850E-08
   602     7.6000E-04  7.2000E-04     5.4067E-02     8.3820E-10     1.5503E-08
   603     7.2000E-04  6.9000E-04     4.2560E-02     6.0000E-10     1.4098E-08
   604     6.9000E-04  6.6000E-04     4.4452E-02     5.2780E-10     1.1874E-08
   605     6.6000E-04  6.3000E-04     4.6520E-02     5.2920E-10     1.1376E-08
   606     6.3000E-04  6.0000E-04     4.8790E-02     5.0180E-10     1.0285E-08
   607     6.0000E-04  5.7500E-04     4.2560E-02     4.0410E-10     9.4949E-09
   608     5.7500E-04  5.5000E-04     4.4452E-02     3.7640E-10     8.4676E-09
   609     5.5000E-04  5.2500E-04     4.6520E-02     3.7980E-10     8.1642E-09
   610     5.2500E-04  5.0000E-04     4.8790E-02     3.3900E-10     6.9481E-09
   611     5.0000E-04  4.7500E-04     5.1293E-02     3.0580E-10     5.9618E-09
   612     4.7500E-04  4.5000E-04     5.4067E-02     2.8230E-10     5.2213E-09
   613     4.5000E-04  4.2500E-04     5.7158E-02     3.0280E-10     5.2976E-09
   614     4.2500E-04  4.0000E-04     6.0625E-02     2.8410E-10     4.6862E-09
   615     4.0000E-04  3.8000E-04     5.1293E-02     2.3290E-10     4.5406E-09
   616     3.8000E-04  3.6000E-04     5.4067E-02     2.0100E-10     3.7176E-09
   617     3.6000E-04  3.4000E-04     5.7158E-02     1.7550E-10     3.0704E-09
   618     3.4000E-04  3.2000E-04     6.0625E-02     1.7660E-10     2.9130E-09
   619     3.2000E-04  3.0000E-04     6.4539E-02     1.4910E-10     2.3102E-09
   620     3.0000E-04  2.8000E-04     6.8993E-02     1.5200E-10     2.2031E-09
   621     2.8000E-04  2.7000E-04     3.6368E-02     6.8570E-11     1.8855E-09
   622     2.7000E-04  2.5500E-04     5.7158E-02     8.8910E-11     1.5555E-09
   623     2.5500E-04  2.4000E-04     6.0625E-02     1.0280E-10     1.6957E-09
   624     2.4000E-04  2.3000E-04     4.2560E-02     5.2350E-11     1.2300E-09
   625     2.3000E-04  2.2000E-04     4.4452E-02     5.6630E-11     1.2740E-09
   626     2.2000E-04  2.1000E-04     4.6520E-02     5.9390E-11     1.2767E-09
   627     2.1000E-04  2.0000E-04     4.8790E-02     4.3790E-11     8.9752E-10
   628     2.0000E-04  1.9000E-04     5.1293E-02     6.6990E-11     1.3060E-09
   629     1.9000E-04  1.8000E-04     5.4067E-02     4.4470E-11     8.2249E-10
   630     1.8000E-04  1.7000E-04     5.7158E-02     3.8910E-11     6.8074E-10
   631     1.7000E-04  1.6000E-04     6.0625E-02     4.8300E-11     7.9671E-10
   632     1.6000E-04  1.5000E-04     6.4539E-02     4.1480E-11     6.4272E-10
   633     1.5000E-04  1.4250E-04     5.1293E-02     3.0730E-11     5.9910E-10
   634     1.4250E-04  1.3500E-04     5.4067E-02     3.9600E-11     7.3242E-10
   635     1.3500E-04  1.2750E-04     5.7158E-02     2.1340E-11     3.7335E-10
   636     1.2750E-04  1.2000E-04     6.0625E-02     1.7640E-11     2.9097E-10
   637     1.2000E-04  1.1500E-04     4.2560E-02     1.2980E-11     3.0498E-10
   638     1.1500E-04  1.1000E-04     4.4452E-02     1.4330E-11     3.2237E-10
   639     1.1000E-04  1.0500E-04     4.6520E-02     1.7530E-11     3.7683E-10
   640     1.0500E-04  1.0000E-04     4.8790E-02     1.4990E-11     3.0723E-10
  TOTAL                                              2.1492E-04
