  GROUP      UPPER       LOWER         LETHARGY         DATA        DATA/LETHARGY

     1     2.0000E+07  1.9900E+07     5.0125E-03     1.3140E-11     2.6214E-09
     2     1.9900E+07  1.9800E+07     5.0378E-03     0.0000E+00     0.0000E+00
     3     1.9800E+07  1.9700E+07     5.0633E-03     2.2290E-12     4.4023E-10
     4     1.9700E+07  1.9600E+07     5.0891E-03     2.4070E-12     4.7297E-10
     5     1.9600E+07  1.9500E+07     5.1151E-03     0.0000E+00     0.0000E+00
     6     1.9500E+07  1.9400E+07     5.1414E-03     2.7950E-12     5.4363E-10
     7     1.9400E+07  1.9300E+07     5.1680E-03     5.5140E-12     1.0670E-09
     8     1.9300E+07  1.9200E+07     5.1948E-03     7.6150E-12     1.4659E-09
     9     1.9200E+07  1.9100E+07     5.2219E-03     7.4560E-12     1.4278E-09
    10     1.9100E+07  1.9000E+07     5.2494E-03     1.0930E-11     2.0822E-09
    11     1.9000E+07  1.8900E+07     5.2771E-03     0.0000E+00     0.0000E+00
    12     1.8900E+07  1.8800E+07     5.3051E-03     4.9330E-12     9.2987E-10
    13     1.8800E+07  1.8700E+07     5.3333E-03     4.2290E-12     7.9294E-10
    14     1.8700E+07  1.8600E+07     5.3619E-03     0.0000E+00     0.0000E+00
    15     1.8600E+07  1.8500E+07     5.3908E-03     6.6840E-12     1.2399E-09
    16     1.8500E+07  1.8400E+07     5.4201E-03     5.7430E-12     1.0596E-09
    17     1.8400E+07  1.8300E+07     5.4496E-03     1.9220E-11     3.5269E-09
    18     1.8300E+07  1.8200E+07     5.4795E-03     2.0420E-11     3.7266E-09
    19     1.8200E+07  1.8100E+07     5.5097E-03     1.5990E-11     2.9022E-09
    20     1.8100E+07  1.8000E+07     5.5402E-03     5.9860E-12     1.0805E-09
    21     1.8000E+07  1.7900E+07     5.5710E-03     2.1590E-11     3.8754E-09
    22     1.7900E+07  1.7800E+07     5.6023E-03     1.1830E-11     2.1116E-09
    23     1.7800E+07  1.7700E+07     5.6338E-03     9.3790E-12     1.6648E-09
    24     1.7700E+07  1.7600E+07     5.6657E-03     4.2710E-11     7.5383E-09
    25     1.7600E+07  1.7500E+07     5.6980E-03     2.5100E-11     4.4050E-09
    26     1.7500E+07  1.7400E+07     5.7307E-03     2.0960E-11     3.6575E-09
    27     1.7400E+07  1.7300E+07     5.7637E-03     1.7630E-11     3.0588E-09
    28     1.7300E+07  1.7200E+07     5.7971E-03     9.0880E-12     1.5677E-09
    29     1.7200E+07  1.7100E+07     5.8309E-03     3.0840E-11     5.2890E-09
    30     1.7100E+07  1.7000E+07     5.8651E-03     1.9080E-11     3.2531E-09
    31     1.7000E+07  1.6900E+07     5.8997E-03     3.6770E-11     6.2325E-09
    32     1.6900E+07  1.6800E+07     5.9347E-03     2.2640E-11     3.8148E-09
    33     1.6800E+07  1.6700E+07     5.9702E-03     2.8160E-11     4.7168E-09
    34     1.6700E+07  1.6600E+07     6.0060E-03     3.3340E-11     5.5511E-09
    35     1.6600E+07  1.6500E+07     6.0423E-03     3.0240E-11     5.0047E-09
    36     1.6500E+07  1.6400E+07     6.0790E-03     4.1910E-11     6.8942E-09
    37     1.6400E+07  1.6300E+07     6.1162E-03     3.8060E-11     6.2228E-09
    38     1.6300E+07  1.6200E+07     6.1539E-03     3.1090E-11     5.0521E-09
    39     1.6200E+07  1.6100E+07     6.1920E-03     3.3480E-11     5.4070E-09
    40     1.6100E+07  1.6000E+07     6.2305E-03     5.2790E-11     8.4728E-09
    41     1.6000E+07  1.5900E+07     6.2696E-03     7.6410E-11     1.2187E-08
    42     1.5900E+07  1.5800E+07     6.3092E-03     7.3240E-11     1.1609E-08
    43     1.5800E+07  1.5700E+07     6.3492E-03     5.4590E-11     8.5979E-09
    44     1.5700E+07  1.5600E+07     6.3898E-03     4.8760E-11     7.6309E-09
    45     1.5600E+07  1.5500E+07     6.4309E-03     6.6580E-11     1.0353E-08
    46     1.5500E+07  1.5400E+07     6.4725E-03     8.7580E-11     1.3531E-08
    47     1.5400E+07  1.5300E+07     6.5147E-03     1.0940E-10     1.6793E-08
    48     1.5300E+07  1.5200E+07     6.5574E-03     7.2820E-11     1.1105E-08
    49     1.5200E+07  1.5100E+07     6.6007E-03     1.1780E-10     1.7847E-08
    50     1.5100E+07  1.5000E+07     6.6445E-03     1.5230E-10     2.2921E-08
    51     1.5000E+07  1.4900E+07     6.6890E-03     1.0240E-10     1.5309E-08
    52     1.4900E+07  1.4800E+07     6.7340E-03     1.1190E-10     1.6617E-08
    53     1.4800E+07  1.4700E+07     6.7797E-03     1.1230E-10     1.6564E-08
    54     1.4700E+07  1.4600E+07     6.8260E-03     1.2650E-10     1.8532E-08
    55     1.4600E+07  1.4500E+07     6.8729E-03     1.4690E-10     2.1374E-08
    56     1.4500E+07  1.4400E+07     6.9204E-03     2.1000E-10     3.0345E-08
    57     1.4400E+07  1.4300E+07     6.9687E-03     1.8480E-10     2.6519E-08
    58     1.4300E+07  1.4200E+07     7.0176E-03     2.3880E-10     3.4029E-08
    59     1.4200E+07  1.4100E+07     7.0672E-03     2.1240E-10     3.0054E-08
    60     1.4100E+07  1.4000E+07     7.1175E-03     2.3620E-10     3.3186E-08
    61     1.4000E+07  1.3900E+07     7.1685E-03     2.6690E-10     3.7232E-08
    62     1.3900E+07  1.3800E+07     7.2202E-03     2.8790E-10     3.9874E-08
    63     1.3800E+07  1.3700E+07     7.2728E-03     2.7420E-10     3.7702E-08
    64     1.3700E+07  1.3600E+07     7.3260E-03     3.3070E-10     4.5140E-08
    65     1.3600E+07  1.3500E+07     7.3801E-03     4.1710E-10     5.6517E-08
    66     1.3500E+07  1.3400E+07     7.4350E-03     4.3530E-10     5.8548E-08
    67     1.3400E+07  1.3300E+07     7.4907E-03     4.0830E-10     5.4508E-08
    68     1.3300E+07  1.3200E+07     7.5472E-03     4.9440E-10     6.5508E-08
    69     1.3200E+07  1.3100E+07     7.6046E-03     5.1010E-10     6.7078E-08
    70     1.3100E+07  1.3000E+07     7.6629E-03     4.6430E-10     6.0591E-08
    71     1.3000E+07  1.2900E+07     7.7220E-03     4.6210E-10     5.9842E-08
    72     1.2900E+07  1.2800E+07     7.7821E-03     5.9140E-10     7.5995E-08
    73     1.2800E+07  1.2700E+07     7.8432E-03     6.6660E-10     8.4991E-08
    74     1.2700E+07  1.2600E+07     7.9052E-03     7.2200E-10     9.1333E-08
    75     1.2600E+07  1.2500E+07     7.9682E-03     8.1460E-10     1.0223E-07
    76     1.2500E+07  1.2400E+07     8.0322E-03     9.3940E-10     1.1695E-07
    77     1.2400E+07  1.2300E+07     8.0972E-03     1.0220E-09     1.2622E-07
    78     1.2300E+07  1.2200E+07     8.1633E-03     8.9860E-10     1.1008E-07
    79     1.2200E+07  1.2100E+07     8.2305E-03     1.0110E-09     1.2284E-07
    80     1.2100E+07  1.2000E+07     8.2988E-03     9.8630E-10     1.1885E-07
    81     1.2000E+07  1.1900E+07     8.3682E-03     1.0190E-09     1.2177E-07
    82     1.1900E+07  1.1800E+07     8.4389E-03     1.1890E-09     1.4090E-07
    83     1.1800E+07  1.1700E+07     8.5107E-03     1.3220E-09     1.5533E-07
    84     1.1700E+07  1.1600E+07     8.5837E-03     1.2660E-09     1.4749E-07
    85     1.1600E+07  1.1500E+07     8.6581E-03     1.4930E-09     1.7244E-07
    86     1.1500E+07  1.1400E+07     8.7337E-03     1.6830E-09     1.9270E-07
    87     1.1400E+07  1.1300E+07     8.8106E-03     1.8760E-09     2.1292E-07
    88     1.1300E+07  1.1200E+07     8.8889E-03     1.8150E-09     2.0419E-07
    89     1.1200E+07  1.1100E+07     8.9687E-03     2.0920E-09     2.3326E-07
    90     1.1100E+07  1.1000E+07     9.0498E-03     2.2660E-09     2.5039E-07
    91     1.1000E+07  1.0900E+07     9.1325E-03     2.4690E-09     2.7035E-07
    92     1.0900E+07  1.0800E+07     9.2167E-03     2.8090E-09     3.0477E-07
    93     1.0800E+07  1.0700E+07     9.3024E-03     3.1710E-09     3.4088E-07
    94     1.0700E+07  1.0600E+07     9.3897E-03     3.2810E-09     3.4942E-07
    95     1.0600E+07  1.0500E+07     9.4787E-03     3.3950E-09     3.5817E-07
    96     1.0500E+07  1.0400E+07     9.5695E-03     3.6380E-09     3.8017E-07
    97     1.0400E+07  1.0300E+07     9.6619E-03     4.1990E-09     4.3459E-07
    98     1.0300E+07  1.0200E+07     9.7562E-03     4.2990E-09     4.4064E-07
    99     1.0200E+07  1.0100E+07     9.8523E-03     4.4490E-09     4.5157E-07
   100     1.0100E+07  1.0000E+07     9.9503E-03     4.7170E-09     4.7405E-07
   101     1.0000E+07  9.9000E+06     1.0050E-02     5.0700E-09     5.0446E-07
   102     9.9000E+06  9.8000E+06     1.0152E-02     5.1990E-09     5.1210E-07
   103     9.8000E+06  9.7000E+06     1.0257E-02     5.8850E-09     5.7378E-07
   104     9.7000E+06  9.6000E+06     1.0363E-02     6.4080E-09     6.1837E-07
   105     9.6000E+06  9.5000E+06     1.0471E-02     6.8810E-09     6.5713E-07
   106     9.5000E+06  9.4000E+06     1.0582E-02     7.7840E-09     7.3558E-07
   107     9.4000E+06  9.3000E+06     1.0695E-02     8.3480E-09     7.8053E-07
   108     9.3000E+06  9.2000E+06     1.0811E-02     9.0770E-09     8.3961E-07
   109     9.2000E+06  9.1000E+06     1.0929E-02     9.6100E-09     8.7931E-07
   110     9.1000E+06  9.0000E+06     1.1050E-02     9.9850E-09     9.0363E-07
   111     9.0000E+06  8.9000E+06     1.1173E-02     1.1630E-08     1.0409E-06
   112     8.9000E+06  8.8000E+06     1.1300E-02     1.2160E-08     1.0761E-06
   113     8.8000E+06  8.7000E+06     1.1429E-02     1.2430E-08     1.0876E-06
   114     8.7000E+06  8.6000E+06     1.1561E-02     1.3360E-08     1.1556E-06
   115     8.6000E+06  8.5000E+06     1.1696E-02     1.4720E-08     1.2585E-06
   116     8.5000E+06  8.4000E+06     1.1834E-02     1.5850E-08     1.3393E-06
   117     8.4000E+06  8.3000E+06     1.1976E-02     1.6880E-08     1.4095E-06
   118     8.3000E+06  8.2000E+06     1.2121E-02     1.7740E-08     1.4635E-06
   119     8.2000E+06  8.1000E+06     1.2270E-02     2.0010E-08     1.6308E-06
   120     8.1000E+06  8.0000E+06     1.2423E-02     2.3400E-08     1.8837E-06
   121     8.0000E+06  7.9000E+06     1.2579E-02     2.4250E-08     1.9278E-06
   122     7.9000E+06  7.8000E+06     1.2739E-02     2.4380E-08     1.9138E-06
   123     7.8000E+06  7.7000E+06     1.2903E-02     2.6380E-08     2.0444E-06
   124     7.7000E+06  7.6000E+06     1.3072E-02     2.9150E-08     2.2299E-06
   125     7.6000E+06  7.5000E+06     1.3245E-02     3.1670E-08     2.3911E-06
   126     7.5000E+06  7.4000E+06     1.3423E-02     3.3680E-08     2.5091E-06
   127     7.4000E+06  7.3000E+06     1.3606E-02     3.5460E-08     2.6063E-06
   128     7.3000E+06  7.2000E+06     1.3793E-02     3.7360E-08     2.7086E-06
   129     7.2000E+06  7.1000E+06     1.3986E-02     4.3230E-08     3.0909E-06
   130     7.1000E+06  7.0000E+06     1.4185E-02     4.7980E-08     3.3825E-06
   131     7.0000E+06  6.9000E+06     1.4389E-02     5.3260E-08     3.7015E-06
   132     6.9000E+06  6.8000E+06     1.4599E-02     5.3040E-08     3.6332E-06
   133     6.8000E+06  6.7000E+06     1.4815E-02     5.7970E-08     3.9129E-06
   134     6.7000E+06  6.6000E+06     1.5038E-02     6.3800E-08     4.2426E-06
   135     6.6000E+06  6.5000E+06     1.5267E-02     7.2850E-08     4.7716E-06
   136     6.5000E+06  6.4000E+06     1.5504E-02     7.5500E-08     4.8697E-06
   137     6.4000E+06  6.3000E+06     1.5748E-02     7.9360E-08     5.0393E-06
   138     6.3000E+06  6.2000E+06     1.6000E-02     8.8380E-08     5.5236E-06
   139     6.2000E+06  6.1000E+06     1.6261E-02     9.4390E-08     5.8049E-06
   140     6.1000E+06  6.0000E+06     1.6529E-02     9.5660E-08     5.7873E-06
   141     6.0000E+06  5.9000E+06     1.6807E-02     9.9630E-08     5.9278E-06
   142     5.9000E+06  5.8000E+06     1.7094E-02     1.1080E-07     6.4816E-06
   143     5.8000E+06  5.7000E+06     1.7392E-02     1.1520E-07     6.6238E-06
   144     5.7000E+06  5.6000E+06     1.7700E-02     1.1620E-07     6.5651E-06
   145     5.6000E+06  5.5000E+06     1.8019E-02     1.3730E-07     7.6199E-06
   146     5.5000E+06  5.4000E+06     1.8349E-02     1.5290E-07     8.3328E-06
   147     5.4000E+06  5.3000E+06     1.8692E-02     1.5710E-07     8.4046E-06
   148     5.3000E+06  5.2000E+06     1.9048E-02     1.7340E-07     9.1032E-06
   149     5.2000E+06  5.1000E+06     1.9418E-02     1.6340E-07     8.4148E-06
   150     5.1000E+06  5.0000E+06     1.9803E-02     1.9500E-07     9.8472E-06
   151     5.0000E+06  4.9000E+06     2.0203E-02     2.1710E-07     1.0746E-05
   152     4.9000E+06  4.8000E+06     2.0619E-02     2.1110E-07     1.0238E-05
   153     4.8000E+06  4.7000E+06     2.1053E-02     2.5370E-07     1.2050E-05
   154     4.7000E+06  4.6000E+06     2.1506E-02     2.5190E-07     1.1713E-05
   155     4.6000E+06  4.5000E+06     2.1979E-02     2.5380E-07     1.1547E-05
   156     4.5000E+06  4.4000E+06     2.2473E-02     2.6460E-07     1.1774E-05
   157     4.4000E+06  4.3000E+06     2.2990E-02     2.5660E-07     1.1162E-05
   158     4.3000E+06  4.2000E+06     2.3530E-02     3.2960E-07     1.4007E-05
   159     4.2000E+06  4.1000E+06     2.4098E-02     3.5690E-07     1.4811E-05
   160     4.1000E+06  4.0000E+06     2.4693E-02     3.8270E-07     1.5499E-05
   161     4.0000E+06  3.9000E+06     2.5318E-02     3.7220E-07     1.4701E-05
   162     3.9000E+06  3.8000E+06     2.5975E-02     3.8380E-07     1.4775E-05
   163     3.8000E+06  3.7000E+06     2.6668E-02     3.6770E-07     1.3788E-05
   164     3.7000E+06  3.6000E+06     2.7399E-02     4.0690E-07     1.4851E-05
   165     3.6000E+06  3.5000E+06     2.8171E-02     4.4120E-07     1.5662E-05
   166     3.5000E+06  3.4000E+06     2.8988E-02     4.7780E-07     1.6483E-05
   167     3.4000E+06  3.3000E+06     2.9853E-02     5.2410E-07     1.7556E-05
   168     3.3000E+06  3.2000E+06     3.0772E-02     5.9340E-07     1.9284E-05
   169     3.2000E+06  3.1000E+06     3.1749E-02     7.3110E-07     2.3028E-05
   170     3.1000E+06  3.0000E+06     3.2790E-02     7.9150E-07     2.4139E-05
   171     3.0000E+06  2.9000E+06     3.3902E-02     8.1530E-07     2.4049E-05
   172     2.9000E+06  2.8000E+06     3.5091E-02     8.8320E-07     2.5169E-05
   173     2.8000E+06  2.7000E+06     3.6368E-02     9.8930E-07     2.7203E-05
   174     2.7000E+06  2.6000E+06     3.7740E-02     1.1130E-06     2.9491E-05
   175     2.6000E+06  2.5000E+06     3.9221E-02     1.1470E-06     2.9245E-05
   176     2.5000E+06  2.4000E+06     4.0822E-02     1.2800E-06     3.1356E-05
   177     2.4000E+06  2.3000E+06     4.2560E-02     1.4550E-06     3.4187E-05
   178     2.3000E+06  2.2000E+06     4.4452E-02     1.3340E-06     3.0010E-05
   179     2.2000E+06  2.1000E+06     4.6520E-02     1.3130E-06     2.8224E-05
   180     2.1000E+06  2.0000E+06     4.8790E-02     1.3330E-06     2.7321E-05
   181     2.0000E+06  1.9000E+06     5.1293E-02     1.3440E-06     2.6202E-05
   182     1.9000E+06  1.8000E+06     5.4067E-02     1.5130E-06     2.7984E-05
   183     1.8000E+06  1.7000E+06     5.7158E-02     1.7230E-06     3.0144E-05
   184     1.7000E+06  1.6000E+06     6.0625E-02     1.7530E-06     2.8916E-05
   185     1.6000E+06  1.5000E+06     6.4539E-02     1.9270E-06     2.9858E-05
   186     1.5000E+06  1.4000E+06     6.8993E-02     2.1680E-06     3.1424E-05
   187     1.4000E+06  1.3000E+06     7.4108E-02     2.0490E-06     2.7649E-05
   188     1.3000E+06  1.2000E+06     8.0043E-02     2.4800E-06     3.0983E-05
   189     1.2000E+06  1.1000E+06     8.7011E-02     2.5450E-06     2.9249E-05
   190     1.1000E+06  1.0000E+06     9.5310E-02     2.2480E-06     2.3586E-05
   191     1.0000E+06  9.6000E+05     4.0822E-02     8.6840E-07     2.1273E-05
   192     9.6000E+05  9.2000E+05     4.2560E-02     1.0790E-06     2.5353E-05
   193     9.2000E+05  8.8000E+05     4.4452E-02     1.2590E-06     2.8323E-05
   194     8.8000E+05  8.4000E+05     4.6520E-02     1.4440E-06     3.1040E-05
   195     8.4000E+05  8.0000E+05     4.8790E-02     1.7570E-06     3.6011E-05
   196     8.0000E+05  7.6000E+05     5.1293E-02     1.8710E-06     3.6477E-05
   197     7.6000E+05  7.2000E+05     5.4067E-02     1.9450E-06     3.5974E-05
   198     7.2000E+05  6.9000E+05     4.2560E-02     1.4310E-06     3.3623E-05
   199     6.9000E+05  6.6000E+05     4.4452E-02     1.4380E-06     3.2350E-05
   200     6.6000E+05  6.3000E+05     4.6520E-02     1.3910E-06     2.9901E-05
   201     6.3000E+05  6.0000E+05     4.8790E-02     1.5010E-06     3.0764E-05
   202     6.0000E+05  5.7500E+05     4.2560E-02     1.2470E-06     2.9300E-05
   203     5.7500E+05  5.5000E+05     4.4452E-02     1.2530E-06     2.8188E-05
   204     5.5000E+05  5.2500E+05     4.6520E-02     1.2610E-06     2.7107E-05
   205     5.2500E+05  5.0000E+05     4.8790E-02     1.3240E-06     2.7137E-05
   206     5.0000E+05  4.7500E+05     5.1293E-02     1.2800E-06     2.4955E-05
   207     4.7500E+05  4.5000E+05     5.4067E-02     1.1010E-06     2.0364E-05
   208     4.5000E+05  4.2500E+05     5.7158E-02     8.2400E-07     1.4416E-05
   209     4.2500E+05  4.0000E+05     6.0625E-02     1.0450E-06     1.7237E-05
   210     4.0000E+05  3.8000E+05     5.1293E-02     1.0310E-06     2.0100E-05
   211     3.8000E+05  3.6000E+05     5.4067E-02     1.0360E-06     1.9161E-05
   212     3.6000E+05  3.4000E+05     5.7158E-02     1.3460E-06     2.3549E-05
   213     3.4000E+05  3.2000E+05     6.0625E-02     1.5080E-06     2.4874E-05
   214     3.2000E+05  3.0000E+05     6.4539E-02     1.4710E-06     2.2793E-05
   215     3.0000E+05  2.8000E+05     6.8993E-02     1.4820E-06     2.1480E-05
   216     2.8000E+05  2.7000E+05     3.6368E-02     8.5500E-07     2.3510E-05
   217     2.7000E+05  2.5500E+05     5.7158E-02     1.3070E-06     2.2866E-05
   218     2.5500E+05  2.4000E+05     6.0625E-02     1.2700E-06     2.0949E-05
   219     2.4000E+05  2.3000E+05     4.2560E-02     8.1820E-07     1.9225E-05
   220     2.3000E+05  2.2000E+05     4.4452E-02     8.1000E-07     1.8222E-05
   221     2.2000E+05  2.1000E+05     4.6520E-02     8.0670E-07     1.7341E-05
   222     2.1000E+05  2.0000E+05     4.8790E-02     8.0180E-07     1.6434E-05
   223     2.0000E+05  1.9000E+05     5.1293E-02     9.2520E-07     1.8037E-05
   224     1.9000E+05  1.8000E+05     5.4067E-02     9.5050E-07     1.7580E-05
   225     1.8000E+05  1.7000E+05     5.7158E-02     9.1960E-07     1.6089E-05
   226     1.7000E+05  1.6000E+05     6.0625E-02     8.6190E-07     1.4217E-05
   227     1.6000E+05  1.5000E+05     6.4539E-02     8.2090E-07     1.2720E-05
   228     1.5000E+05  1.4250E+05     5.1293E-02     6.6370E-07     1.2939E-05
   229     1.4250E+05  1.3500E+05     5.4067E-02     8.0860E-07     1.4955E-05
   230     1.3500E+05  1.2750E+05     5.7158E-02     9.6770E-07     1.6930E-05
   231     1.2750E+05  1.2000E+05     6.0625E-02     8.7630E-07     1.4455E-05
   232     1.2000E+05  1.1500E+05     4.2560E-02     5.2760E-07     1.2397E-05
   233     1.1500E+05  1.1000E+05     4.4452E-02     6.0160E-07     1.3534E-05
   234     1.1000E+05  1.0500E+05     4.6520E-02     6.2550E-07     1.3446E-05
   235     1.0500E+05  1.0000E+05     4.8790E-02     6.0430E-07     1.2386E-05
   236     1.0000E+05  9.6000E+04     4.0822E-02     4.5630E-07     1.1178E-05
   237     9.6000E+04  9.2000E+04     4.2560E-02     4.2430E-07     9.9695E-06
   238     9.2000E+04  8.8000E+04     4.4452E-02     3.7750E-07     8.4924E-06
   239     8.8000E+04  8.4000E+04     4.6520E-02     3.9840E-07     8.5641E-06
   240     8.4000E+04  8.0000E+04     4.8790E-02     5.3190E-07     1.0902E-05
   241     8.0000E+04  7.6000E+04     5.1293E-02     6.5990E-07     1.2865E-05
   242     7.6000E+04  7.2000E+04     5.4067E-02     7.0030E-07     1.2952E-05
   243     7.2000E+04  6.9000E+04     4.2560E-02     5.1660E-07     1.2138E-05
   244     6.9000E+04  6.6000E+04     4.4452E-02     5.0320E-07     1.1320E-05
   245     6.6000E+04  6.3000E+04     4.6520E-02     5.0920E-07     1.0946E-05
   246     6.3000E+04  6.0000E+04     4.8790E-02     5.1450E-07     1.0545E-05
   247     6.0000E+04  5.7500E+04     4.2560E-02     4.3120E-07     1.0132E-05
   248     5.7500E+04  5.5000E+04     4.4452E-02     4.4030E-07     9.9051E-06
   249     5.5000E+04  5.2500E+04     4.6520E-02     4.4930E-07     9.6582E-06
   250     5.2500E+04  5.0000E+04     4.8790E-02     4.5710E-07     9.3687E-06
   251     5.0000E+04  4.7500E+04     5.1293E-02     4.6940E-07     9.1513E-06
   252     4.7500E+04  4.5000E+04     5.4067E-02     4.7850E-07     8.8501E-06
   253     4.5000E+04  4.2500E+04     5.7158E-02     4.8640E-07     8.5097E-06
   254     4.2500E+04  4.0000E+04     6.0625E-02     4.8990E-07     8.0809E-06
   255     4.0000E+04  3.8000E+04     5.1293E-02     3.8050E-07     7.4181E-06
   256     3.8000E+04  3.6000E+04     5.4067E-02     3.2650E-07     6.0388E-06
   257     3.6000E+04  3.4000E+04     5.7158E-02     2.7680E-07     4.8427E-06
   258     3.4000E+04  3.2000E+04     6.0625E-02     4.5860E-07     7.5646E-06
   259     3.2000E+04  3.0000E+04     6.4539E-02     6.5940E-07     1.0217E-05
   260     3.0000E+04  2.8000E+04     6.8993E-02     6.7560E-07     9.7923E-06
   261     2.8000E+04  2.7000E+04     3.6368E-02     3.2440E-07     8.9200E-06
   262     2.7000E+04  2.5500E+04     5.7158E-02     4.9520E-07     8.6636E-06
   263     2.5500E+04  2.4000E+04     6.0625E-02     5.0450E-07     8.3217E-06
   264     2.4000E+04  2.3000E+04     4.2560E-02     3.4110E-07     8.0146E-06
   265     2.3000E+04  2.2000E+04     4.4452E-02     3.5340E-07     7.9502E-06
   266     2.2000E+04  2.1000E+04     4.6520E-02     3.6010E-07     7.7408E-06
   267     2.1000E+04  2.0000E+04     4.8790E-02     3.7110E-07     7.6060E-06
   268     2.0000E+04  1.9000E+04     5.1293E-02     3.8170E-07     7.4415E-06
   269     1.9000E+04  1.8000E+04     5.4067E-02     4.0290E-07     7.4518E-06
   270     1.8000E+04  1.7000E+04     5.7158E-02     4.1110E-07     7.1923E-06
   271     1.7000E+04  1.6000E+04     6.0625E-02     4.5240E-07     7.4623E-06
   272     1.6000E+04  1.5000E+04     6.4539E-02     4.6440E-07     7.1957E-06
   273     1.5000E+04  1.4250E+04     5.1293E-02     3.6730E-07     7.1608E-06
   274     1.4250E+04  1.3500E+04     5.4067E-02     3.8290E-07     7.0819E-06
   275     1.3500E+04  1.2750E+04     5.7158E-02     4.0260E-07     7.0436E-06
   276     1.2750E+04  1.2000E+04     6.0625E-02     4.2250E-07     6.9691E-06
   277     1.2000E+04  1.1500E+04     4.2560E-02     2.9590E-07     6.9526E-06
   278     1.1500E+04  1.1000E+04     4.4452E-02     3.0760E-07     6.9199E-06
   279     1.1000E+04  1.0500E+04     4.6520E-02     3.2020E-07     6.8831E-06
   280     1.0500E+04  1.0000E+04     4.8790E-02     3.3450E-07     6.8559E-06
   281     1.0000E+04  9.6000E+03     4.0822E-02     2.7610E-07     6.7635E-06
   282     9.6000E+03  9.2000E+03     4.2560E-02     2.8040E-07     6.5884E-06
   283     9.2000E+03  8.8000E+03     4.4452E-02     2.9100E-07     6.5464E-06
   284     8.8000E+03  8.4000E+03     4.6520E-02     3.1790E-07     6.8336E-06
   285     8.4000E+03  8.0000E+03     4.8790E-02     3.3050E-07     6.7739E-06
   286     8.0000E+03  7.6000E+03     5.1293E-02     3.3130E-07     6.4589E-06
   287     7.6000E+03  7.2000E+03     5.4067E-02     3.7830E-07     6.9968E-06
   288     7.2000E+03  6.9000E+03     4.2560E-02     2.6720E-07     6.2783E-06
   289     6.9000E+03  6.6000E+03     4.4452E-02     3.0580E-07     6.8794E-06
   290     6.6000E+03  6.3000E+03     4.6520E-02     2.8290E-07     6.0813E-06
   291     6.3000E+03  6.0000E+03     4.8790E-02     3.0530E-07     6.2574E-06
   292     6.0000E+03  5.7500E+03     4.2560E-02     2.2980E-07     5.3995E-06
   293     5.7500E+03  5.5000E+03     4.4452E-02     2.7800E-07     6.2540E-06
   294     5.5000E+03  5.2500E+03     4.6520E-02     3.4400E-07     7.3947E-06
   295     5.2500E+03  5.0000E+03     4.8790E-02     2.7810E-07     5.6999E-06
   296     5.0000E+03  4.7500E+03     5.1293E-02     3.3320E-07     6.4960E-06
   297     4.7500E+03  4.5000E+03     5.4067E-02     3.4800E-07     6.4364E-06
   298     4.5000E+03  4.2500E+03     5.7158E-02     3.7770E-07     6.6080E-06
   299     4.2500E+03  4.0000E+03     6.0625E-02     3.8150E-07     6.2928E-06
   300     4.0000E+03  3.8000E+03     5.1293E-02     3.0810E-07     6.0066E-06
   301     3.8000E+03  3.6000E+03     5.4067E-02     3.6250E-07     6.7046E-06
   302     3.6000E+03  3.4000E+03     5.7158E-02     3.2810E-07     5.7402E-06
   303     3.4000E+03  3.2000E+03     6.0625E-02     4.2390E-07     6.9922E-06
   304     3.2000E+03  3.0000E+03     6.4539E-02     4.1160E-07     6.3776E-06
   305     3.0000E+03  2.8000E+03     6.8993E-02     3.9800E-07     5.7687E-06
   306     2.8000E+03  2.7000E+03     3.6368E-02     2.0700E-07     5.6919E-06
   307     2.7000E+03  2.5500E+03     5.7158E-02     3.9080E-07     6.8371E-06
   308     2.5500E+03  2.4000E+03     6.0625E-02     4.0700E-07     6.7134E-06
   309     2.4000E+03  2.3000E+03     4.2560E-02     2.6930E-07     6.3276E-06
   310     2.3000E+03  2.2000E+03     4.4452E-02     2.8090E-07     6.3192E-06
   311     2.2000E+03  2.1000E+03     4.6520E-02     3.0110E-07     6.4725E-06
   312     2.1000E+03  2.0000E+03     4.8790E-02     3.0200E-07     6.1898E-06
   313     2.0000E+03  1.9000E+03     5.1293E-02     2.6390E-07     5.1449E-06
   314     1.9000E+03  1.8000E+03     5.4067E-02     3.7900E-07     7.0098E-06
   315     1.8000E+03  1.7000E+03     5.7158E-02     3.5350E-07     6.1846E-06
   316     1.7000E+03  1.6000E+03     6.0625E-02     3.8900E-07     6.4165E-06
   317     1.6000E+03  1.5000E+03     6.4539E-02     4.0580E-07     6.2877E-06
   318     1.5000E+03  1.4250E+03     5.1293E-02     2.7000E-07     5.2638E-06
   319     1.4250E+03  1.3500E+03     5.4067E-02     3.3240E-07     6.1479E-06
   320     1.3500E+03  1.2750E+03     5.7158E-02     3.0440E-07     5.3256E-06
   321     1.2750E+03  1.2000E+03     6.0625E-02     4.4770E-07     7.3848E-06
   322     1.2000E+03  1.1500E+03     4.2560E-02     2.6730E-07     6.2806E-06
   323     1.1500E+03  1.1000E+03     4.4452E-02     2.6080E-07     5.8670E-06
   324     1.1000E+03  1.0500E+03     4.6520E-02     2.9520E-07     6.3457E-06
   325     1.0500E+03  1.0000E+03     4.8790E-02     3.1010E-07     6.3558E-06
   326     1.0000E+03  9.6000E+02     4.0822E-02     2.5230E-07     6.1805E-06
   327     9.6000E+02  9.2000E+02     4.2560E-02     1.9660E-07     4.6194E-06
   328     9.2000E+02  8.8000E+02     4.4452E-02     2.9990E-07     6.7466E-06
   329     8.8000E+02  8.4000E+02     4.6520E-02     2.8670E-07     6.1629E-06
   330     8.4000E+02  8.0000E+02     4.8790E-02     2.9230E-07     5.9910E-06
   331     8.0000E+02  7.6000E+02     5.1293E-02     2.8330E-07     5.5231E-06
   332     7.6000E+02  7.2000E+02     5.4067E-02     1.9430E-07     3.5937E-06
   333     7.2000E+02  6.9000E+02     4.2560E-02     3.4700E-07     8.1533E-06
   334     6.9000E+02  6.6000E+02     4.4452E-02     2.0240E-07     4.5533E-06
   335     6.6000E+02  6.3000E+02     4.6520E-02     3.0090E-07     6.4682E-06
   336     6.3000E+02  6.0000E+02     4.8790E-02     2.8150E-07     5.7696E-06
   337     6.0000E+02  5.7500E+02     4.2560E-02     2.3820E-07     5.5969E-06
   338     5.7500E+02  5.5000E+02     4.4452E-02     2.0990E-07     4.7220E-06
   339     5.5000E+02  5.2500E+02     4.6520E-02     6.8160E-08     1.4652E-06
   340     5.2500E+02  5.0000E+02     4.8790E-02     3.9630E-07     8.1225E-06
   341     5.0000E+02  4.7500E+02     5.1293E-02     2.7160E-07     5.2950E-06
   342     4.7500E+02  4.5000E+02     5.4067E-02     2.9260E-07     5.4118E-06
   343     4.5000E+02  4.2500E+02     5.7158E-02     3.3920E-07     5.9344E-06
   344     4.2500E+02  4.0000E+02     6.0625E-02     3.6690E-07     6.0520E-06
   345     4.0000E+02  3.8000E+02     5.1293E-02     3.0810E-07     6.0066E-06
   346     3.8000E+02  3.6000E+02     5.4067E-02     3.2270E-07     5.9685E-06
   347     3.6000E+02  3.4000E+02     5.7158E-02     3.2440E-07     5.6755E-06
   348     3.4000E+02  3.2000E+02     6.0625E-02     1.6830E-07     2.7761E-06
   349     3.2000E+02  3.0000E+02     6.4539E-02     3.4630E-07     5.3658E-06
   350     3.0000E+02  2.8000E+02     6.8993E-02     3.9120E-07     5.6702E-06
   351     2.8000E+02  2.7000E+02     3.6368E-02     2.0730E-07     5.7001E-06
   352     2.7000E+02  2.5500E+02     5.7158E-02     3.2120E-07     5.6195E-06
   353     2.5500E+02  2.4000E+02     6.0625E-02     2.9480E-07     4.8627E-06
   354     2.4000E+02  2.3000E+02     4.2560E-02     2.4770E-07     5.8201E-06
   355     2.3000E+02  2.2000E+02     4.4452E-02     2.6330E-07     5.9233E-06
   356     2.2000E+02  2.1000E+02     4.6520E-02     2.7680E-07     5.9501E-06
   357     2.1000E+02  2.0000E+02     4.8790E-02     2.9030E-07     5.9500E-06
   358     2.0000E+02  1.9000E+02     5.1293E-02     3.0130E-07     5.8741E-06
   359     1.9000E+02  1.8000E+02     5.4067E-02     3.3380E-07     6.1738E-06
   360     1.8000E+02  1.7000E+02     5.7158E-02     3.4780E-07     6.0848E-06
   361     1.7000E+02  1.6000E+02     6.0625E-02     3.6430E-07     6.0091E-06
   362     1.6000E+02  1.5000E+02     6.4539E-02     3.9170E-07     6.0692E-06
   363     1.5000E+02  1.4250E+02     5.1293E-02     3.0920E-07     6.0281E-06
   364     1.4250E+02  1.3500E+02     5.4067E-02     3.2900E-07     6.0850E-06
   365     1.3500E+02  1.2750E+02     5.7158E-02     3.4790E-07     6.0866E-06
   366     1.2750E+02  1.2000E+02     6.0625E-02     3.6780E-07     6.0668E-06
   367     1.2000E+02  1.1500E+02     4.2560E-02     2.5050E-07     5.8859E-06
   368     1.1500E+02  1.1000E+02     4.4452E-02     2.6480E-07     5.9570E-06
   369     1.1000E+02  1.0500E+02     4.6520E-02     2.7760E-07     5.9673E-06
   370     1.0500E+02  1.0000E+02     4.8790E-02     2.8070E-07     5.7532E-06
   371     1.0000E+02  9.6000E+01     4.0822E-02     2.3500E-07     5.7567E-06
   372     9.6000E+01  9.2000E+01     4.2560E-02     1.5000E-07     3.5245E-06
   373     9.2000E+01  8.8000E+01     4.4452E-02     2.0080E-07     4.5173E-06
   374     8.8000E+01  8.4000E+01     4.6520E-02     2.5610E-07     5.5052E-06
   375     8.4000E+01  8.0000E+01     4.8790E-02     2.6780E-07     5.4888E-06
   376     8.0000E+01  7.6000E+01     5.1293E-02     2.8840E-07     5.6226E-06
   377     7.6000E+01  7.2000E+01     5.4067E-02     3.0540E-07     5.6485E-06
   378     7.2000E+01  6.9000E+01     4.2560E-02     2.4320E-07     5.7143E-06
   379     6.9000E+01  6.6000E+01     4.4452E-02     2.4730E-07     5.5633E-06
   380     6.6000E+01  6.3000E+01     4.6520E-02     2.6160E-07     5.6234E-06
   381     6.3000E+01  6.0000E+01     4.8790E-02     2.7730E-07     5.6835E-06
   382     6.0000E+01  5.7500E+01     4.2560E-02     2.4010E-07     5.6415E-06
   383     5.7500E+01  5.5000E+01     4.4452E-02     2.4330E-07     5.4733E-06
   384     5.5000E+01  5.2500E+01     4.6520E-02     2.4420E-07     5.2494E-06
   385     5.2500E+01  5.0000E+01     4.8790E-02     2.2320E-07     4.5747E-06
   386     5.0000E+01  4.7500E+01     5.1293E-02     1.1470E-07     2.2362E-06
   387     4.7500E+01  4.5000E+01     5.4067E-02     4.7520E-08     8.7891E-07
   388     4.5000E+01  4.2500E+01     5.7158E-02     1.9810E-07     3.4658E-06
   389     4.2500E+01  4.0000E+01     6.0625E-02     2.6230E-07     4.3266E-06
   390     4.0000E+01  3.8000E+01     5.1293E-02     2.3440E-07     4.5698E-06
   391     3.8000E+01  3.6000E+01     5.4067E-02     2.3410E-07     4.3298E-06
   392     3.6000E+01  3.4000E+01     5.7158E-02     2.7920E-07     4.8847E-06
   393     3.4000E+01  3.2000E+01     6.0625E-02     3.1010E-07     5.1151E-06
   394     3.2000E+01  3.0000E+01     6.4539E-02     3.3960E-07     5.2620E-06
   395     3.0000E+01  2.8000E+01     6.8993E-02     3.6940E-07     5.3542E-06
   396     2.8000E+01  2.7000E+01     3.6368E-02     1.9640E-07     5.4004E-06
   397     2.7000E+01  2.5500E+01     5.7158E-02     3.1100E-07     5.4410E-06
   398     2.5500E+01  2.4000E+01     6.0625E-02     3.3160E-07     5.4697E-06
   399     2.4000E+01  2.3000E+01     4.2560E-02     2.3060E-07     5.4183E-06
   400     2.3000E+01  2.2000E+01     4.4452E-02     2.4210E-07     5.4464E-06
   401     2.2000E+01  2.1000E+01     4.6520E-02     2.3860E-07     5.1290E-06
   402     2.1000E+01  2.0000E+01     4.8790E-02     2.3610E-07     4.8391E-06
   403     2.0000E+01  1.9000E+01     5.1293E-02     2.6140E-07     5.0962E-06
   404     1.9000E+01  1.8000E+01     5.4067E-02     2.8270E-07     5.2287E-06
   405     1.8000E+01  1.7000E+01     5.7158E-02     3.0100E-07     5.2661E-06
   406     1.7000E+01  1.6000E+01     6.0625E-02     3.1820E-07     5.2487E-06
   407     1.6000E+01  1.5000E+01     6.4539E-02     3.4160E-07     5.2930E-06
   408     1.5000E+01  1.4250E+01     5.1293E-02     2.7210E-07     5.3048E-06
   409     1.4250E+01  1.3500E+01     5.4067E-02     2.8930E-07     5.3507E-06
   410     1.3500E+01  1.2750E+01     5.7158E-02     3.0540E-07     5.3430E-06
   411     1.2750E+01  1.2000E+01     6.0625E-02     3.1760E-07     5.2388E-06
   412     1.2000E+01  1.1500E+01     4.2560E-02     2.2200E-07     5.2162E-06
   413     1.1500E+01  1.1000E+01     4.4452E-02     2.3540E-07     5.2956E-06
   414     1.1000E+01  1.0500E+01     4.6520E-02     2.4690E-07     5.3074E-06
   415     1.0500E+01  1.0000E+01     4.8790E-02     2.5940E-07     5.3166E-06
   416     1.0000E+01  9.6000E+00     4.0822E-02     2.1730E-07     5.3231E-06
   417     9.6000E+00  9.2000E+00     4.2560E-02     2.2460E-07     5.2773E-06
   418     9.2000E+00  8.8000E+00     4.4452E-02     2.3050E-07     5.1854E-06
   419     8.8000E+00  8.4000E+00     4.6520E-02     2.3610E-07     5.0752E-06
   420     8.4000E+00  8.0000E+00     4.8790E-02     2.5370E-07     5.1998E-06
   421     8.0000E+00  7.6000E+00     5.1293E-02     2.6410E-07     5.1488E-06
   422     7.6000E+00  7.2000E+00     5.4067E-02     2.7480E-07     5.0826E-06
   423     7.2000E+00  6.9000E+00     4.2560E-02     2.0680E-07     4.8591E-06
   424     6.9000E+00  6.6000E+00     4.4452E-02     1.9240E-07     4.3283E-06
   425     6.6000E+00  6.3000E+00     4.6520E-02     1.9970E-07     4.2928E-06
   426     6.3000E+00  6.0000E+00     4.8790E-02     2.2380E-07     4.5870E-06
   427     6.0000E+00  5.7500E+00     4.2560E-02     2.0060E-07     4.7134E-06
   428     5.7500E+00  5.5000E+00     4.4452E-02     2.1020E-07     4.7287E-06
   429     5.5000E+00  5.2500E+00     4.6520E-02     2.2320E-07     4.7979E-06
   430     5.2500E+00  5.0000E+00     4.8790E-02     2.3440E-07     4.8042E-06
   431     5.0000E+00  4.7500E+00     5.1293E-02     2.4690E-07     4.8135E-06
   432     4.7500E+00  4.5000E+00     5.4067E-02     2.6280E-07     4.8606E-06
   433     4.5000E+00  4.2500E+00     5.7158E-02     2.8110E-07     4.9179E-06
   434     4.2500E+00  4.0000E+00     6.0625E-02     3.0130E-07     4.9699E-06
   435     4.0000E+00  3.8000E+00     5.1293E-02     2.5680E-07     5.0065E-06
   436     3.8000E+00  3.6000E+00     5.4067E-02     2.6700E-07     4.9383E-06
   437     3.6000E+00  3.4000E+00     5.7158E-02     2.8360E-07     4.9616E-06
   438     3.4000E+00  3.2000E+00     6.0625E-02     3.0320E-07     5.0013E-06
   439     3.2000E+00  3.0000E+00     6.4539E-02     3.2030E-07     4.9629E-06
   440     3.0000E+00  2.8000E+00     6.8993E-02     3.4460E-07     4.9947E-06
   441     2.8000E+00  2.7000E+00     3.6368E-02     1.8190E-07     5.0017E-06
   442     2.7000E+00  2.5500E+00     5.7158E-02     2.8610E-07     5.0054E-06
   443     2.5500E+00  2.4000E+00     6.0625E-02     3.0460E-07     5.0244E-06
   444     2.4000E+00  2.3000E+00     4.2560E-02     2.1340E-07     5.0141E-06
   445     2.3000E+00  2.2000E+00     4.4452E-02     2.2320E-07     5.0212E-06
   446     2.2000E+00  2.1000E+00     4.6520E-02     2.3430E-07     5.0365E-06
   447     2.1000E+00  2.0000E+00     4.8790E-02     2.4510E-07     5.0236E-06
   448     2.0000E+00  1.9000E+00     5.1293E-02     2.5530E-07     4.9773E-06
   449     1.9000E+00  1.8000E+00     5.4067E-02     2.7070E-07     5.0067E-06
   450     1.8000E+00  1.7000E+00     5.7158E-02     2.8730E-07     5.0264E-06
   451     1.7000E+00  1.6000E+00     6.0625E-02     3.0640E-07     5.0541E-06
   452     1.6000E+00  1.5000E+00     6.4539E-02     3.2540E-07     5.0420E-06
   453     1.5000E+00  1.4250E+00     5.1293E-02     2.6100E-07     5.0884E-06
   454     1.4250E+00  1.3500E+00     5.4067E-02     2.7340E-07     5.0567E-06
   455     1.3500E+00  1.2750E+00     5.7158E-02     2.8910E-07     5.0579E-06
   456     1.2750E+00  1.2000E+00     6.0625E-02     3.0620E-07     5.0508E-06
   457     1.2000E+00  1.1500E+00     4.2560E-02     2.1410E-07     5.0306E-06
   458     1.1500E+00  1.1000E+00     4.4452E-02     2.2210E-07     4.9964E-06
   459     1.1000E+00  1.0500E+00     4.6520E-02     2.3550E-07     5.0623E-06
   460     1.0500E+00  1.0000E+00     4.8790E-02     2.4450E-07     5.0113E-06
   461     1.0000E+00  9.6000E-01     4.0822E-02     2.0440E-07     5.0071E-06
   462     9.6000E-01  9.2000E-01     4.2560E-02     2.1570E-07     5.0682E-06
   463     9.2000E-01  8.8000E-01     4.4452E-02     2.2550E-07     5.0729E-06
   464     8.8000E-01  8.4000E-01     4.6520E-02     2.3570E-07     5.0666E-06
   465     8.4000E-01  8.0000E-01     4.8790E-02     2.4810E-07     5.0850E-06
   466     8.0000E-01  7.6000E-01     5.1293E-02     2.6420E-07     5.1508E-06
   467     7.6000E-01  7.2000E-01     5.4067E-02     2.7600E-07     5.1048E-06
   468     7.2000E-01  6.9000E-01     4.2560E-02     2.1980E-07     5.1645E-06
   469     6.9000E-01  6.6000E-01     4.4452E-02     2.3030E-07     5.1809E-06
   470     6.6000E-01  6.3000E-01     4.6520E-02     2.4210E-07     5.2042E-06
   471     6.3000E-01  6.0000E-01     4.8790E-02     2.5320E-07     5.1896E-06
   472     6.0000E-01  5.7500E-01     4.2560E-02     2.2080E-07     5.1880E-06
   473     5.7500E-01  5.5000E-01     4.4452E-02     2.3290E-07     5.2394E-06
   474     5.5000E-01  5.2500E-01     4.6520E-02     2.4520E-07     5.2708E-06
   475     5.2500E-01  5.0000E-01     4.8790E-02     2.5720E-07     5.2716E-06
   476     5.0000E-01  4.7500E-01     5.1293E-02     2.7100E-07     5.2833E-06
   477     4.7500E-01  4.5000E-01     5.4067E-02     2.8400E-07     5.2527E-06
   478     4.5000E-01  4.2500E-01     5.7158E-02     3.0090E-07     5.2643E-06
   479     4.2500E-01  4.0000E-01     6.0625E-02     3.1980E-07     5.2751E-06
   480     4.0000E-01  3.8000E-01     5.1293E-02     2.6880E-07     5.2405E-06
   481     3.8000E-01  3.6000E-01     5.4067E-02     2.8460E-07     5.2638E-06
   482     3.6000E-01  3.4000E-01     5.7158E-02     3.0130E-07     5.2713E-06
   483     3.4000E-01  3.2000E-01     6.0625E-02     3.1890E-07     5.2602E-06
   484     3.2000E-01  3.0000E-01     6.4539E-02     3.3900E-07     5.2527E-06
   485     3.0000E-01  2.8000E-01     6.8993E-02     3.6490E-07     5.2890E-06
   486     2.8000E-01  2.7000E-01     3.6368E-02     1.9310E-07     5.3097E-06
   487     2.7000E-01  2.5500E-01     5.7158E-02     3.0780E-07     5.3850E-06
   488     2.5500E-01  2.4000E-01     6.0625E-02     3.3180E-07     5.4730E-06
   489     2.4000E-01  2.3000E-01     4.2560E-02     2.3850E-07     5.6039E-06
   490     2.3000E-01  2.2000E-01     4.4452E-02     2.5320E-07     5.6961E-06
   491     2.2000E-01  2.1000E-01     4.6520E-02     2.7180E-07     5.8426E-06
   492     2.1000E-01  2.0000E-01     4.8790E-02     2.9160E-07     5.9766E-06
   493     2.0000E-01  1.9000E-01     5.1293E-02     3.2130E-07     6.2640E-06
   494     1.9000E-01  1.8000E-01     5.4067E-02     3.5390E-07     6.5456E-06
   495     1.8000E-01  1.7000E-01     5.7158E-02     3.9460E-07     6.9036E-06
   496     1.7000E-01  1.6000E-01     6.0625E-02     4.4790E-07     7.3881E-06
   497     1.6000E-01  1.5000E-01     6.4539E-02     4.9750E-07     7.7086E-06
   498     1.5000E-01  1.4250E-01     5.1293E-02     4.2020E-07     8.1921E-06
   499     1.4250E-01  1.3500E-01     5.4067E-02     4.7250E-07     8.7391E-06
   500     1.3500E-01  1.2750E-01     5.7158E-02     5.3310E-07     9.3267E-06
   501     1.2750E-01  1.2000E-01     6.0625E-02     6.0830E-07     1.0034E-05
   502     1.2000E-01  1.1500E-01     4.2560E-02     4.5380E-07     1.0663E-05
   503     1.1500E-01  1.1000E-01     4.4452E-02     5.0200E-07     1.1293E-05
   504     1.1000E-01  1.0500E-01     4.6520E-02     5.3310E-07     1.1460E-05
   505     1.0500E-01  1.0000E-01     4.8790E-02     5.8240E-07     1.1937E-05
   506     1.0000E-01  9.6000E-02     4.0822E-02     5.1230E-07     1.2550E-05
   507     9.6000E-02  9.2000E-02     4.2560E-02     5.5160E-07     1.2961E-05
   508     9.2000E-02  8.8000E-02     4.4452E-02     5.9650E-07     1.3419E-05
   509     8.8000E-02  8.4000E-02     4.6520E-02     6.4980E-07     1.3968E-05
   510     8.4000E-02  8.0000E-02     4.8790E-02     7.0600E-07     1.4470E-05
   511     8.0000E-02  7.6000E-02     5.1293E-02     7.2850E-07     1.4203E-05
   512     7.6000E-02  7.2000E-02     5.4067E-02     7.8490E-07     1.4517E-05
   513     7.2000E-02  6.9000E-02     4.2560E-02     6.3360E-07     1.4887E-05
   514     6.9000E-02  6.6000E-02     4.4452E-02     6.7130E-07     1.5102E-05
   515     6.6000E-02  6.3000E-02     4.6520E-02     7.0460E-07     1.5146E-05
   516     6.3000E-02  6.0000E-02     4.8790E-02     7.2640E-07     1.4888E-05
   517     6.0000E-02  5.7500E-02     4.2560E-02     6.3820E-07     1.4995E-05
   518     5.7500E-02  5.5000E-02     4.4452E-02     6.7720E-07     1.5234E-05
   519     5.5000E-02  5.2500E-02     4.6520E-02     6.7300E-07     1.4467E-05
   520     5.2500E-02  5.0000E-02     4.8790E-02     7.0440E-07     1.4437E-05
   521     5.0000E-02  4.7500E-02     5.1293E-02     7.4040E-07     1.4435E-05
   522     4.7500E-02  4.5000E-02     5.4067E-02     7.5000E-07     1.3872E-05
   523     4.5000E-02  4.2500E-02     5.7158E-02     7.6760E-07     1.3429E-05
   524     4.2500E-02  4.0000E-02     6.0625E-02     7.9920E-07     1.3183E-05
   525     4.0000E-02  3.8000E-02     5.1293E-02     6.2300E-07     1.2146E-05
   526     3.8000E-02  3.6000E-02     5.4067E-02     6.3860E-07     1.1811E-05
   527     3.6000E-02  3.4000E-02     5.7158E-02     6.6170E-07     1.1577E-05
   528     3.4000E-02  3.2000E-02     6.0625E-02     6.5960E-07     1.0880E-05
   529     3.2000E-02  3.0000E-02     6.4539E-02     6.4260E-07     9.9568E-06
   530     3.0000E-02  2.8000E-02     6.8993E-02     6.4850E-07     9.3995E-06
   531     2.8000E-02  2.7000E-02     3.6368E-02     3.2260E-07     8.8705E-06
   532     2.7000E-02  2.5500E-02     5.7158E-02     4.9220E-07     8.6112E-06
   533     2.5500E-02  2.4000E-02     6.0625E-02     4.6720E-07     7.7064E-06
   534     2.4000E-02  2.3000E-02     4.2560E-02     3.0530E-07     7.1735E-06
   535     2.3000E-02  2.2000E-02     4.4452E-02     3.0790E-07     6.9266E-06
   536     2.2000E-02  2.1000E-02     4.6520E-02     3.0220E-07     6.4961E-06
   537     2.1000E-02  2.0000E-02     4.8790E-02     2.9110E-07     5.9664E-06
   538     2.0000E-02  1.9000E-02     5.1293E-02     2.9510E-07     5.7532E-06
   539     1.9000E-02  1.8000E-02     5.4067E-02     2.7980E-07     5.1750E-06
   540     1.8000E-02  1.7000E-02     5.7158E-02     2.7170E-07     4.7535E-06
   541     1.7000E-02  1.6000E-02     6.0625E-02     2.6470E-07     4.3662E-06
   542     1.6000E-02  1.5000E-02     6.4539E-02     2.5560E-07     3.9604E-06
   543     1.5000E-02  1.4250E-02     5.1293E-02     1.8660E-07     3.6379E-06
   544     1.4250E-02  1.3500E-02     5.4067E-02     1.7860E-07     3.3033E-06
   545     1.3500E-02  1.2750E-02     5.7158E-02     1.7210E-07     3.0109E-06
   546     1.2750E-02  1.2000E-02     6.0625E-02     1.6820E-07     2.7745E-06
   547     1.2000E-02  1.1500E-02     4.2560E-02     1.1260E-07     2.6457E-06
   548     1.1500E-02  1.1000E-02     4.4452E-02     9.7710E-08     2.1981E-06
   549     1.1000E-02  1.0500E-02     4.6520E-02     9.3330E-08     2.0062E-06
   550     1.0500E-02  1.0000E-02     4.8790E-02     8.9450E-08     1.8334E-06
   551     1.0000E-02  9.6000E-03     4.0822E-02     8.1560E-08     1.9979E-06
   552     9.6000E-03  9.2000E-03     4.2560E-02     7.5430E-08     1.7723E-06
   553     9.2000E-03  8.8000E-03     4.4452E-02     7.1430E-08     1.6069E-06
   554     8.8000E-03  8.4000E-03     4.6520E-02     6.8230E-08     1.4667E-06
   555     8.4000E-03  8.0000E-03     4.8790E-02     6.6360E-08     1.3601E-06
   556     8.0000E-03  7.6000E-03     5.1293E-02     6.4400E-08     1.2555E-06
   557     7.6000E-03  7.2000E-03     5.4067E-02     6.8950E-08     1.2753E-06
   558     7.2000E-03  6.9000E-03     4.2560E-02     3.9200E-08     9.2106E-07
   559     6.9000E-03  6.6000E-03     4.4452E-02     3.6730E-08     8.2629E-07
   560     6.6000E-03  6.3000E-03     4.6520E-02     3.4720E-08     7.4635E-07
   561     6.3000E-03  6.0000E-03     4.8790E-02     3.3250E-08     6.8149E-07
   562     6.0000E-03  5.7500E-03     4.2560E-02     2.6290E-08     6.1772E-07
   563     5.7500E-03  5.5000E-03     4.4452E-02     2.5770E-08     5.7973E-07
   564     5.5000E-03  5.2500E-03     4.6520E-02     2.4440E-08     5.2537E-07
   565     5.2500E-03  5.0000E-03     4.8790E-02     2.3640E-08     4.8452E-07
   566     5.0000E-03  4.7500E-03     5.1293E-02     2.7220E-08     5.3067E-07
   567     4.7500E-03  4.5000E-03     5.4067E-02     2.3970E-08     4.4334E-07
   568     4.5000E-03  4.2500E-03     5.7158E-02     2.2520E-08     3.9399E-07
   569     4.2500E-03  4.0000E-03     6.0625E-02     2.0900E-08     3.4474E-07
   570     4.0000E-03  3.8000E-03     5.1293E-02     1.6020E-08     3.1232E-07
   571     3.8000E-03  3.6000E-03     5.4067E-02     1.5390E-08     2.8465E-07
   572     3.6000E-03  3.4000E-03     5.7158E-02     1.4860E-08     2.5998E-07
   573     3.4000E-03  3.2000E-03     6.0625E-02     1.6720E-08     2.7580E-07
   574     3.2000E-03  3.0000E-03     6.4539E-02     1.0460E-08     1.6207E-07
   575     3.0000E-03  2.8000E-03     6.8993E-02     9.9340E-09     1.4399E-07
   576     2.8000E-03  2.7000E-03     3.6368E-02     4.5300E-09     1.2456E-07
   577     2.7000E-03  2.5500E-03     5.7158E-02     6.4610E-09     1.1304E-07
   578     2.5500E-03  2.4000E-03     6.0625E-02     6.1650E-09     1.0169E-07
   579     2.4000E-03  2.3000E-03     4.2560E-02     3.9900E-09     9.3751E-08
   580     2.3000E-03  2.2000E-03     4.4452E-02     3.7310E-09     8.3934E-08
   581     2.2000E-03  2.1000E-03     4.6520E-02     3.4450E-09     7.4054E-08
   582     2.1000E-03  2.0000E-03     4.8790E-02     3.4890E-09     7.1510E-08
   583     2.0000E-03  1.9000E-03     5.1293E-02     3.0240E-09     5.8955E-08
   584     1.9000E-03  1.8000E-03     5.4067E-02     2.8530E-09     5.2768E-08
   585     1.8000E-03  1.7000E-03     5.7158E-02     2.6510E-09     4.6380E-08
   586     1.7000E-03  1.6000E-03     6.0625E-02     3.1370E-09     5.1745E-08
   587     1.6000E-03  1.5000E-03     6.4539E-02     2.6720E-09     4.1402E-08
   588     1.5000E-03  1.4250E-03     5.1293E-02     1.9100E-09     3.7237E-08
   589     1.4250E-03  1.3500E-03     5.4067E-02     1.9020E-09     3.5178E-08
   590     1.3500E-03  1.2750E-03     5.7158E-02     1.8110E-09     3.1684E-08
   591     1.2750E-03  1.2000E-03     6.0625E-02     1.6140E-09     2.6623E-08
   592     1.2000E-03  1.1500E-03     4.2560E-02     1.0630E-09     2.4977E-08
   593     1.1500E-03  1.1000E-03     4.4452E-02     1.0370E-09     2.3329E-08
   594     1.1000E-03  1.0500E-03     4.6520E-02     9.8130E-10     2.1094E-08
   595     1.0500E-03  1.0000E-03     4.8790E-02     9.5340E-10     1.9541E-08
   596     1.0000E-03  9.6000E-04     4.0822E-02     7.9550E-10     1.9487E-08
   597     9.6000E-04  9.2000E-04     4.2560E-02     8.2530E-10     1.9392E-08
   598     9.2000E-04  8.8000E-04     4.4452E-02     4.8450E-10     1.0899E-08
   599     8.8000E-04  8.4000E-04     4.6520E-02     4.8160E-10     1.0353E-08
   600     8.4000E-04  8.0000E-04     4.8790E-02     4.4080E-10     9.0346E-09
   601     8.0000E-04  7.6000E-04     5.1293E-02     3.9930E-10     7.7846E-09
   602     7.6000E-04  7.2000E-04     5.4067E-02     3.7970E-10     7.0227E-09
   603     7.2000E-04  6.9000E-04     4.2560E-02     2.5850E-10     6.0738E-09
   604     6.9000E-04  6.6000E-04     4.4452E-02     2.3690E-10     5.3294E-09
   605     6.6000E-04  6.3000E-04     4.6520E-02     2.4190E-10     5.1999E-09
   606     6.3000E-04  6.0000E-04     4.8790E-02     2.2060E-10     4.5214E-09
   607     6.0000E-04  5.7500E-04     4.2560E-02     1.6390E-10     3.8511E-09
   608     5.7500E-04  5.5000E-04     4.4452E-02     1.7090E-10     3.8446E-09
   609     5.5000E-04  5.2500E-04     4.6520E-02     1.4610E-10     3.1406E-09
   610     5.2500E-04  5.0000E-04     4.8790E-02     1.3720E-10     2.8120E-09
   611     5.0000E-04  4.7500E-04     5.1293E-02     1.2610E-10     2.4584E-09
   612     4.7500E-04  4.5000E-04     5.4067E-02     1.3940E-10     2.5783E-09
   613     4.5000E-04  4.2500E-04     5.7158E-02     1.1660E-10     2.0399E-09
   614     4.2500E-04  4.0000E-04     6.0625E-02     1.1220E-10     1.8507E-09
   615     4.0000E-04  3.8000E-04     5.1293E-02     8.7670E-11     1.7092E-09
   616     3.8000E-04  3.6000E-04     5.4067E-02     7.8780E-11     1.4571E-09
   617     3.6000E-04  3.4000E-04     5.7158E-02     7.0380E-11     1.2313E-09
   618     3.4000E-04  3.2000E-04     6.0625E-02     6.7100E-11     1.1068E-09
   619     3.2000E-04  3.0000E-04     6.4539E-02     6.3400E-11     9.8236E-10
   620     3.0000E-04  2.8000E-04     6.8993E-02     4.6710E-11     6.7703E-10
   621     2.8000E-04  2.7000E-04     3.6368E-02     3.0920E-11     8.5021E-10
   622     2.7000E-04  2.5500E-04     5.7158E-02     4.2760E-11     7.4810E-10
   623     2.5500E-04  2.4000E-04     6.0625E-02     3.9880E-11     6.5782E-10
   624     2.4000E-04  2.3000E-04     4.2560E-02     1.8870E-11     4.4338E-10
   625     2.3000E-04  2.2000E-04     4.4452E-02     1.8970E-11     4.2675E-10
   626     2.2000E-04  2.1000E-04     4.6520E-02     1.7600E-11     3.7833E-10
   627     2.1000E-04  2.0000E-04     4.8790E-02     2.1900E-11     4.4886E-10
   628     2.0000E-04  1.9000E-04     5.1293E-02     1.6140E-11     3.1466E-10
   629     1.9000E-04  1.8000E-04     5.4067E-02     1.4500E-11     2.6818E-10
   630     1.8000E-04  1.7000E-04     5.7158E-02     1.3180E-11     2.3059E-10
   631     1.7000E-04  1.6000E-04     6.0625E-02     9.7930E-12     1.6154E-10
   632     1.6000E-04  1.5000E-04     6.4539E-02     1.3420E-11     2.0794E-10
   633     1.5000E-04  1.4250E-04     5.1293E-02     9.6210E-12     1.8757E-10
   634     1.4250E-04  1.3500E-04     5.4067E-02     1.0250E-11     1.8958E-10
   635     1.3500E-04  1.2750E-04     5.7158E-02     6.7010E-12     1.1724E-10
   636     1.2750E-04  1.2000E-04     6.0625E-02     6.1860E-12     1.0204E-10
   637     1.2000E-04  1.1500E-04     4.2560E-02     4.4220E-12     1.0390E-10
   638     1.1500E-04  1.1000E-04     4.4452E-02     5.6660E-12     1.2746E-10
   639     1.1000E-04  1.0500E-04     4.6520E-02     4.1780E-12     8.9811E-11
   640     1.0500E-04  1.0000E-04     4.8790E-02     5.5650E-12     1.1406E-10
  TOTAL                                              1.9992E-04
