  GROUP      UPPER       LOWER         LETHARGY         DATA        DATA/LETHARGY

     1     1.0000E+09  9.6000E+08     4.0822E-02     0.0000E+00     0.0000E+00
     2     9.6000E+08  9.2000E+08     4.2560E-02     0.0000E+00     0.0000E+00
     3     9.2000E+08  8.8000E+08     4.4452E-02     0.0000E+00     0.0000E+00
     4     8.8000E+08  8.4000E+08     4.6520E-02     0.0000E+00     0.0000E+00
     5     8.4000E+08  8.0000E+08     4.8790E-02     0.0000E+00     0.0000E+00
     6     8.0000E+08  7.6000E+08     5.1293E-02     0.0000E+00     0.0000E+00
     7     7.6000E+08  7.2000E+08     5.4067E-02     0.0000E+00     0.0000E+00
     8     7.2000E+08  6.8000E+08     5.7158E-02     0.0000E+00     0.0000E+00
     9     6.8000E+08  6.4000E+08     6.0625E-02     0.0000E+00     0.0000E+00
    10     6.4000E+08  6.0000E+08     6.4539E-02     0.0000E+00     0.0000E+00
    11     6.0000E+08  5.6000E+08     6.8993E-02     0.0000E+00     0.0000E+00
    12     5.6000E+08  5.2000E+08     7.4108E-02     0.0000E+00     0.0000E+00
    13     5.2000E+08  4.8000E+08     8.0043E-02     0.0000E+00     0.0000E+00
    14     4.8000E+08  4.4000E+08     8.7011E-02     0.0000E+00     0.0000E+00
    15     4.4000E+08  4.0000E+08     9.5310E-02     0.0000E+00     0.0000E+00
    16     4.0000E+08  3.6000E+08     1.0536E-01     0.0000E+00     0.0000E+00
    17     3.6000E+08  3.2000E+08     1.1778E-01     0.0000E+00     0.0000E+00
    18     3.2000E+08  2.8000E+08     1.3353E-01     0.0000E+00     0.0000E+00
    19     2.8000E+08  2.4000E+08     1.5415E-01     0.0000E+00     0.0000E+00
    20     2.4000E+08  2.0000E+08     1.8232E-01     0.0000E+00     0.0000E+00
    21     2.0000E+08  1.8000E+08     1.0536E-01     0.0000E+00     0.0000E+00
    22     1.8000E+08  1.6000E+08     1.1778E-01     0.0000E+00     0.0000E+00
    23     1.6000E+08  1.5000E+08     6.4539E-02     0.0000E+00     0.0000E+00
    24     1.5000E+08  1.4000E+08     6.8993E-02     0.0000E+00     0.0000E+00
    25     1.4000E+08  1.3000E+08     7.4108E-02     0.0000E+00     0.0000E+00
    26     1.3000E+08  1.2000E+08     8.0043E-02     0.0000E+00     0.0000E+00
    27     1.2000E+08  1.1000E+08     8.7011E-02     0.0000E+00     0.0000E+00
    28     1.1000E+08  1.0000E+08     9.5310E-02     0.0000E+00     0.0000E+00
    29     1.0000E+08  9.0000E+07     1.0536E-01     0.0000E+00     0.0000E+00
    30     9.0000E+07  8.0000E+07     1.1778E-01     0.0000E+00     0.0000E+00
    31     8.0000E+07  7.5000E+07     6.4539E-02     0.0000E+00     0.0000E+00
    32     7.5000E+07  7.0000E+07     6.8993E-02     0.0000E+00     0.0000E+00
    33     7.0000E+07  6.5000E+07     7.4108E-02     0.0000E+00     0.0000E+00
    34     6.5000E+07  6.0000E+07     8.0043E-02     0.0000E+00     0.0000E+00
    35     6.0000E+07  5.8000E+07     3.3902E-02     0.0000E+00     0.0000E+00
    36     5.8000E+07  5.6000E+07     3.5091E-02     0.0000E+00     0.0000E+00
    37     5.6000E+07  5.4000E+07     3.6368E-02     0.0000E+00     0.0000E+00
    38     5.4000E+07  5.2000E+07     3.7740E-02     0.0000E+00     0.0000E+00
    39     5.2000E+07  5.0000E+07     3.9221E-02     0.0000E+00     0.0000E+00
    40     5.0000E+07  4.8000E+07     4.0822E-02     0.0000E+00     0.0000E+00
    41     4.8000E+07  4.6000E+07     4.2560E-02     0.0000E+00     0.0000E+00
    42     4.6000E+07  4.4000E+07     4.4452E-02     0.0000E+00     0.0000E+00
    43     4.4000E+07  4.2000E+07     4.6520E-02     0.0000E+00     0.0000E+00
    44     4.2000E+07  4.0000E+07     4.8790E-02     0.0000E+00     0.0000E+00
    45     4.0000E+07  3.8000E+07     5.1293E-02     0.0000E+00     0.0000E+00
    46     3.8000E+07  3.6000E+07     5.4067E-02     0.0000E+00     0.0000E+00
    47     3.6000E+07  3.4000E+07     5.7158E-02     0.0000E+00     0.0000E+00
    48     3.4000E+07  3.2000E+07     6.0625E-02     0.0000E+00     0.0000E+00
    49     3.2000E+07  3.0000E+07     6.4539E-02     0.0000E+00     0.0000E+00
    50     3.0000E+07  2.9000E+07     3.3902E-02     0.0000E+00     0.0000E+00
    51     2.9000E+07  2.8000E+07     3.5091E-02     0.0000E+00     0.0000E+00
    52     2.8000E+07  2.7000E+07     3.6368E-02     0.0000E+00     0.0000E+00
    53     2.7000E+07  2.6000E+07     3.7740E-02     0.0000E+00     0.0000E+00
    54     2.6000E+07  2.5000E+07     3.9221E-02     0.0000E+00     0.0000E+00
    55     2.5000E+07  2.4000E+07     4.0822E-02     0.0000E+00     0.0000E+00
    56     2.4000E+07  2.3000E+07     4.2560E-02     0.0000E+00     0.0000E+00
    57     2.3000E+07  2.2000E+07     4.4452E-02     0.0000E+00     0.0000E+00
    58     2.2000E+07  2.1000E+07     4.6520E-02     0.0000E+00     0.0000E+00
    59     2.1000E+07  2.0000E+07     4.8790E-02     0.0000E+00     0.0000E+00
    60     2.0000E+07  1.9800E+07     1.0050E-02     0.0000E+00     0.0000E+00
    61     1.9800E+07  1.9600E+07     1.0152E-02     0.0000E+00     0.0000E+00
    62     1.9600E+07  1.9400E+07     1.0257E-02     0.0000E+00     0.0000E+00
    63     1.9400E+07  1.9200E+07     1.0363E-02     0.0000E+00     0.0000E+00
    64     1.9200E+07  1.9000E+07     1.0471E-02     0.0000E+00     0.0000E+00
    65     1.9000E+07  1.8800E+07     1.0582E-02     0.0000E+00     0.0000E+00
    66     1.8800E+07  1.8600E+07     1.0695E-02     0.0000E+00     0.0000E+00
    67     1.8600E+07  1.8400E+07     1.0811E-02     0.0000E+00     0.0000E+00
    68     1.8400E+07  1.8200E+07     1.0929E-02     0.0000E+00     0.0000E+00
    69     1.8200E+07  1.8000E+07     1.1050E-02     0.0000E+00     0.0000E+00
    70     1.8000E+07  1.7800E+07     1.1173E-02     0.0000E+00     0.0000E+00
    71     1.7800E+07  1.7600E+07     1.1300E-02     0.0000E+00     0.0000E+00
    72     1.7600E+07  1.7400E+07     1.1429E-02     0.0000E+00     0.0000E+00
    73     1.7400E+07  1.7200E+07     1.1561E-02     0.0000E+00     0.0000E+00
    74     1.7200E+07  1.7000E+07     1.1696E-02     0.0000E+00     0.0000E+00
    75     1.7000E+07  1.6800E+07     1.1834E-02     0.0000E+00     0.0000E+00
    76     1.6800E+07  1.6600E+07     1.1976E-02     0.0000E+00     0.0000E+00
    77     1.6600E+07  1.6400E+07     1.2121E-02     0.0000E+00     0.0000E+00
    78     1.6400E+07  1.6200E+07     1.2270E-02     0.0000E+00     0.0000E+00
    79     1.6200E+07  1.6000E+07     1.2423E-02     0.0000E+00     0.0000E+00
    80     1.6000E+07  1.5800E+07     1.2579E-02     0.0000E+00     0.0000E+00
    81     1.5800E+07  1.5600E+07     1.2739E-02     0.0000E+00     0.0000E+00
    82     1.5600E+07  1.5400E+07     1.2903E-02     0.0000E+00     0.0000E+00
    83     1.5400E+07  1.5200E+07     1.3072E-02     0.0000E+00     0.0000E+00
    84     1.5200E+07  1.5000E+07     1.3245E-02     0.0000E+00     0.0000E+00
    85     1.5000E+07  1.4800E+07     1.3423E-02     0.0000E+00     0.0000E+00
    86     1.4800E+07  1.4600E+07     1.3606E-02     0.0000E+00     0.0000E+00
    87     1.4600E+07  1.4400E+07     1.3793E-02     0.0000E+00     0.0000E+00
    88     1.4400E+07  1.4200E+07     1.3986E-02     0.0000E+00     0.0000E+00
    89     1.4200E+07  1.4000E+07     1.4185E-02     0.0000E+00     0.0000E+00
    90     1.4000E+07  1.3800E+07     1.4389E-02     0.0000E+00     0.0000E+00
    91     1.3800E+07  1.3600E+07     1.4599E-02     0.0000E+00     0.0000E+00
    92     1.3600E+07  1.3400E+07     1.4815E-02     0.0000E+00     0.0000E+00
    93     1.3400E+07  1.3200E+07     1.5038E-02     0.0000E+00     0.0000E+00
    94     1.3200E+07  1.3000E+07     1.5267E-02     0.0000E+00     0.0000E+00
    95     1.3000E+07  1.2800E+07     1.5504E-02     0.0000E+00     0.0000E+00
    96     1.2800E+07  1.2600E+07     1.5748E-02     0.0000E+00     0.0000E+00
    97     1.2600E+07  1.2400E+07     1.6000E-02     0.0000E+00     0.0000E+00
    98     1.2400E+07  1.2200E+07     1.6261E-02     0.0000E+00     0.0000E+00
    99     1.2200E+07  1.2000E+07     1.6529E-02     0.0000E+00     0.0000E+00
   100     1.2000E+07  1.1800E+07     1.6807E-02     0.0000E+00     0.0000E+00
   101     1.1800E+07  1.1600E+07     1.7094E-02     0.0000E+00     0.0000E+00
   102     1.1600E+07  1.1400E+07     1.7392E-02     0.0000E+00     0.0000E+00
   103     1.1400E+07  1.1200E+07     1.7700E-02     0.0000E+00     0.0000E+00
   104     1.1200E+07  1.1000E+07     1.8019E-02     0.0000E+00     0.0000E+00
   105     1.1000E+07  1.0800E+07     1.8349E-02     0.0000E+00     0.0000E+00
   106     1.0800E+07  1.0600E+07     1.8692E-02     0.0000E+00     0.0000E+00
   107     1.0600E+07  1.0400E+07     1.9048E-02     0.0000E+00     0.0000E+00
   108     1.0400E+07  1.0200E+07     1.9418E-02     0.0000E+00     0.0000E+00
   109     1.0200E+07  1.0000E+07     1.9803E-02     0.0000E+00     0.0000E+00
   110     1.0000E+07  9.5499E+06     4.6052E-02     0.0000E+00     0.0000E+00
   111     9.5499E+06  9.1201E+06     4.6052E-02     0.0000E+00     0.0000E+00
   112     9.1201E+06  8.7096E+06     4.6052E-02     0.0000E+00     0.0000E+00
   113     8.7096E+06  8.3176E+06     4.6052E-02     0.0000E+00     0.0000E+00
   114     8.3176E+06  7.9433E+06     4.6052E-02     0.0000E+00     0.0000E+00
   115     7.9433E+06  7.5858E+06     4.6052E-02     0.0000E+00     0.0000E+00
   116     7.5858E+06  7.2444E+06     4.6052E-02     0.0000E+00     0.0000E+00
   117     7.2444E+06  6.9183E+06     4.6052E-02     0.0000E+00     0.0000E+00
   118     6.9183E+06  6.6069E+06     4.6052E-02     0.0000E+00     0.0000E+00
   119     6.6069E+06  6.3096E+06     4.6052E-02     0.0000E+00     0.0000E+00
   120     6.3096E+06  6.0256E+06     4.6052E-02     0.0000E+00     0.0000E+00
   121     6.0256E+06  5.7544E+06     4.6052E-02     0.0000E+00     0.0000E+00
   122     5.7544E+06  5.4954E+06     4.6052E-02     0.0000E+00     0.0000E+00
   123     5.4954E+06  5.2481E+06     4.6052E-02     0.0000E+00     0.0000E+00
   124     5.2481E+06  5.0119E+06     4.6052E-02     0.0000E+00     0.0000E+00
   125     5.0119E+06  4.7863E+06     4.6052E-02     0.0000E+00     0.0000E+00
   126     4.7863E+06  4.5709E+06     4.6052E-02     0.0000E+00     0.0000E+00
   127     4.5709E+06  4.3652E+06     4.6052E-02     0.0000E+00     0.0000E+00
   128     4.3652E+06  4.1687E+06     4.6052E-02     0.0000E+00     0.0000E+00
   129     4.1687E+06  3.9811E+06     4.6052E-02     0.0000E+00     0.0000E+00
   130     3.9811E+06  3.8019E+06     4.6052E-02     0.0000E+00     0.0000E+00
   131     3.8019E+06  3.6308E+06     4.6052E-02     0.0000E+00     0.0000E+00
   132     3.6308E+06  3.4674E+06     4.6052E-02     0.0000E+00     0.0000E+00
   133     3.4674E+06  3.3113E+06     4.6052E-02     0.0000E+00     0.0000E+00
   134     3.3113E+06  3.1623E+06     4.6052E-02     0.0000E+00     0.0000E+00
   135     3.1623E+06  3.0200E+06     4.6052E-02     0.0000E+00     0.0000E+00
   136     3.0200E+06  2.8840E+06     4.6052E-02     0.0000E+00     0.0000E+00
   137     2.8840E+06  2.7542E+06     4.6052E-02     0.0000E+00     0.0000E+00
   138     2.7542E+06  2.6303E+06     4.6052E-02     0.0000E+00     0.0000E+00
   139     2.6303E+06  2.5119E+06     4.6052E-02     0.0000E+00     0.0000E+00
   140     2.5119E+06  2.3988E+06     4.6051E-02     0.0000E+00     0.0000E+00
   141     2.3988E+06  2.2909E+06     4.6052E-02     0.0000E+00     0.0000E+00
   142     2.2909E+06  2.1878E+06     4.6052E-02     0.0000E+00     0.0000E+00
   143     2.1878E+06  2.0893E+06     4.6052E-02     0.0000E+00     0.0000E+00
   144     2.0893E+06  1.9953E+06     4.6052E-02     0.0000E+00     0.0000E+00
   145     1.9953E+06  1.9055E+06     4.6051E-02     0.0000E+00     0.0000E+00
   146     1.9055E+06  1.8197E+06     4.6052E-02     0.0000E+00     0.0000E+00
   147     1.8197E+06  1.7378E+06     4.6052E-02     0.0000E+00     0.0000E+00
   148     1.7378E+06  1.6596E+06     4.6052E-02     0.0000E+00     0.0000E+00
   149     1.6596E+06  1.5849E+06     4.6052E-02     0.0000E+00     0.0000E+00
   150     1.5849E+06  1.5136E+06     4.6052E-02     0.0000E+00     0.0000E+00
   151     1.5136E+06  1.4454E+06     4.6051E-02     0.0000E+00     0.0000E+00
   152     1.4454E+06  1.3804E+06     4.6052E-02     0.0000E+00     0.0000E+00
   153     1.3804E+06  1.3183E+06     4.6051E-02     0.0000E+00     0.0000E+00
   154     1.3183E+06  1.2589E+06     4.6052E-02     0.0000E+00     0.0000E+00
   155     1.2589E+06  1.2023E+06     4.6052E-02     0.0000E+00     0.0000E+00
   156     1.2023E+06  1.1482E+06     4.6051E-02     0.0000E+00     0.0000E+00
   157     1.1482E+06  1.0965E+06     4.6052E-02     0.0000E+00     0.0000E+00
   158     1.0965E+06  1.0471E+06     4.6051E-02     0.0000E+00     0.0000E+00
   159     1.0471E+06  1.0000E+06     4.6052E-02     0.0000E+00     0.0000E+00
   160     1.0000E+06  9.5499E+05     4.6052E-02     0.0000E+00     0.0000E+00
   161     9.5499E+05  9.1201E+05     4.6052E-02     0.0000E+00     0.0000E+00
   162     9.1201E+05  8.7096E+05     4.6052E-02     0.0000E+00     0.0000E+00
   163     8.7096E+05  8.3176E+05     4.6052E-02     0.0000E+00     0.0000E+00
   164     8.3176E+05  7.9433E+05     4.6052E-02     0.0000E+00     0.0000E+00
   165     7.9433E+05  7.5858E+05     4.6052E-02     0.0000E+00     0.0000E+00
   166     7.5858E+05  7.2444E+05     4.6052E-02     0.0000E+00     0.0000E+00
   167     7.2444E+05  6.9183E+05     4.6052E-02     0.0000E+00     0.0000E+00
   168     6.9183E+05  6.6069E+05     4.6052E-02     0.0000E+00     0.0000E+00
   169     6.6069E+05  6.3096E+05     4.6052E-02     0.0000E+00     0.0000E+00
   170     6.3096E+05  6.0256E+05     4.6052E-02     0.0000E+00     0.0000E+00
   171     6.0256E+05  5.7544E+05     4.6052E-02     0.0000E+00     0.0000E+00
   172     5.7544E+05  5.4954E+05     4.6052E-02     0.0000E+00     0.0000E+00
   173     5.4954E+05  5.2481E+05     4.6052E-02     0.0000E+00     0.0000E+00
   174     5.2481E+05  5.0119E+05     4.6052E-02     0.0000E+00     0.0000E+00
   175     5.0119E+05  4.7863E+05     4.6052E-02     0.0000E+00     0.0000E+00
   176     4.7863E+05  4.5709E+05     4.6052E-02     0.0000E+00     0.0000E+00
   177     4.5709E+05  4.3652E+05     4.6052E-02     0.0000E+00     0.0000E+00
   178     4.3652E+05  4.1687E+05     4.6052E-02     0.0000E+00     0.0000E+00
   179     4.1687E+05  3.9811E+05     4.6052E-02     0.0000E+00     0.0000E+00
   180     3.9811E+05  3.8019E+05     4.6052E-02     0.0000E+00     0.0000E+00
   181     3.8019E+05  3.6308E+05     4.6052E-02     0.0000E+00     0.0000E+00
   182     3.6308E+05  3.4674E+05     4.6052E-02     0.0000E+00     0.0000E+00
   183     3.4674E+05  3.3113E+05     4.6052E-02     0.0000E+00     0.0000E+00
   184     3.3113E+05  3.1623E+05     4.6052E-02     0.0000E+00     0.0000E+00
   185     3.1623E+05  3.0200E+05     4.6052E-02     0.0000E+00     0.0000E+00
   186     3.0200E+05  2.8840E+05     4.6052E-02     0.0000E+00     0.0000E+00
   187     2.8840E+05  2.7542E+05     4.6052E-02     0.0000E+00     0.0000E+00
   188     2.7542E+05  2.6303E+05     4.6052E-02     0.0000E+00     0.0000E+00
   189     2.6303E+05  2.5119E+05     4.6052E-02     0.0000E+00     0.0000E+00
   190     2.5119E+05  2.3988E+05     4.6051E-02     0.0000E+00     0.0000E+00
   191     2.3988E+05  2.2909E+05     4.6052E-02     0.0000E+00     0.0000E+00
   192     2.2909E+05  2.1878E+05     4.6052E-02     0.0000E+00     0.0000E+00
   193     2.1878E+05  2.0893E+05     4.6052E-02     0.0000E+00     0.0000E+00
   194     2.0893E+05  1.9953E+05     4.6052E-02     0.0000E+00     0.0000E+00
   195     1.9953E+05  1.9055E+05     4.6051E-02     0.0000E+00     0.0000E+00
   196     1.9055E+05  1.8197E+05     4.6052E-02     0.0000E+00     0.0000E+00
   197     1.8197E+05  1.7378E+05     4.6052E-02     0.0000E+00     0.0000E+00
   198     1.7378E+05  1.6596E+05     4.6052E-02     0.0000E+00     0.0000E+00
   199     1.6596E+05  1.5849E+05     4.6052E-02     0.0000E+00     0.0000E+00
   200     1.5849E+05  1.5136E+05     4.6052E-02     0.0000E+00     0.0000E+00
   201     1.5136E+05  1.4454E+05     4.6051E-02     0.0000E+00     0.0000E+00
   202     1.4454E+05  1.3804E+05     4.6052E-02     0.0000E+00     0.0000E+00
   203     1.3804E+05  1.3183E+05     4.6051E-02     0.0000E+00     0.0000E+00
   204     1.3183E+05  1.2589E+05     4.6052E-02     0.0000E+00     0.0000E+00
   205     1.2589E+05  1.2023E+05     4.6052E-02     0.0000E+00     0.0000E+00
   206     1.2023E+05  1.1482E+05     4.6051E-02     0.0000E+00     0.0000E+00
   207     1.1482E+05  1.0965E+05     4.6052E-02     0.0000E+00     0.0000E+00
   208     1.0965E+05  1.0471E+05     4.6051E-02     0.0000E+00     0.0000E+00
   209     1.0471E+05  1.0000E+05     4.6052E-02     0.0000E+00     0.0000E+00
   210     1.0000E+05  9.5499E+04     4.6052E-02     0.0000E+00     0.0000E+00
   211     9.5499E+04  9.1201E+04     4.6052E-02     0.0000E+00     0.0000E+00
   212     9.1201E+04  8.7096E+04     4.6052E-02     0.0000E+00     0.0000E+00
   213     8.7096E+04  8.3176E+04     4.6052E-02     0.0000E+00     0.0000E+00
   214     8.3176E+04  7.9433E+04     4.6052E-02     0.0000E+00     0.0000E+00
   215     7.9433E+04  7.5858E+04     4.6052E-02     0.0000E+00     0.0000E+00
   216     7.5858E+04  7.2444E+04     4.6052E-02     0.0000E+00     0.0000E+00
   217     7.2444E+04  6.9183E+04     4.6052E-02     0.0000E+00     0.0000E+00
   218     6.9183E+04  6.6069E+04     4.6052E-02     0.0000E+00     0.0000E+00
   219     6.6069E+04  6.3096E+04     4.6052E-02     0.0000E+00     0.0000E+00
   220     6.3096E+04  6.0256E+04     4.6052E-02     0.0000E+00     0.0000E+00
   221     6.0256E+04  5.7544E+04     4.6052E-02     0.0000E+00     0.0000E+00
   222     5.7544E+04  5.4954E+04     4.6052E-02     0.0000E+00     0.0000E+00
   223     5.4954E+04  5.2481E+04     4.6052E-02     0.0000E+00     0.0000E+00
   224     5.2481E+04  5.0119E+04     4.6052E-02     0.0000E+00     0.0000E+00
   225     5.0119E+04  4.7863E+04     4.6052E-02     1.0000E-20     2.1715E-19
   226     4.7863E+04  4.5709E+04     4.6052E-02     7.0000E-20     1.5200E-18
   227     4.5709E+04  4.3652E+04     4.6052E-02     5.8000E-19     1.2595E-17
   228     4.3652E+04  4.1687E+04     4.6052E-02     4.2700E-18     9.2722E-17
   229     4.1687E+04  3.9811E+04     4.6052E-02     2.8530E-17     6.1952E-16
   230     3.9811E+04  3.8019E+04     4.6052E-02     1.7620E-16     3.8261E-15
   231     3.8019E+04  3.6308E+04     4.6052E-02     9.9100E-16     2.1519E-14
   232     3.6308E+04  3.4674E+04     4.6052E-02     5.1470E-15     1.1177E-13
   233     3.4674E+04  3.3113E+04     4.6052E-02     2.4940E-14     5.4156E-13
   234     3.3113E+04  3.1623E+04     4.6052E-02     1.1110E-13     2.4125E-12
   235     3.1623E+04  3.0200E+04     4.6052E-02     4.6170E-13     1.0026E-11
   236     3.0200E+04  2.8840E+04     4.6052E-02     1.7860E-12     3.8783E-11
   237     2.8840E+04  2.7542E+04     4.6052E-02     6.5170E-12     1.4151E-10
   238     2.7542E+04  2.6303E+04     4.6052E-02     2.2350E-11     4.8532E-10
   239     2.6303E+04  2.5119E+04     4.6052E-02     7.2070E-11     1.5650E-09
   240     2.5119E+04  2.3988E+04     4.6051E-02     2.1840E-10     4.7425E-09
   241     2.3988E+04  2.2909E+04     4.6052E-02     6.3120E-10     1.3706E-08
   242     2.2909E+04  2.1878E+04     4.6052E-02     1.7320E-09     3.7610E-08
   243     2.1878E+04  2.0893E+04     4.6052E-02     4.5110E-09     9.7955E-08
   244     2.0893E+04  1.9953E+04     4.6052E-02     1.1330E-08     2.4603E-07
   245     1.9953E+04  1.9055E+04     4.6051E-02     2.6870E-08     5.8348E-07
   246     1.9055E+04  1.8197E+04     4.6052E-02     6.1460E-08     1.3346E-06
   247     1.8197E+04  1.7378E+04     4.6052E-02     1.3260E-07     2.8794E-06
   248     1.7378E+04  1.6596E+04     4.6052E-02     2.8100E-07     6.1018E-06
   249     1.6596E+04  1.5849E+04     4.6052E-02     5.6660E-07     1.2304E-05
   250     1.5849E+04  1.5136E+04     4.6052E-02     1.1160E-06     2.4234E-05
   251     1.5136E+04  1.4454E+04     4.6051E-02     2.0890E-06     4.5362E-05
   252     1.4454E+04  1.3804E+04     4.6052E-02     3.8990E-06     8.4665E-05
   253     1.3804E+04  1.3183E+04     4.6051E-02     6.8400E-06     1.4853E-04
   254     1.3183E+04  1.2589E+04     4.6052E-02     1.1740E-05     2.5493E-04
   255     1.2589E+04  1.2023E+04     4.6052E-02     1.9510E-05     4.2365E-04
   256     1.2023E+04  1.1482E+04     4.6051E-02     3.2130E-05     6.9770E-04
   257     1.1482E+04  1.0965E+04     4.6052E-02     5.0560E-05     1.0979E-03
   258     1.0965E+04  1.0471E+04     4.6051E-02     7.8930E-05     1.7140E-03
   259     1.0471E+04  1.0000E+04     4.6052E-02     1.1760E-04     2.5536E-03
   260     1.0000E+04  9.5499E+03     4.6052E-02     1.7390E-04     3.7762E-03
   261     9.5499E+03  9.1201E+03     4.6052E-02     2.5180E-04     5.4678E-03
   262     9.1201E+03  8.7096E+03     4.6052E-02     3.5650E-04     7.7413E-03
   263     8.7096E+03  8.3176E+03     4.6052E-02     4.9380E-04     1.0723E-02
   264     8.3176E+03  7.9433E+03     4.6052E-02     6.7290E-04     1.4612E-02
   265     7.9433E+03  7.5858E+03     4.6052E-02     9.0160E-04     1.9578E-02
   266     7.5858E+03  7.2444E+03     4.6052E-02     1.1810E-03     2.5645E-02
   267     7.2444E+03  6.9183E+03     4.6052E-02     1.5320E-03     3.3267E-02
   268     6.9183E+03  6.6069E+03     4.6052E-02     1.9470E-03     4.2278E-02
   269     6.6069E+03  6.3096E+03     4.6052E-02     2.4390E-03     5.2962E-02
   270     6.3096E+03  6.0256E+03     4.6052E-02     3.0140E-03     6.5448E-02
   271     6.0256E+03  5.7544E+03     4.6052E-02     3.6790E-03     7.9888E-02
   272     5.7544E+03  5.4954E+03     4.6052E-02     4.4420E-03     9.6457E-02
   273     5.4954E+03  5.2481E+03     4.6052E-02     5.2660E-03     1.1435E-01
   274     5.2481E+03  5.0119E+03     4.6052E-02     6.1760E-03     1.3411E-01
   275     5.0119E+03  4.7863E+03     4.6052E-02     7.1730E-03     1.5576E-01
   276     4.7863E+03  4.5709E+03     4.6052E-02     8.2630E-03     1.7943E-01
   277     4.5709E+03  4.3652E+03     4.6052E-02     9.3580E-03     2.0321E-01
   278     4.3652E+03  4.1687E+03     4.6052E-02     1.0570E-02     2.2953E-01
   279     4.1687E+03  3.9811E+03     4.6052E-02     1.1740E-02     2.5493E-01
   280     3.9811E+03  3.8019E+03     4.6052E-02     1.3030E-02     2.8294E-01
   281     3.8019E+03  3.6308E+03     4.6052E-02     1.4230E-02     3.0900E-01
   282     3.6308E+03  3.4674E+03     4.6052E-02     1.5460E-02     3.3571E-01
   283     3.4674E+03  3.3113E+03     4.6052E-02     1.6740E-02     3.6350E-01
   284     3.3113E+03  3.1623E+03     4.6052E-02     1.7850E-02     3.8761E-01
   285     3.1623E+03  3.0200E+03     4.6052E-02     1.8960E-02     4.1171E-01
   286     3.0200E+03  2.8840E+03     4.6052E-02     1.9960E-02     4.3343E-01
   287     2.8840E+03  2.7542E+03     4.6052E-02     2.0980E-02     4.5557E-01
   288     2.7542E+03  2.6303E+03     4.6052E-02     2.1870E-02     4.7490E-01
   289     2.6303E+03  2.5119E+03     4.6052E-02     2.2620E-02     4.9119E-01
   290     2.5119E+03  2.3988E+03     4.6051E-02     2.3200E-02     5.0378E-01
   291     2.3988E+03  2.2909E+03     4.6052E-02     2.3820E-02     5.1725E-01
   292     2.2909E+03  2.1878E+03     4.6052E-02     2.4280E-02     5.2723E-01
   293     2.1878E+03  2.0893E+03     4.6052E-02     2.4570E-02     5.3353E-01
   294     2.0893E+03  1.9953E+03     4.6052E-02     2.4950E-02     5.4178E-01
   295     1.9953E+03  1.9055E+03     4.6051E-02     2.4910E-02     5.4092E-01
   296     1.9055E+03  1.8197E+03     4.6052E-02     2.4970E-02     5.4222E-01
   297     1.8197E+03  1.7378E+03     4.6052E-02     2.4580E-02     5.3375E-01
   298     1.7378E+03  1.6596E+03     4.6052E-02     2.4620E-02     5.3462E-01
   299     1.6596E+03  1.5849E+03     4.6052E-02     2.4230E-02     5.2615E-01
   300     1.5849E+03  1.5136E+03     4.6052E-02     2.4020E-02     5.2159E-01
   301     1.5136E+03  1.4454E+03     4.6051E-02     2.3360E-02     5.0726E-01
   302     1.4454E+03  1.3804E+03     4.6052E-02     2.3250E-02     5.0486E-01
   303     1.3804E+03  1.3183E+03     4.6051E-02     2.2360E-02     4.8555E-01
   304     1.3183E+03  1.2589E+03     4.6052E-02     2.1700E-02     4.7120E-01
   305     1.2589E+03  1.2023E+03     4.6052E-02     2.0960E-02     4.5514E-01
   306     1.2023E+03  1.1482E+03     4.6051E-02     2.0490E-02     4.4494E-01
   307     1.1482E+03  1.0965E+03     4.6052E-02     1.9590E-02     4.2539E-01
   308     1.0965E+03  1.0471E+03     4.6051E-02     1.9000E-02     4.1259E-01
   309     1.0471E+03  1.0000E+03     4.6052E-02     1.7980E-02     3.9043E-01
   310     1.0000E+03  9.5499E+02     4.6052E-02     1.7280E-02     3.7523E-01
   311     9.5499E+02  9.1201E+02     4.6052E-02     1.6550E-02     3.5938E-01
   312     9.1201E+02  8.7096E+02     4.6052E-02     1.5780E-02     3.4266E-01
   313     8.7096E+02  8.3176E+02     4.6052E-02     1.4990E-02     3.2550E-01
   314     8.3176E+02  7.9433E+02     4.6052E-02     1.4240E-02     3.0922E-01
   315     7.9433E+02  7.5858E+02     4.6052E-02     1.3520E-02     2.9358E-01
   316     7.5858E+02  7.2444E+02     4.6052E-02     1.2750E-02     2.7686E-01
   317     7.2444E+02  6.9183E+02     4.6052E-02     1.2080E-02     2.6231E-01
   318     6.9183E+02  6.6069E+02     4.6052E-02     1.1370E-02     2.4690E-01
   319     6.6069E+02  6.3096E+02     4.6052E-02     1.0690E-02     2.3213E-01
   320     6.3096E+02  6.0256E+02     4.6052E-02     1.0050E-02     2.1823E-01
   321     6.0256E+02  5.7544E+02     4.6052E-02     9.4530E-03     2.0527E-01
   322     5.7544E+02  5.4954E+02     4.6052E-02     8.8890E-03     1.9302E-01
   323     5.4954E+02  5.2481E+02     4.6052E-02     8.3000E-03     1.8023E-01
   324     5.2481E+02  5.0119E+02     4.6052E-02     7.7530E-03     1.6835E-01
   325     5.0119E+02  4.7863E+02     4.6052E-02     7.2480E-03     1.5739E-01
   326     4.7863E+02  4.5709E+02     4.6052E-02     6.7830E-03     1.4729E-01
   327     4.5709E+02  4.3652E+02     4.6052E-02     6.3000E-03     1.3680E-01
   328     4.3652E+02  4.1687E+02     4.6052E-02     5.8870E-03     1.2783E-01
   329     4.1687E+02  3.9811E+02     4.6052E-02     5.4580E-03     1.1852E-01
   330     3.9811E+02  3.8019E+02     4.6052E-02     5.0970E-03     1.1068E-01
   331     3.8019E+02  3.6308E+02     4.6052E-02     4.7200E-03     1.0249E-01
   332     3.6308E+02  3.4674E+02     4.6052E-02     4.3820E-03     9.5154E-02
   333     3.4674E+02  3.3113E+02     4.6052E-02     4.0810E-03     8.8617E-02
   334     3.3113E+02  3.1623E+02     4.6052E-02     3.7670E-03     8.1800E-02
   335     3.1623E+02  3.0200E+02     4.6052E-02     3.4890E-03     7.5763E-02
   336     3.0200E+02  2.8840E+02     4.6052E-02     3.2220E-03     6.9965E-02
   337     2.8840E+02  2.7542E+02     4.6052E-02     2.9880E-03     6.4884E-02
   338     2.7542E+02  2.6303E+02     4.6052E-02     2.7640E-03     6.0019E-02
   339     2.6303E+02  2.5119E+02     4.6052E-02     2.5500E-03     5.5372E-02
   340     2.5119E+02  2.3988E+02     4.6051E-02     2.3460E-03     5.0943E-02
   341     2.3988E+02  2.2909E+02     4.6052E-02     2.1710E-03     4.7143E-02
   342     2.2909E+02  2.1878E+02     4.6052E-02     2.0030E-03     4.3495E-02
   343     2.1878E+02  2.0893E+02     4.6052E-02     1.8440E-03     4.0042E-02
   344     2.0893E+02  1.9953E+02     4.6052E-02     1.7090E-03     3.7110E-02
   345     1.9953E+02  1.9055E+02     4.6051E-02     1.5650E-03     3.3984E-02
   346     1.9055E+02  1.8197E+02     4.6052E-02     1.4440E-03     3.1356E-02
   347     1.8197E+02  1.7378E+02     4.6052E-02     1.3140E-03     2.8533E-02
   348     1.7378E+02  1.6596E+02     4.6052E-02     1.2210E-03     2.6514E-02
   349     1.6596E+02  1.5849E+02     4.6052E-02     1.1180E-03     2.4277E-02
   350     1.5849E+02  1.5136E+02     4.6052E-02     1.0350E-03     2.2475E-02
   351     1.5136E+02  1.4454E+02     4.6051E-02     9.4220E-04     2.0460E-02
   352     1.4454E+02  1.3804E+02     4.6052E-02     8.8040E-04     1.9117E-02
   353     1.3804E+02  1.3183E+02     4.6051E-02     7.9720E-04     1.7311E-02
   354     1.3183E+02  1.2589E+02     4.6052E-02     7.3080E-04     1.5869E-02
   355     1.2589E+02  1.2023E+02     4.6052E-02     6.6830E-04     1.4512E-02
   356     1.2023E+02  1.1482E+02     4.6051E-02     6.2020E-04     1.3468E-02
   357     1.1482E+02  1.0965E+02     4.6052E-02     5.6410E-04     1.2249E-02
   358     1.0965E+02  1.0471E+02     4.6051E-02     5.2150E-04     1.1324E-02
   359     1.0471E+02  1.0000E+02     4.6052E-02     4.7170E-04     1.0243E-02
   360     1.0000E+02  9.5499E+01     4.6052E-02     4.3420E-04     9.4285E-03
   361     9.5499E+01  9.1201E+01     4.6052E-02     3.9890E-04     8.6620E-03
   362     9.1201E+01  8.7096E+01     4.6052E-02     3.6560E-04     7.9389E-03
   363     8.7096E+01  8.3176E+01     4.6052E-02     3.3430E-04     7.2592E-03
   364     8.3176E+01  7.9433E+01     4.6052E-02     3.0650E-04     6.6556E-03
   365     7.9433E+01  7.5858E+01     4.6052E-02     2.8110E-04     6.1040E-03
   366     7.5858E+01  7.2444E+01     4.6052E-02     2.5650E-04     5.5698E-03
   367     7.2444E+01  6.9183E+01     4.6052E-02     2.3550E-04     5.1138E-03
   368     6.9183E+01  6.6069E+01     4.6052E-02     2.1510E-04     4.6708E-03
   369     6.6069E+01  6.3096E+01     4.6052E-02     1.9660E-04     4.2691E-03
   370     6.3096E+01  6.0256E+01     4.6052E-02     1.7980E-04     3.9043E-03
   371     6.0256E+01  5.7544E+01     4.6052E-02     1.6470E-04     3.5764E-03
   372     5.7544E+01  5.4954E+01     4.6052E-02     1.5100E-04     3.2789E-03
   373     5.4954E+01  5.2481E+01     4.6052E-02     1.3770E-04     2.9901E-03
   374     5.2481E+01  5.0119E+01     4.6052E-02     1.2570E-04     2.7295E-03
   375     5.0119E+01  4.7863E+01     4.6052E-02     1.1500E-04     2.4972E-03
   376     4.7863E+01  4.5709E+01     4.6052E-02     1.0540E-04     2.2887E-03
   377     4.5709E+01  4.3652E+01     4.6052E-02     9.5990E-05     2.0844E-03
   378     4.3652E+01  4.1687E+01     4.6052E-02     8.8020E-05     1.9113E-03
   379     4.1687E+01  3.9811E+01     4.6052E-02     8.0140E-05     1.7402E-03
   380     3.9811E+01  3.8019E+01     4.6052E-02     7.3550E-05     1.5971E-03
   381     3.8019E+01  3.6308E+01     4.6052E-02     6.7000E-05     1.4549E-03
   382     3.6308E+01  3.4674E+01     4.6052E-02     6.1230E-05     1.3296E-03
   383     3.4674E+01  3.3113E+01     4.6052E-02     5.6170E-05     1.2197E-03
   384     3.3113E+01  3.1623E+01     4.6052E-02     5.1110E-05     1.1098E-03
   385     3.1623E+01  3.0200E+01     4.6052E-02     4.6690E-05     1.0139E-03
   386     3.0200E+01  2.8840E+01     4.6052E-02     4.2560E-05     9.2418E-04
   387     2.8840E+01  2.7542E+01     4.6052E-02     3.8980E-05     8.4644E-04
   388     2.7542E+01  2.6303E+01     4.6052E-02     3.5630E-05     7.7369E-04
   389     2.6303E+01  2.5119E+01     4.6052E-02     3.2490E-05     7.0551E-04
   390     2.5119E+01  2.3988E+01     4.6051E-02     2.9570E-05     6.4211E-04
   391     2.3988E+01  2.2909E+01     4.6052E-02     2.7070E-05     5.8782E-04
   392     2.2909E+01  2.1878E+01     4.6052E-02     2.4740E-05     5.3722E-04
   393     2.1878E+01  2.0893E+01     4.6052E-02     2.2560E-05     4.8988E-04
   394     2.0893E+01  1.9953E+01     4.6052E-02     2.0720E-05     4.4993E-04
   395     1.9953E+01  1.9055E+01     4.6051E-02     1.8810E-05     4.0846E-04
   396     1.9055E+01  1.8197E+01     4.6052E-02     1.7210E-05     3.7371E-04
   397     1.8197E+01  1.7378E+01     4.6052E-02     1.5540E-05     3.3745E-04
   398     1.7378E+01  1.6596E+01     4.6052E-02     1.4330E-05     3.1117E-04
   399     1.6596E+01  1.5849E+01     4.6052E-02     1.3030E-05     2.8294E-04
   400     1.5849E+01  1.5136E+01     4.6052E-02     1.1970E-05     2.5993E-04
   401     1.5136E+01  1.4454E+01     4.6051E-02     1.0830E-05     2.3517E-04
   402     1.4454E+01  1.3804E+01     4.6052E-02     1.0060E-05     2.1845E-04
   403     1.3804E+01  1.3183E+01     4.6051E-02     9.0520E-06     1.9656E-04
   404     1.3183E+01  1.2589E+01     4.6052E-02     8.2520E-06     1.7919E-04
   405     1.2589E+01  1.2023E+01     4.6052E-02     7.5050E-06     1.6297E-04
   406     1.2023E+01  1.1482E+01     4.6051E-02     6.9280E-06     1.5044E-04
   407     1.1482E+01  1.0965E+01     4.6052E-02     6.2710E-06     1.3617E-04
   408     1.0965E+01  1.0471E+01     4.6051E-02     5.7690E-06     1.2527E-04
   409     1.0471E+01  1.0000E+01     4.6052E-02     5.1940E-06     1.1279E-04
   410     1.0000E+01  9.5499E+00     4.6052E-02     4.7610E-06     1.0338E-04
   411     9.5499E+00  9.1201E+00     4.6052E-02     4.3560E-06     9.4589E-05
   412     9.1201E+00  8.7096E+00     4.6052E-02     3.9770E-06     8.6360E-05
   413     8.7096E+00  8.3176E+00     4.6052E-02     3.6230E-06     7.8672E-05
   414     8.3176E+00  7.9433E+00     4.6052E-02     3.3090E-06     7.1854E-05
   415     7.9433E+00  7.5858E+00     4.6052E-02     3.0240E-06     6.5665E-05
   416     7.5858E+00  7.2444E+00     4.6052E-02     2.7500E-06     5.9716E-05
   417     7.2444E+00  6.9183E+00     4.6052E-02     2.5170E-06     5.4656E-05
   418     6.9183E+00  6.6069E+00     4.6052E-02     2.2920E-06     4.9770E-05
   419     6.6069E+00  6.3096E+00     4.6052E-02     2.0890E-06     4.5362E-05
   420     6.3096E+00  6.0256E+00     4.6052E-02     1.9060E-06     4.1388E-05
   421     6.0256E+00  5.7544E+00     4.6052E-02     1.7410E-06     3.7805E-05
   422     5.7544E+00  5.4954E+00     4.6052E-02     1.5930E-06     3.4592E-05
   423     5.4954E+00  5.2481E+00     4.6052E-02     1.4490E-06     3.1465E-05
   424     5.2481E+00  5.0119E+00     4.6052E-02     1.3200E-06     2.8663E-05
   425     5.0119E+00  4.7863E+00     4.6052E-02     1.2040E-06     2.6145E-05
   426     4.7863E+00  4.5709E+00     4.6052E-02     1.1020E-06     2.3930E-05
   427     4.5709E+00  4.3652E+00     4.6052E-02     1.0010E-06     2.1736E-05
   428     4.3652E+00  4.1687E+00     4.6052E-02     9.1630E-07     1.9897E-05
   429     4.1687E+00  3.9811E+00     4.6052E-02     8.3280E-07     1.8084E-05
   430     3.9811E+00  3.8019E+00     4.6052E-02     7.6300E-07     1.6568E-05
   431     3.8019E+00  3.6308E+00     4.6052E-02     6.9390E-07     1.5068E-05
   432     3.6308E+00  3.4674E+00     4.6052E-02     6.3320E-07     1.3750E-05
   433     3.4674E+00  3.3113E+00     4.6052E-02     5.8000E-07     1.2594E-05
   434     3.3113E+00  3.1623E+00     4.6052E-02     5.2690E-07     1.1442E-05
   435     3.1623E+00  3.0200E+00     4.6052E-02     4.8070E-07     1.0438E-05
   436     3.0200E+00  2.8840E+00     4.6052E-02     4.3760E-07     9.5024E-06
   437     2.8840E+00  2.7542E+00     4.6052E-02     4.0030E-07     8.6924E-06
   438     2.7542E+00  2.6303E+00     4.6052E-02     3.6540E-07     7.9345E-06
   439     2.6303E+00  2.5119E+00     4.6052E-02     3.3290E-07     7.2288E-06
   440     2.5119E+00  2.3988E+00     4.6051E-02     3.0260E-07     6.5709E-06
   441     2.3988E+00  2.2909E+00     4.6052E-02     2.7680E-07     6.0107E-06
   442     2.2909E+00  2.1878E+00     4.6052E-02     2.5270E-07     5.4873E-06
   443     2.1878E+00  2.0893E+00     4.6052E-02     2.3020E-07     4.9987E-06
   444     2.0893E+00  1.9953E+00     4.6052E-02     2.1130E-07     4.5883E-06
   445     1.9953E+00  1.9055E+00     4.6051E-02     1.9160E-07     4.1606E-06
   446     1.9055E+00  1.8197E+00     4.6052E-02     1.7520E-07     3.8044E-06
   447     1.8197E+00  1.7378E+00     4.6052E-02     1.5800E-07     3.4309E-06
   448     1.7378E+00  1.6596E+00     4.6052E-02     1.4560E-07     3.1617E-06
   449     1.6596E+00  1.5849E+00     4.6052E-02     1.3230E-07     2.8728E-06
   450     1.5849E+00  1.5136E+00     4.6052E-02     1.2150E-07     2.6383E-06
   451     1.5136E+00  1.4454E+00     4.6051E-02     1.0980E-07     2.3843E-06
   452     1.4454E+00  1.3804E+00     4.6052E-02     1.0190E-07     2.2127E-06
   453     1.3804E+00  1.3183E+00     4.6051E-02     9.1680E-08     1.9908E-06
   454     1.3183E+00  1.2589E+00     4.6052E-02     8.3530E-08     1.8138E-06
   455     1.2589E+00  1.2023E+00     4.6052E-02     7.5920E-08     1.6486E-06
   456     1.2023E+00  1.1482E+00     4.6051E-02     7.0050E-08     1.5211E-06
   457     1.1482E+00  1.0965E+00     4.6052E-02     6.3380E-08     1.3763E-06
   458     1.0965E+00  1.0471E+00     4.6051E-02     5.8280E-08     1.2656E-06
   459     1.0471E+00  1.0000E+00     4.6052E-02     5.2450E-08     1.1389E-06
   460     1.0000E+00  9.5499E-01     4.6052E-02     4.8060E-08     1.0436E-06
   461     9.5499E-01  9.1201E-01     4.6052E-02     4.3940E-08     9.5414E-07
   462     9.1201E-01  8.7096E-01     4.6052E-02     4.0100E-08     8.7076E-07
   463     8.7096E-01  8.3176E-01     4.6052E-02     3.6520E-08     7.9302E-07
   464     8.3176E-01  7.9433E-01     4.6052E-02     3.3350E-08     7.2418E-07
   465     7.9433E-01  7.5858E-01     4.6052E-02     3.0460E-08     6.6143E-07
   466     7.5858E-01  7.2444E-01     4.6052E-02     2.7700E-08     6.0150E-07
   467     7.2444E-01  6.9183E-01     4.6052E-02     2.5340E-08     5.5025E-07
   468     6.9183E-01  6.6069E-01     4.6052E-02     2.3070E-08     5.0096E-07
   469     6.6069E-01  6.3096E-01     4.6052E-02     2.1020E-08     4.5644E-07
   470     6.3096E-01  6.0256E-01     4.6052E-02     1.9170E-08     4.1627E-07
   471     6.0256E-01  5.7544E-01     4.6052E-02     1.7510E-08     3.8022E-07
   472     5.7544E-01  5.4954E-01     4.6052E-02     1.6010E-08     3.4765E-07
   473     5.4954E-01  5.2481E-01     4.6052E-02     1.4560E-08     3.1617E-07
   474     5.2481E-01  5.0119E-01     4.6052E-02     1.3260E-08     2.8794E-07
   475     5.0119E-01  4.7863E-01     4.6052E-02     1.2100E-08     2.6275E-07
   476     4.7863E-01  4.5709E-01     4.6052E-02     1.1070E-08     2.4038E-07
   477     4.5709E-01  4.3652E-01     4.6052E-02     1.0050E-08     2.1823E-07
   478     4.3652E-01  4.1687E-01     4.6052E-02     9.2000E-09     1.9978E-07
   479     4.1687E-01  3.9811E-01     4.6052E-02     8.3600E-09     1.8154E-07
   480     3.9811E-01  3.8019E-01     4.6052E-02     7.6580E-09     1.6629E-07
   481     3.8019E-01  3.6308E-01     4.6052E-02     6.9630E-09     1.5120E-07
   482     3.6308E-01  3.4674E-01     4.6052E-02     6.3530E-09     1.3795E-07
   483     3.4674E-01  3.3113E-01     4.6052E-02     5.8180E-09     1.2634E-07
   484     3.3113E-01  3.1623E-01     4.6052E-02     5.2850E-09     1.1476E-07
   485     3.1623E-01  3.0200E-01     4.6052E-02     4.8210E-09     1.0469E-07
   486     3.0200E-01  2.8840E-01     4.6052E-02     4.3880E-09     9.5284E-08
   487     2.8840E-01  2.7542E-01     4.6052E-02     4.0140E-09     8.7163E-08
   488     2.7542E-01  2.6303E-01     4.6052E-02     3.6640E-09     7.9563E-08
   489     2.6303E-01  2.5119E-01     4.6052E-02     3.3370E-09     7.2462E-08
   490     2.5119E-01  2.3988E-01     4.6051E-02     3.0330E-09     6.5861E-08
   491     2.3988E-01  2.2909E-01     4.6052E-02     2.7740E-09     6.0237E-08
   492     2.2909E-01  2.1878E-01     4.6052E-02     2.5320E-09     5.4982E-08
   493     2.1878E-01  2.0893E-01     4.6052E-02     2.3060E-09     5.0074E-08
   494     2.0893E-01  1.9953E-01     4.6052E-02     2.1170E-09     4.5970E-08
   495     1.9953E-01  1.9055E-01     4.6051E-02     1.9190E-09     4.1671E-08
   496     1.9055E-01  1.8197E-01     4.6052E-02     1.7550E-09     3.8109E-08
   497     1.8197E-01  1.7378E-01     4.6052E-02     1.5830E-09     3.4374E-08
   498     1.7378E-01  1.6596E-01     4.6052E-02     1.4590E-09     3.1682E-08
   499     1.6596E-01  1.5849E-01     4.6052E-02     1.3250E-09     2.8772E-08
   500     1.5849E-01  1.5136E-01     4.6052E-02     1.2170E-09     2.6427E-08
   501     1.5136E-01  1.4454E-01     4.6051E-02     1.1000E-09     2.3886E-08
   502     1.4454E-01  1.3804E-01     4.6052E-02     1.0210E-09     2.2171E-08
   503     1.3804E-01  1.3183E-01     4.6051E-02     9.1800E-10     1.9934E-08
   504     1.3183E-01  1.2589E-01     4.6052E-02     8.3630E-10     1.8160E-08
   505     1.2589E-01  1.2023E-01     4.6052E-02     7.6010E-10     1.6505E-08
   506     1.2023E-01  1.1482E-01     4.6051E-02     7.0130E-10     1.5229E-08
   507     1.1482E-01  1.0965E-01     4.6052E-02     6.3440E-10     1.3776E-08
   508     1.0965E-01  1.0471E-01     4.6051E-02     5.8340E-10     1.2669E-08
   509     1.0471E-01  1.0000E-01     4.6052E-02     5.2500E-10     1.1400E-08
   510     1.0000E-01  9.5499E-02     4.6052E-02     4.8100E-10     1.0445E-08
   511     9.5499E-02  9.1201E-02     4.6052E-02     4.3980E-10     9.5501E-09
   512     9.1201E-02  8.7096E-02     4.6052E-02     4.0140E-10     8.7163E-09
   513     8.7096E-02  8.3176E-02     4.6052E-02     3.6550E-10     7.9367E-09
   514     8.3176E-02  7.9433E-02     4.6052E-02     3.3370E-10     7.2462E-09
   515     7.9433E-02  7.5858E-02     4.6052E-02     3.0490E-10     6.6208E-09
   516     7.5858E-02  7.2444E-02     4.6052E-02     2.7720E-10     6.0193E-09
   517     7.2444E-02  6.9183E-02     4.6052E-02     2.5360E-10     5.5069E-09
   518     6.9183E-02  6.6069E-02     4.6052E-02     2.3080E-10     5.0117E-09
   519     6.6069E-02  6.3096E-02     4.6052E-02     2.1030E-10     4.5666E-09
   520     6.3096E-02  6.0256E-02     4.6052E-02     1.9180E-10     4.1649E-09
   521     6.0256E-02  5.7544E-02     4.6052E-02     1.7520E-10     3.8044E-09
   522     5.7544E-02  5.4954E-02     4.6052E-02     1.6020E-10     3.4787E-09
   523     5.4954E-02  5.2481E-02     4.6052E-02     1.4570E-10     3.1638E-09
   524     5.2481E-02  5.0119E-02     4.6052E-02     1.3270E-10     2.8815E-09
   525     5.0119E-02  4.7863E-02     4.6052E-02     1.2110E-10     2.6297E-09
   526     4.7863E-02  4.5709E-02     4.6052E-02     1.1070E-10     2.4038E-09
   527     4.5709E-02  4.3652E-02     4.6052E-02     1.0060E-10     2.1845E-09
   528     4.3652E-02  4.1687E-02     4.6052E-02     9.2040E-11     1.9986E-09
   529     4.1687E-02  3.9811E-02     4.6052E-02     8.3630E-11     1.8160E-09
   530     3.9811E-02  3.8019E-02     4.6052E-02     7.6610E-11     1.6636E-09
   531     3.8019E-02  3.6308E-02     4.6052E-02     6.9660E-11     1.5127E-09
   532     3.6308E-02  3.4674E-02     4.6052E-02     6.3550E-11     1.3800E-09
   533     3.4674E-02  3.3113E-02     4.6052E-02     5.8200E-11     1.2638E-09
   534     3.3113E-02  3.1623E-02     4.6052E-02     5.2870E-11     1.1481E-09
   535     3.1623E-02  3.0200E-02     4.6052E-02     4.8220E-11     1.0471E-09
   536     3.0200E-02  2.8840E-02     4.6052E-02     4.3890E-11     9.5306E-10
   537     2.8840E-02  2.7542E-02     4.6052E-02     4.0150E-11     8.7184E-10
   538     2.7542E-02  2.6303E-02     4.6052E-02     3.6650E-11     7.9584E-10
   539     2.6303E-02  2.5119E-02     4.6052E-02     3.3380E-11     7.2483E-10
   540     2.5119E-02  2.3988E-02     4.6051E-02     3.0340E-11     6.5883E-10
   541     2.3988E-02  2.2909E-02     4.6052E-02     2.7750E-11     6.0259E-10
   542     2.2909E-02  2.1878E-02     4.6052E-02     2.5330E-11     5.5003E-10
   543     2.1878E-02  2.0893E-02     4.6052E-02     2.3070E-11     5.0096E-10
   544     2.0893E-02  1.9953E-02     4.6052E-02     2.1170E-11     4.5970E-10
   545     1.9953E-02  1.9055E-02     4.6051E-02     1.9190E-11     4.1671E-10
   546     1.9055E-02  1.8197E-02     4.6052E-02     1.7550E-11     3.8109E-10
   547     1.8197E-02  1.7378E-02     4.6052E-02     1.5830E-11     3.4374E-10
   548     1.7378E-02  1.6596E-02     4.6052E-02     1.4590E-11     3.1682E-10
   549     1.6596E-02  1.5849E-02     4.6052E-02     1.3250E-11     2.8772E-10
   550     1.5849E-02  1.5136E-02     4.6052E-02     1.2170E-11     2.6427E-10
   551     1.5136E-02  1.4454E-02     4.6051E-02     1.1000E-11     2.3886E-10
   552     1.4454E-02  1.3804E-02     4.6052E-02     1.0210E-11     2.2171E-10
   553     1.3804E-02  1.3183E-02     4.6051E-02     9.1810E-12     1.9936E-10
   554     1.3183E-02  1.2589E-02     4.6052E-02     8.3640E-12     1.8162E-10
   555     1.2589E-02  1.2023E-02     4.6052E-02     7.6020E-12     1.6508E-10
   556     1.2023E-02  1.1482E-02     4.6051E-02     7.0140E-12     1.5231E-10
   557     1.1482E-02  1.0965E-02     4.6052E-02     6.3450E-12     1.3778E-10
   558     1.0965E-02  1.0471E-02     4.6051E-02     5.8340E-12     1.2669E-10
   559     1.0471E-02  1.0000E-02     4.6052E-02     5.2500E-12     1.1400E-10
   560     1.0000E-02  9.5499E-03     4.6052E-02     4.8100E-12     1.0445E-10
   561     9.5499E-03  9.1201E-03     4.6052E-02     4.3990E-12     9.5523E-11
   562     9.1201E-03  8.7096E-03     4.6052E-02     4.0140E-12     8.7163E-11
   563     8.7096E-03  8.3176E-03     4.6052E-02     3.6550E-12     7.9367E-11
   564     8.3176E-03  7.9433E-03     4.6052E-02     3.3380E-12     7.2484E-11
   565     7.9433E-03  7.5858E-03     4.6052E-02     3.0490E-12     6.6208E-11
   566     7.5858E-03  7.2444E-03     4.6052E-02     2.7720E-12     6.0193E-11
   567     7.2444E-03  6.9183E-03     4.6052E-02     2.5360E-12     5.5069E-11
   568     6.9183E-03  6.6069E-03     4.6052E-02     2.3080E-12     5.0117E-11
   569     6.6069E-03  6.3096E-03     4.6052E-02     2.1030E-12     4.5666E-11
   570     6.3096E-03  6.0256E-03     4.6052E-02     1.9180E-12     4.1649E-11
   571     6.0256E-03  5.7544E-03     4.6052E-02     1.7520E-12     3.8044E-11
   572     5.7544E-03  5.4954E-03     4.6052E-02     1.6020E-12     3.4787E-11
   573     5.4954E-03  5.2481E-03     4.6052E-02     1.4570E-12     3.1638E-11
   574     5.2481E-03  5.0119E-03     4.6052E-02     1.3270E-12     2.8815E-11
   575     5.0119E-03  4.7863E-03     4.6052E-02     1.2100E-12     2.6275E-11
   576     4.7863E-03  4.5709E-03     4.6052E-02     1.1070E-12     2.4038E-11
   577     4.5709E-03  4.3652E-03     4.6052E-02     1.0060E-12     2.1845E-11
   578     4.3652E-03  4.1687E-03     4.6052E-02     9.2030E-13     1.9984E-11
   579     4.1687E-03  3.9811E-03     4.6052E-02     8.3630E-13     1.8160E-11
   580     3.9811E-03  3.8019E-03     4.6052E-02     7.6610E-13     1.6636E-11
   581     3.8019E-03  3.6308E-03     4.6052E-02     6.9660E-13     1.5127E-11
   582     3.6308E-03  3.4674E-03     4.6052E-02     6.3560E-13     1.3802E-11
   583     3.4674E-03  3.3113E-03     4.6052E-02     5.8200E-13     1.2638E-11
   584     3.3113E-03  3.1623E-03     4.6052E-02     5.2880E-13     1.1483E-11
   585     3.1623E-03  3.0200E-03     4.6052E-02     4.8230E-13     1.0473E-11
   586     3.0200E-03  2.8840E-03     4.6052E-02     4.3880E-13     9.5284E-12
   587     2.8840E-03  2.7542E-03     4.6052E-02     4.0160E-13     8.7206E-12
   588     2.7542E-03  2.6303E-03     4.6052E-02     3.6640E-13     7.9563E-12
   589     2.6303E-03  2.5119E-03     4.6052E-02     3.3380E-13     7.2483E-12
   590     2.5119E-03  2.3988E-03     4.6051E-02     3.0340E-13     6.5883E-12
   591     2.3988E-03  2.2909E-03     4.6052E-02     2.7740E-13     6.0237E-12
   592     2.2909E-03  2.1878E-03     4.6052E-02     2.5320E-13     5.4982E-12
   593     2.1878E-03  2.0893E-03     4.6052E-02     2.3080E-13     5.0117E-12
   594     2.0893E-03  1.9953E-03     4.6052E-02     2.1150E-13     4.5927E-12
   595     1.9953E-03  1.9055E-03     4.6051E-02     1.9200E-13     4.1693E-12
   596     1.9055E-03  1.8197E-03     4.6052E-02     1.7550E-13     3.8109E-12
   597     1.8197E-03  1.7378E-03     4.6052E-02     1.5820E-13     3.4353E-12
   598     1.7378E-03  1.6596E-03     4.6052E-02     1.4600E-13     3.1703E-12
   599     1.6596E-03  1.5849E-03     4.6052E-02     1.3260E-13     2.8794E-12
   600     1.5849E-03  1.5136E-03     4.6052E-02     1.2170E-13     2.6427E-12
   601     1.5136E-03  1.4454E-03     4.6051E-02     1.1000E-13     2.3886E-12
   602     1.4454E-03  1.3804E-03     4.6052E-02     1.0210E-13     2.2171E-12
   603     1.3804E-03  1.3183E-03     4.6051E-02     9.1820E-14     1.9939E-12
   604     1.3183E-03  1.2589E-03     4.6052E-02     8.3600E-14     1.8153E-12
   605     1.2589E-03  1.2023E-03     4.6052E-02     7.6050E-14     1.6514E-12
   606     1.2023E-03  1.1482E-03     4.6051E-02     7.0170E-14     1.5237E-12
   607     1.1482E-03  1.0965E-03     4.6052E-02     6.3280E-14     1.3741E-12
   608     1.0965E-03  1.0471E-03     4.6051E-02     5.8400E-14     1.2682E-12
   609     1.0471E-03  1.0000E-03     4.6052E-02     5.2400E-14     1.1378E-12
   610     1.0000E-03  9.5499E-04     4.6052E-02     4.8180E-14     1.0462E-12
   611     9.5499E-04  9.1201E-04     4.6052E-02     4.4080E-14     9.5718E-13
   612     9.1201E-04  8.7096E-04     4.6052E-02     4.0080E-14     8.7033E-13
   613     8.7096E-04  8.3176E-04     4.6052E-02     3.6530E-14     7.9324E-13
   614     8.3176E-04  7.9433E-04     4.6052E-02     3.3420E-14     7.2570E-13
   615     7.9433E-04  7.5858E-04     4.6052E-02     3.0420E-14     6.6056E-13
   616     7.5858E-04  7.2444E-04     4.6052E-02     2.7760E-14     6.0280E-13
   617     7.2444E-04  6.9183E-04     4.6052E-02     2.5420E-14     5.5199E-13
   618     6.9183E-04  6.6069E-04     4.6052E-02     2.2980E-14     4.9900E-13
   619     6.6069E-04  6.3096E-04     4.6052E-02     2.1090E-14     4.5796E-13
   620     6.3096E-04  6.0256E-04     4.6052E-02     1.9100E-14     4.1475E-13
   621     6.0256E-04  5.7544E-04     4.6052E-02     1.7540E-14     3.8088E-13
   622     5.7544E-04  5.4954E-04     4.6052E-02     1.6100E-14     3.4961E-13
   623     5.4954E-04  5.2481E-04     4.6052E-02     1.4540E-14     3.1573E-13
   624     5.2481E-04  5.0119E-04     4.6052E-02     1.3210E-14     2.8685E-13
   625     5.0119E-04  4.7863E-04     4.6052E-02     1.2320E-14     2.6753E-13
   626     4.7863E-04  4.5709E-04     4.6052E-02     1.0880E-14     2.3626E-13
   627     4.5709E-04  4.3652E-04     4.6052E-02     1.0100E-14     2.1932E-13
   628     4.3652E-04  4.1687E-04     4.6052E-02     9.1040E-15     1.9769E-13
   629     4.1687E-04  3.9811E-04     4.6052E-02     8.4380E-15     1.8323E-13
   630     3.9811E-04  3.8019E-04     4.6052E-02     7.5500E-15     1.6395E-13
   631     3.8019E-04  3.6308E-04     4.6052E-02     7.1050E-15     1.5428E-13
   632     3.6308E-04  3.4674E-04     4.6052E-02     6.2170E-15     1.3500E-13
   633     3.4674E-04  3.3113E-04     4.6052E-02     5.9950E-15     1.3018E-13
   634     3.3113E-04  3.1623E-04     4.6052E-02     5.2180E-15     1.1331E-13
   635     3.1623E-04  3.0200E-04     4.6052E-02     4.8850E-15     1.0608E-13
   636     3.0200E-04  2.8840E-04     4.6052E-02     4.3300E-15     9.4025E-14
   637     2.8840E-04  2.7542E-04     4.6052E-02     4.1080E-15     8.9204E-14
   638     2.7542E-04  2.6303E-04     4.6052E-02     3.5530E-15     7.7152E-14
   639     2.6303E-04  2.5119E-04     4.6052E-02     3.4420E-15     7.4742E-14
   640     2.5119E-04  2.3988E-04     4.6051E-02     2.8870E-15     6.2691E-14
   641     2.3988E-04  2.2909E-04     4.6052E-02     2.8870E-15     6.2691E-14
   642     2.2909E-04  2.1878E-04     4.6052E-02     2.4420E-15     5.3027E-14
   643     2.1878E-04  2.0893E-04     4.6052E-02     2.4420E-15     5.3027E-14
   644     2.0893E-04  1.9953E-04     4.6052E-02     1.9980E-15     4.3386E-14
   645     1.9953E-04  1.9055E-04     4.6051E-02     1.9980E-15     4.3386E-14
   646     1.9055E-04  1.8197E-04     4.6052E-02     1.6650E-15     3.6155E-14
   647     1.8197E-04  1.7378E-04     4.6052E-02     1.5540E-15     3.3745E-14
   648     1.7378E-04  1.6596E-04     4.6052E-02     1.5540E-15     3.3745E-14
   649     1.6596E-04  1.5849E-04     4.6052E-02     1.3320E-15     2.8924E-14
   650     1.5849E-04  1.5136E-04     4.6052E-02     1.1100E-15     2.4103E-14
   651     1.5136E-04  1.4454E-04     4.6051E-02     1.3320E-15     2.8924E-14
   652     1.4454E-04  1.3804E-04     4.6052E-02     0.0000E+00     0.0000E+00
   653     1.3804E-04  1.3183E-04     4.6051E-02     0.0000E+00     0.0000E+00
   654     1.3183E-04  1.2589E-04     4.6052E-02     0.0000E+00     0.0000E+00
   655     1.2589E-04  1.2023E-04     4.6052E-02     0.0000E+00     0.0000E+00
   656     1.2023E-04  1.1482E-04     4.6051E-02     0.0000E+00     0.0000E+00
   657     1.1482E-04  1.0965E-04     4.6052E-02     0.0000E+00     0.0000E+00
   658     1.0965E-04  1.0471E-04     4.6051E-02     0.0000E+00     0.0000E+00
   659     1.0471E-04  1.0000E-04     4.6052E-02     0.0000E+00     0.0000E+00
   660     1.0000E-04  9.5499E-05     4.6052E-02     0.0000E+00     0.0000E+00
   661     9.5499E-05  9.1201E-05     4.6052E-02     0.0000E+00     0.0000E+00
   662     9.1201E-05  8.7096E-05     4.6052E-02     0.0000E+00     0.0000E+00
   663     8.7096E-05  8.3176E-05     4.6052E-02     0.0000E+00     0.0000E+00
   664     8.3176E-05  7.9433E-05     4.6052E-02     0.0000E+00     0.0000E+00
   665     7.9433E-05  7.5858E-05     4.6052E-02     0.0000E+00     0.0000E+00
   666     7.5858E-05  7.2444E-05     4.6052E-02     0.0000E+00     0.0000E+00
   667     7.2444E-05  6.9183E-05     4.6052E-02     0.0000E+00     0.0000E+00
   668     6.9183E-05  6.6069E-05     4.6052E-02     0.0000E+00     0.0000E+00
   669     6.6069E-05  6.3096E-05     4.6052E-02     0.0000E+00     0.0000E+00
   670     6.3096E-05  6.0256E-05     4.6052E-02     0.0000E+00     0.0000E+00
   671     6.0256E-05  5.7544E-05     4.6052E-02     0.0000E+00     0.0000E+00
   672     5.7544E-05  5.4954E-05     4.6052E-02     0.0000E+00     0.0000E+00
   673     5.4954E-05  5.2481E-05     4.6052E-02     0.0000E+00     0.0000E+00
   674     5.2481E-05  5.0119E-05     4.6052E-02     0.0000E+00     0.0000E+00
   675     5.0119E-05  4.7863E-05     4.6052E-02     0.0000E+00     0.0000E+00
   676     4.7863E-05  4.5709E-05     4.6052E-02     0.0000E+00     0.0000E+00
   677     4.5709E-05  4.3652E-05     4.6052E-02     0.0000E+00     0.0000E+00
   678     4.3652E-05  4.1687E-05     4.6052E-02     0.0000E+00     0.0000E+00
   679     4.1687E-05  3.9811E-05     4.6052E-02     0.0000E+00     0.0000E+00
   680     3.9811E-05  3.8019E-05     4.6052E-02     0.0000E+00     0.0000E+00
   681     3.8019E-05  3.6308E-05     4.6052E-02     0.0000E+00     0.0000E+00
   682     3.6308E-05  3.4674E-05     4.6052E-02     0.0000E+00     0.0000E+00
   683     3.4674E-05  3.3113E-05     4.6052E-02     0.0000E+00     0.0000E+00
   684     3.3113E-05  3.1623E-05     4.6052E-02     0.0000E+00     0.0000E+00
   685     3.1623E-05  3.0200E-05     4.6052E-02     0.0000E+00     0.0000E+00
   686     3.0200E-05  2.8840E-05     4.6052E-02     0.0000E+00     0.0000E+00
   687     2.8840E-05  2.7542E-05     4.6052E-02     0.0000E+00     0.0000E+00
   688     2.7542E-05  2.6303E-05     4.6052E-02     0.0000E+00     0.0000E+00
   689     2.6303E-05  2.5119E-05     4.6052E-02     0.0000E+00     0.0000E+00
   690     2.5119E-05  2.3988E-05     4.6051E-02     0.0000E+00     0.0000E+00
   691     2.3988E-05  2.2909E-05     4.6052E-02     0.0000E+00     0.0000E+00
   692     2.2909E-05  2.1878E-05     4.6052E-02     0.0000E+00     0.0000E+00
   693     2.1878E-05  2.0893E-05     4.6052E-02     0.0000E+00     0.0000E+00
   694     2.0893E-05  1.9953E-05     4.6052E-02     0.0000E+00     0.0000E+00
   695     1.9953E-05  1.9055E-05     4.6051E-02     0.0000E+00     0.0000E+00
   696     1.9055E-05  1.8197E-05     4.6052E-02     0.0000E+00     0.0000E+00
   697     1.8197E-05  1.7378E-05     4.6052E-02     0.0000E+00     0.0000E+00
   698     1.7378E-05  1.6596E-05     4.6052E-02     0.0000E+00     0.0000E+00
   699     1.6596E-05  1.5849E-05     4.6052E-02     0.0000E+00     0.0000E+00
   700     1.5849E-05  1.5136E-05     4.6052E-02     0.0000E+00     0.0000E+00
   701     1.5136E-05  1.4454E-05     4.6051E-02     0.0000E+00     0.0000E+00
   702     1.4454E-05  1.3804E-05     4.6052E-02     0.0000E+00     0.0000E+00
   703     1.3804E-05  1.3183E-05     4.6051E-02     0.0000E+00     0.0000E+00
   704     1.3183E-05  1.2589E-05     4.6052E-02     0.0000E+00     0.0000E+00
   705     1.2589E-05  1.2023E-05     4.6052E-02     0.0000E+00     0.0000E+00
   706     1.2023E-05  1.1482E-05     4.6051E-02     0.0000E+00     0.0000E+00
   707     1.1482E-05  1.0965E-05     4.6052E-02     0.0000E+00     0.0000E+00
   708     1.0965E-05  1.0471E-05     4.6051E-02     0.0000E+00     0.0000E+00
   709     1.0471E-05  1.0000E-05     4.6052E-02     0.0000E+00     0.0000E+00
  TOTAL                                              1.0000E+00
