  GROUP      UPPER       LOWER         LETHARGY         DATA        DATA/LETHARGY

     1     1.9640E+07  1.7333E+07     1.2496E-01     2.1195E-09     1.6962E-08
     2     1.7333E+07  1.4918E+07     1.5004E-01     7.3562E-09     4.9027E-08
     3     1.4918E+07  1.3840E+07     7.5006E-02     6.6434E-09     8.8572E-08
     4     1.3840E+07  1.1618E+07     1.7501E-01     4.4733E-08     2.5561E-07
     5     1.1618E+07  1.0000E+07     1.4997E-01     1.3974E-07     9.3178E-07
     6     1.0000E+07  8.1873E+06     2.0000E-01     6.6427E-07     3.3213E-06
     7     8.1873E+06  6.7032E+06     2.0000E-01     2.1395E-06     1.0698E-05
     8     6.7032E+06  6.0653E+06     1.0000E-01     2.2273E-06     2.2273E-05
     9     6.0653E+06  5.4881E+06     1.0000E-01     3.2759E-06     3.2758E-05
    10     5.4881E+06  4.4933E+06     1.9999E-01     1.2148E-05     6.0742E-05
    11     4.4933E+06  3.6788E+06     2.0000E-01     2.1634E-05     1.0817E-04
    12     3.6788E+06  3.0119E+06     2.0002E-01     3.8009E-05     1.9003E-04
    13     3.0119E+06  2.4660E+06     1.9997E-01     6.6714E-05     3.3361E-04
    14     2.4660E+06  2.2313E+06     1.0001E-01     4.6694E-05     4.6688E-04
    15     2.2313E+06  2.0190E+06     9.9982E-02     4.8116E-05     4.8125E-04
    16     2.0190E+06  1.6530E+06     2.0001E-01     1.2262E-04     6.1307E-04
    17     1.6530E+06  1.3534E+06     1.9997E-01     1.7867E-04     8.9348E-04
    18     1.3534E+06  1.2246E+06     1.0001E-01     1.0995E-04     1.0994E-03
    19     1.2246E+06  1.1080E+06     1.0006E-01     1.3571E-04     1.3563E-03
    20     1.1080E+06  1.0026E+06     9.9960E-02     1.2046E-04     1.2051E-03
    21     1.0026E+06  9.0718E+05     1.0001E-01     1.3537E-04     1.3536E-03
    22     9.0718E+05  8.2085E+05     1.0000E-01     2.1412E-04     2.1412E-03
    23     8.2085E+05  6.0810E+05     3.0000E-01     1.0977E-03     3.6590E-03
    24     6.0810E+05  5.5023E+05     1.0000E-01     5.4135E-04     5.4133E-03
    25     5.5023E+05  4.9787E+05     9.9997E-02     6.4902E-04     6.4904E-03
    26     4.9787E+05  4.5049E+05     1.0000E-01     6.1973E-04     6.1971E-03
    27     4.5049E+05  4.0762E+05     1.0000E-01     4.2334E-04     4.2334E-03
    28     4.0762E+05  3.0197E+05     3.0001E-01     2.4263E-03     8.0875E-03
    29     3.0197E+05  2.7324E+05     9.9977E-02     1.3069E-03     1.3072E-02
    30     2.7324E+05  2.4724E+05     9.9991E-02     1.4186E-03     1.4187E-02
    31     2.4724E+05  1.8316E+05     3.0000E-01     4.4656E-03     1.4885E-02
    32     1.8316E+05  1.2277E+05     4.0005E-01     9.6172E-03     2.4040E-02
    33     1.2277E+05  1.1109E+05     9.9972E-02     3.0123E-03     3.0131E-02
    34     1.1109E+05  8.2297E+04     3.0001E-01     9.6104E-03     3.2034E-02
    35     8.2297E+04  6.7379E+04     2.0000E-01     9.3548E-03     4.6774E-02
    36     6.7379E+04  5.5166E+04     1.9999E-01     9.5136E-03     4.7571E-02
    37     5.5166E+04  4.0868E+04     3.0000E-01     1.5842E-02     5.2807E-02
    38     4.0868E+04  3.6979E+04     9.9997E-02     6.2358E-03     6.2360E-02
    39     3.6979E+04  2.9283E+04     2.3334E-01     1.3413E-02     5.7482E-02
    40     2.9283E+04  2.7394E+04     6.6683E-02     1.9695E-03     2.9535E-02
    41     2.7394E+04  2.4788E+04     9.9964E-02     1.1557E-02     1.1561E-01
    42     2.4788E+04  1.6616E+04     3.9999E-01     3.9895E-02     9.9739E-02
    43     1.6616E+04  1.5034E+04     1.0005E-01     7.5105E-03     7.5066E-02
    44     1.5034E+04  1.1138E+04     2.9995E-01     3.4332E-02     1.1446E-01
    45     1.1138E+04  9.1188E+03     2.0002E-01     2.6514E-02     1.3255E-01
    46     9.1188E+03  7.4659E+03     1.9999E-01     2.0123E-02     1.0062E-01
    47     7.4659E+03  5.5308E+03     3.0001E-01     3.9238E-02     1.3079E-01
    48     5.5308E+03  5.0045E+03     9.9995E-02     1.4647E-02     1.4648E-01
    49     5.0045E+03  3.5266E+03     3.5000E-01     4.4025E-02     1.2578E-01
    50     3.5266E+03  3.3546E+03     5.0002E-02     4.4516E-03     8.9029E-02
    51     3.3546E+03  2.2487E+03     3.9998E-01     2.3975E-02     5.9940E-02
    52     2.2487E+03  2.0347E+03     1.0000E-01     2.0473E-02     2.0472E-01
    53     2.0347E+03  1.5073E+03     3.0003E-01     9.6358E-02     3.2116E-01
    54     1.5073E+03  1.4338E+03     4.9992E-02     1.9318E-02     3.8642E-01
    55     1.4338E+03  1.2341E+03     1.4999E-01     5.7058E-02     3.8042E-01
    56     1.2341E+03  1.0104E+03     2.0000E-01     6.6247E-02     3.3124E-01
    57     1.0104E+03  9.1424E+02     1.0001E-01     3.4205E-02     3.4202E-01
    58     9.1424E+02  7.4852E+02     2.0000E-01     6.4519E-02     3.2260E-01
    59     7.4852E+02  6.7729E+02     9.9998E-02     3.1167E-02     3.1168E-01
    60     6.7729E+02  4.5400E+02     4.0000E-01     1.0151E-01     2.5377E-01
    61     4.5400E+02  3.7170E+02     2.0001E-01     3.7720E-02     1.8859E-01
    62     3.7170E+02  3.0432E+02     2.0001E-01     2.1477E-02     1.0738E-01
    63     3.0432E+02  2.0399E+02     4.0001E-01     4.6932E-02     1.1733E-01
    64     2.0399E+02  1.4863E+02     3.1661E-01     2.1562E-02     6.8103E-02
    65     1.4863E+02  1.3674E+02     8.3379E-02     4.4486E-03     5.3354E-02
    66     1.3674E+02  9.1661E+01     3.9998E-01     1.2554E-02     3.1386E-02
    67     9.1661E+01  7.5674E+01     1.9166E-01     2.3540E-03     1.2282E-02
    68     7.5674E+01  6.7904E+01     1.0834E-01     7.9126E-04     7.3035E-03
    69     6.7904E+01  5.5595E+01     2.0000E-01     7.4154E-04     3.7077E-03
    70     5.5595E+01  5.1578E+01     7.4998E-02     1.9108E-04     2.5478E-03
    71     5.1578E+01  4.8252E+01     6.6658E-02     1.3868E-04     2.0805E-03
    72     4.8252E+01  4.5517E+01     5.8351E-02     1.0959E-04     1.8781E-03
    73     4.5517E+01  4.0169E+01     1.2499E-01     1.4661E-04     1.1730E-03
    74     4.0169E+01  3.7267E+01     7.4987E-02     6.4949E-05     8.6613E-04
    75     3.7267E+01  3.3720E+01     1.0002E-01     3.9881E-05     3.9874E-04
    76     3.3720E+01  3.0511E+01     1.0000E-01     5.7661E-05     5.7659E-04
    77     3.0511E+01  2.7608E+01     9.9982E-02     5.9885E-05     5.9896E-04
    78     2.7608E+01  2.4980E+01     1.0003E-01     4.6446E-05     4.6432E-04
    79     2.4980E+01  2.2603E+01     9.9993E-02     4.5858E-05     4.5861E-04
    80     2.2603E+01  1.9455E+01     1.4998E-01     1.7443E-05     1.1630E-04
    81     1.9455E+01  1.5928E+01     2.0003E-01     2.1379E-05     1.0688E-04
    82     1.5928E+01  1.3710E+01     1.4995E-01     6.8478E-06     4.5666E-05
    83     1.3710E+01  1.1224E+01     2.0007E-01     7.5598E-06     3.7786E-05
    84     1.1224E+01  9.9056E+00     1.2495E-01     1.8920E-06     1.5142E-05
    85     9.9056E+00  9.1898E+00     7.5006E-02     2.0388E-06     2.7182E-05
    86     9.1898E+00  8.3153E+00     9.9997E-02     2.9500E-06     2.9501E-05
    87     8.3153E+00  7.5240E+00     9.9999E-02     1.6402E-06     1.6402E-05
    88     7.5240E+00  6.1601E+00     2.0000E-01     1.5207E-06     7.6033E-06
    89     6.1601E+00  5.3464E+00     1.4167E-01     1.7643E-06     1.2454E-05
    90     5.3464E+00  5.0435E+00     5.8323E-02     1.0664E-06     1.8284E-05
    91     5.0435E+00  4.1293E+00     1.9999E-01     1.6948E-06     8.4743E-06
    92     4.1293E+00  4.0000E+00     3.1814E-02     2.9475E-07     9.2649E-06
    93     4.0000E+00  3.3807E+00     1.6821E-01     2.2820E-06     1.3566E-05
    94     3.3807E+00  3.3000E+00     2.4160E-02     3.5425E-07     1.4662E-05
    95     3.3000E+00  2.7679E+00     1.7583E-01     2.5775E-06     1.4659E-05
    96     2.7679E+00  2.7200E+00     1.7457E-02     3.5023E-07     2.0062E-05
    97     2.7200E+00  2.6000E+00     4.5120E-02     6.4782E-07     1.4358E-05
    98     2.6000E+00  2.5500E+00     1.9418E-02     3.4677E-07     1.7858E-05
    99     2.5500E+00  2.3600E+00     7.7432E-02     1.4763E-06     1.9066E-05
   100     2.3600E+00  2.1300E+00     1.0254E-01     1.5164E-06     1.4788E-05
   101     2.1300E+00  2.1000E+00     1.4185E-02     3.8026E-07     2.6808E-05
   102     2.1000E+00  2.0200E+00     3.8840E-02     7.5688E-07     1.9487E-05
   103     2.0200E+00  1.9300E+00     4.5578E-02     7.5464E-07     1.6557E-05
   104     1.9300E+00  1.8400E+00     4.7754E-02     1.1628E-06     2.4350E-05
   105     1.8400E+00  1.7550E+00     4.7297E-02     8.0099E-07     1.6935E-05
   106     1.7550E+00  1.6700E+00     4.9645E-02     8.3122E-07     1.6743E-05
   107     1.6700E+00  1.5900E+00     4.9090E-02     8.5511E-07     1.7419E-05
   108     1.5900E+00  1.5000E+00     5.8269E-02     8.6375E-07     1.4824E-05
   109     1.5000E+00  1.4750E+00     1.6807E-02     4.2769E-07     2.5447E-05
   110     1.4750E+00  1.4400E+00     2.4015E-02     3.6057E-07     1.5014E-05
   111     1.4400E+00  1.3700E+00     4.9832E-02     8.6163E-07     1.7291E-05
   112     1.3700E+00  1.3375E+00     2.4009E-02     3.6936E-07     1.5385E-05
   113     1.3375E+00  1.3000E+00     2.8438E-02     3.3847E-07     1.1902E-05
   114     1.3000E+00  1.2350E+00     5.1293E-02     5.5391E-07     1.0799E-05
   115     1.2350E+00  1.1700E+00     5.4067E-02     3.4216E-07     6.3284E-06
   116     1.1700E+00  1.1500E+00     1.7242E-02     8.8186E-08     5.1147E-06
   117     1.1500E+00  1.1230E+00     2.3758E-02     4.5964E-08     1.9347E-06
   118     1.1230E+00  1.1100E+00     1.1644E-02     3.4289E-08     2.9449E-06
   119     1.1100E+00  1.0970E+00     1.1781E-02     2.2871E-08     1.9414E-06
   120     1.0970E+00  1.0710E+00     2.3986E-02     3.6430E-08     1.5188E-06
   121     1.0710E+00  1.0450E+00     2.4576E-02     2.0274E-08     8.2495E-07
   122     1.0450E+00  1.0350E+00     9.6155E-03     2.8320E-08     2.9453E-06
   123     1.0350E+00  1.0200E+00     1.4599E-02     4.2031E-08     2.8791E-06
   124     1.0200E+00  9.9600E-01     2.3811E-02     1.8309E-07     7.6894E-06
   125     9.9600E-01  9.8600E-01     1.0091E-02     1.0484E-06     1.0390E-04
   126     9.8600E-01  9.7200E-01     1.4301E-02     1.5940E-06     1.1146E-04
   127     9.7200E-01  9.5000E-01     2.2894E-02     2.8885E-06     1.2617E-04
   128     9.5000E-01  9.3000E-01     2.1277E-02     4.9185E-06     2.3116E-04
   129     9.3000E-01  9.1000E-01     2.1740E-02     7.0140E-06     3.2263E-04
   130     9.1000E-01  8.6000E-01     5.6512E-02     2.1930E-05     3.8806E-04
   131     8.6000E-01  8.5000E-01     1.1696E-02     1.3406E-05     1.1462E-03
   132     8.5000E-01  7.9000E-01     7.3203E-02     3.2710E-05     4.4684E-04
   133     7.9000E-01  7.8000E-01     1.2739E-02     1.8943E-05     1.4870E-03
   134     7.8000E-01  7.0500E-01     1.0110E-01     4.2434E-05     4.1974E-04
   135     7.0500E-01  6.2500E-01     1.2045E-01     6.9061E-05     5.7338E-04
   136     6.2500E-01  5.4000E-01     1.4618E-01     6.2476E-05     4.2738E-04
   137     5.4000E-01  5.0000E-01     7.6961E-02     5.0741E-05     6.5931E-04
   138     5.0000E-01  4.8500E-01     3.0459E-02     1.4081E-05     4.6229E-04
   139     4.8500E-01  4.3300E-01     1.1341E-01     3.2238E-05     2.8426E-04
   140     4.3300E-01  4.0000E-01     7.9273E-02     1.3173E-05     1.6617E-04
   141     4.0000E-01  3.9100E-01     2.2757E-02     4.8094E-06     2.1134E-04
   142     3.9100E-01  3.5000E-01     1.1077E-01     6.1096E-06     5.5154E-05
   143     3.5000E-01  3.2000E-01     8.9612E-02     3.0786E-06     3.4355E-05
   144     3.2000E-01  3.1450E-01     1.7337E-02     1.1728E-06     6.7648E-05
   145     3.1450E-01  3.0000E-01     4.7202E-02     1.0638E-06     2.2537E-05
   146     3.0000E-01  2.8000E-01     6.8993E-02     9.8033E-07     1.4209E-05
   147     2.8000E-01  2.4800E-01     1.2136E-01     2.3994E-06     1.9771E-05
   148     2.4800E-01  2.2000E-01     1.1980E-01     3.6616E-06     3.0564E-05
   149     2.2000E-01  1.8900E-01     1.5188E-01     8.7456E-06     5.7582E-05
   150     1.8900E-01  1.8000E-01     4.8790E-02     3.6809E-06     7.5443E-05
   151     1.8000E-01  1.6000E-01     1.1778E-01     8.4023E-06     7.1337E-05
   152     1.6000E-01  1.4000E-01     1.3353E-01     1.4582E-05     1.0920E-04
   153     1.4000E-01  1.3400E-01     4.3803E-02     5.2147E-06     1.1905E-04
   154     1.3400E-01  1.1500E-01     1.5291E-01     5.4840E-06     3.5865E-05
   155     1.1500E-01  1.0000E-01     1.3976E-01     5.7118E-06     4.0868E-05
   156     1.0000E-01  9.5000E-02     5.1293E-02     5.7760E-06     1.1261E-04
   157     9.5000E-02  8.0000E-02     1.7185E-01     5.7828E-06     3.3650E-05
   158     8.0000E-02  7.7000E-02     3.8221E-02     5.7458E-06     1.5033E-04
   159     7.7000E-02  6.7000E-02     1.3911E-01     5.6591E-06     4.0680E-05
   160     6.7000E-02  5.8000E-02     1.4425E-01     5.4755E-06     3.7959E-05
   161     5.8000E-02  5.0000E-02     1.4842E-01     5.2347E-06     3.5270E-05
   162     5.0000E-02  4.2000E-02     1.7435E-01     4.9499E-06     2.8390E-05
   163     4.2000E-02  3.5000E-02     1.8232E-01     4.6125E-06     2.5299E-05
   164     3.5000E-02  3.0000E-02     1.5415E-01     4.2826E-06     2.7782E-05
   165     3.0000E-02  2.5000E-02     1.8232E-01     3.9700E-06     2.1775E-05
   166     2.5000E-02  2.0000E-02     2.2314E-01     3.6061E-06     1.6160E-05
   167     2.0000E-02  1.5000E-02     2.8768E-01     3.1791E-06     1.1051E-05
   168     1.5000E-02  1.0000E-02     4.0547E-01     2.6653E-06     6.5734E-06
   169     1.0000E-02  6.9000E-03     3.7106E-01     2.1429E-06     5.7750E-06
   170     6.9000E-03  5.0000E-03     3.2208E-01     1.7442E-06     5.4154E-06
   171     5.0000E-03  3.0000E-03     5.1083E-01     1.3690E-06     2.6800E-06
   172     3.0000E-03  1.0000E-03     1.0986E+00     7.8687E-07     7.1624E-07
  TOTAL                                              1.0000E+00
