  GROUP      UPPER       LOWER         LETHARGY         DATA        DATA/LETHARGY

     1     1.0000E+09  9.5499E+08     4.6054E-02     0.0000E+00     0.0000E+00
     2     9.5499E+08  9.1201E+08     4.6050E-02     0.0000E+00     0.0000E+00
     3     9.1201E+08  8.7096E+08     4.6055E-02     0.0000E+00     0.0000E+00
     4     8.7096E+08  8.3176E+08     4.6052E-02     0.0000E+00     0.0000E+00
     5     8.3176E+08  7.9433E+08     4.6045E-02     0.0000E+00     0.0000E+00
     6     7.9433E+08  7.5858E+08     4.6051E-02     0.0000E+00     0.0000E+00
     7     7.5858E+08  7.2444E+08     4.6049E-02     0.0000E+00     0.0000E+00
     8     7.2444E+08  6.9183E+08     4.6059E-02     0.0000E+00     0.0000E+00
     9     6.9183E+08  6.6069E+08     4.6056E-02     0.0000E+00     0.0000E+00
    10     6.6069E+08  6.3096E+08     4.6042E-02     0.0000E+00     0.0000E+00
    11     6.3096E+08  6.0256E+08     4.6055E-02     0.0000E+00     0.0000E+00
    12     6.0256E+08  5.7544E+08     4.6052E-02     0.0000E+00     0.0000E+00
    13     5.7544E+08  5.4954E+08     4.6053E-02     0.0000E+00     0.0000E+00
    14     5.4954E+08  5.2481E+08     4.6045E-02     0.0000E+00     0.0000E+00
    15     5.2481E+08  5.0119E+08     4.6051E-02     0.0000E+00     0.0000E+00
    16     5.0119E+08  4.7863E+08     4.6057E-02     0.0000E+00     0.0000E+00
    17     4.7863E+08  4.5709E+08     4.6048E-02     0.0000E+00     0.0000E+00
    18     4.5709E+08  4.3652E+08     4.6046E-02     0.0000E+00     0.0000E+00
    19     4.3652E+08  4.1687E+08     4.6060E-02     0.0000E+00     0.0000E+00
    20     4.1687E+08  3.9811E+08     4.6046E-02     0.0000E+00     0.0000E+00
    21     3.9811E+08  3.8019E+08     4.6057E-02     0.0000E+00     0.0000E+00
    22     3.8019E+08  3.6308E+08     4.6048E-02     0.0000E+00     0.0000E+00
    23     3.6308E+08  3.4674E+08     4.6048E-02     0.0000E+00     0.0000E+00
    24     3.4674E+08  3.3113E+08     4.6064E-02     0.0000E+00     0.0000E+00
    25     3.3113E+08  3.1623E+08     4.6041E-02     0.0000E+00     0.0000E+00
    26     3.1623E+08  3.0200E+08     4.6043E-02     0.0000E+00     0.0000E+00
    27     3.0200E+08  2.8840E+08     4.6079E-02     0.0000E+00     0.0000E+00
    28     2.8840E+08  2.7542E+08     4.6051E-02     0.0000E+00     0.0000E+00
    29     2.7542E+08  2.6303E+08     4.6029E-02     0.0000E+00     0.0000E+00
    30     2.6303E+08  2.5119E+08     4.6058E-02     0.0000E+00     0.0000E+00
    31     2.5119E+08  2.3988E+08     4.6071E-02     0.0000E+00     0.0000E+00
    32     2.3988E+08  2.2909E+08     4.6024E-02     0.0000E+00     0.0000E+00
    33     2.2909E+08  2.1878E+08     4.6048E-02     0.0000E+00     0.0000E+00
    34     2.1878E+08  2.0893E+08     4.6067E-02     0.0000E+00     0.0000E+00
    35     2.0893E+08  1.9953E+08     4.6035E-02     0.0000E+00     0.0000E+00
    36     1.9953E+08  1.9055E+08     4.6050E-02     0.0000E+00     0.0000E+00
    37     1.9055E+08  1.8197E+08     4.6073E-02     0.0000E+00     0.0000E+00
    38     1.8197E+08  1.7378E+08     4.6052E-02     0.0000E+00     0.0000E+00
    39     1.7378E+08  1.6596E+08     4.6043E-02     0.0000E+00     0.0000E+00
    40     1.6596E+08  1.5849E+08     4.6055E-02     0.0000E+00     0.0000E+00
    41     1.5849E+08  1.5136E+08     4.6030E-02     0.0000E+00     0.0000E+00
    42     1.5136E+08  1.4454E+08     4.6105E-02     0.0000E+00     0.0000E+00
    43     1.4454E+08  1.3804E+08     4.6013E-02     0.0000E+00     0.0000E+00
    44     1.3804E+08  1.3183E+08     4.6030E-02     0.0000E+00     0.0000E+00
    45     1.3183E+08  1.2589E+08     4.6105E-02     0.0000E+00     0.0000E+00
    46     1.2589E+08  1.2023E+08     4.6002E-02     0.0000E+00     0.0000E+00
    47     1.2023E+08  1.1482E+08     4.6041E-02     0.0000E+00     0.0000E+00
    48     1.1482E+08  1.0965E+08     4.6072E-02     0.0000E+00     0.0000E+00
    49     1.0965E+08  1.0471E+08     4.6099E-02     0.0000E+00     0.0000E+00
    50     1.0471E+08  1.0000E+08     4.6024E-02     0.0000E+00     0.0000E+00
    51     1.0000E+08  9.5499E+07     4.6054E-02     0.0000E+00     0.0000E+00
    52     9.5499E+07  9.1201E+07     4.6050E-02     0.0000E+00     0.0000E+00
    53     9.1201E+07  8.7096E+07     4.6055E-02     0.0000E+00     0.0000E+00
    54     8.7096E+07  8.3176E+07     4.6052E-02     0.0000E+00     0.0000E+00
    55     8.3176E+07  7.9433E+07     4.6045E-02     0.0000E+00     0.0000E+00
    56     7.9433E+07  7.5858E+07     4.6051E-02     0.0000E+00     0.0000E+00
    57     7.5858E+07  7.2444E+07     4.6049E-02     0.0000E+00     0.0000E+00
    58     7.2444E+07  6.9183E+07     4.6059E-02     0.0000E+00     0.0000E+00
    59     6.9183E+07  6.6069E+07     4.6056E-02     0.0000E+00     0.0000E+00
    60     6.6069E+07  6.3096E+07     4.6042E-02     0.0000E+00     0.0000E+00
    61     6.3096E+07  6.0256E+07     4.6055E-02     0.0000E+00     0.0000E+00
    62     6.0256E+07  5.7544E+07     4.6052E-02     0.0000E+00     0.0000E+00
    63     5.7544E+07  5.4954E+07     4.6053E-02     0.0000E+00     0.0000E+00
    64     5.4954E+07  5.2481E+07     4.6045E-02     0.0000E+00     0.0000E+00
    65     5.2481E+07  5.0119E+07     4.6051E-02     0.0000E+00     0.0000E+00
    66     5.0119E+07  4.7863E+07     4.6057E-02     0.0000E+00     0.0000E+00
    67     4.7863E+07  4.5709E+07     4.6048E-02     0.0000E+00     0.0000E+00
    68     4.5709E+07  4.3652E+07     4.6046E-02     0.0000E+00     0.0000E+00
    69     4.3652E+07  4.1687E+07     4.6060E-02     0.0000E+00     0.0000E+00
    70     4.1687E+07  3.9811E+07     4.6046E-02     0.0000E+00     0.0000E+00
    71     3.9811E+07  3.8019E+07     4.6057E-02     0.0000E+00     0.0000E+00
    72     3.8019E+07  3.6308E+07     4.6048E-02     0.0000E+00     0.0000E+00
    73     3.6308E+07  3.4674E+07     4.6048E-02     0.0000E+00     0.0000E+00
    74     3.4674E+07  3.3113E+07     4.6064E-02     0.0000E+00     0.0000E+00
    75     3.3113E+07  3.1623E+07     4.6041E-02     0.0000E+00     0.0000E+00
    76     3.1623E+07  3.0200E+07     4.6043E-02     0.0000E+00     0.0000E+00
    77     3.0200E+07  3.0000E+07     6.6445E-03     0.0000E+00     0.0000E+00
    78     3.0000E+07  2.9800E+07     6.6890E-03     0.0000E+00     0.0000E+00
    79     2.9800E+07  2.9600E+07     6.7340E-03     0.0000E+00     0.0000E+00
    80     2.9600E+07  2.9400E+07     6.7797E-03     0.0000E+00     0.0000E+00
    81     2.9400E+07  2.9200E+07     6.8260E-03     0.0000E+00     0.0000E+00
    82     2.9200E+07  2.9000E+07     6.8729E-03     0.0000E+00     0.0000E+00
    83     2.9000E+07  2.8800E+07     6.9204E-03     0.0000E+00     0.0000E+00
    84     2.8800E+07  2.8600E+07     6.9687E-03     0.0000E+00     0.0000E+00
    85     2.8600E+07  2.8400E+07     7.0176E-03     0.0000E+00     0.0000E+00
    86     2.8400E+07  2.8200E+07     7.0672E-03     0.0000E+00     0.0000E+00
    87     2.8200E+07  2.8000E+07     7.1175E-03     0.0000E+00     0.0000E+00
    88     2.8000E+07  2.7800E+07     7.1685E-03     0.0000E+00     0.0000E+00
    89     2.7800E+07  2.7600E+07     7.2202E-03     0.0000E+00     0.0000E+00
    90     2.7600E+07  2.7400E+07     7.2728E-03     0.0000E+00     0.0000E+00
    91     2.7400E+07  2.7200E+07     7.3260E-03     0.0000E+00     0.0000E+00
    92     2.7200E+07  2.7000E+07     7.3801E-03     0.0000E+00     0.0000E+00
    93     2.7000E+07  2.6800E+07     7.4350E-03     0.0000E+00     0.0000E+00
    94     2.6800E+07  2.6600E+07     7.4907E-03     0.0000E+00     0.0000E+00
    95     2.6600E+07  2.6400E+07     7.5472E-03     0.0000E+00     0.0000E+00
    96     2.6400E+07  2.6200E+07     7.6046E-03     0.0000E+00     0.0000E+00
    97     2.6200E+07  2.6000E+07     7.6629E-03     0.0000E+00     0.0000E+00
    98     2.6000E+07  2.5800E+07     7.7220E-03     0.0000E+00     0.0000E+00
    99     2.5800E+07  2.5600E+07     7.7821E-03     0.0000E+00     0.0000E+00
   100     2.5600E+07  2.5400E+07     7.8432E-03     0.0000E+00     0.0000E+00
   101     2.5400E+07  2.5200E+07     7.9052E-03     0.0000E+00     0.0000E+00
   102     2.5200E+07  2.5000E+07     7.9682E-03     0.0000E+00     0.0000E+00
   103     2.5000E+07  2.4800E+07     8.0322E-03     0.0000E+00     0.0000E+00
   104     2.4800E+07  2.4600E+07     8.0972E-03     0.0000E+00     0.0000E+00
   105     2.4600E+07  2.4400E+07     8.1633E-03     0.0000E+00     0.0000E+00
   106     2.4400E+07  2.4200E+07     8.2305E-03     0.0000E+00     0.0000E+00
   107     2.4200E+07  2.4000E+07     8.2988E-03     0.0000E+00     0.0000E+00
   108     2.4000E+07  2.3800E+07     8.3682E-03     0.0000E+00     0.0000E+00
   109     2.3800E+07  2.3600E+07     8.4389E-03     0.0000E+00     0.0000E+00
   110     2.3600E+07  2.3400E+07     8.5107E-03     0.0000E+00     0.0000E+00
   111     2.3400E+07  2.3200E+07     8.5837E-03     0.0000E+00     0.0000E+00
   112     2.3200E+07  2.3000E+07     8.6581E-03     0.0000E+00     0.0000E+00
   113     2.3000E+07  2.2800E+07     8.7337E-03     0.0000E+00     0.0000E+00
   114     2.2800E+07  2.2600E+07     8.8106E-03     0.0000E+00     0.0000E+00
   115     2.2600E+07  2.2400E+07     8.8889E-03     0.0000E+00     0.0000E+00
   116     2.2400E+07  2.2200E+07     8.9687E-03     0.0000E+00     0.0000E+00
   117     2.2200E+07  2.2000E+07     9.0498E-03     0.0000E+00     0.0000E+00
   118     2.2000E+07  2.1800E+07     9.1325E-03     0.0000E+00     0.0000E+00
   119     2.1800E+07  2.1600E+07     9.2167E-03     0.0000E+00     0.0000E+00
   120     2.1600E+07  2.1400E+07     9.3024E-03     0.0000E+00     0.0000E+00
   121     2.1400E+07  2.1200E+07     9.3897E-03     0.0000E+00     0.0000E+00
   122     2.1200E+07  2.1000E+07     9.4787E-03     0.0000E+00     0.0000E+00
   123     2.1000E+07  2.0800E+07     9.5695E-03     0.0000E+00     0.0000E+00
   124     2.0800E+07  2.0600E+07     9.6619E-03     0.0000E+00     0.0000E+00
   125     2.0600E+07  2.0400E+07     9.7562E-03     0.0000E+00     0.0000E+00
   126     2.0400E+07  2.0200E+07     9.8523E-03     0.0000E+00     0.0000E+00
   127     2.0200E+07  2.0000E+07     9.9503E-03     0.0000E+00     0.0000E+00
   128     2.0000E+07  1.9800E+07     1.0050E-02     2.1873E-08     2.1763E-06
   129     1.9800E+07  1.9600E+07     1.0152E-02     2.2095E-08     2.1763E-06
   130     1.9600E+07  1.9400E+07     1.0257E-02     2.2321E-08     2.1763E-06
   131     1.9400E+07  1.9200E+07     1.0363E-02     2.2553E-08     2.1763E-06
   132     1.9200E+07  1.9000E+07     1.0471E-02     2.2789E-08     2.1763E-06
   133     1.9000E+07  1.8800E+07     1.0582E-02     2.3030E-08     2.1763E-06
   134     1.8800E+07  1.8600E+07     1.0695E-02     2.3276E-08     2.1763E-06
   135     1.8600E+07  1.8400E+07     1.0811E-02     2.3528E-08     2.1763E-06
   136     1.8400E+07  1.8200E+07     1.0929E-02     2.3785E-08     2.1763E-06
   137     1.8200E+07  1.8000E+07     1.1050E-02     2.4048E-08     2.1763E-06
   138     1.8000E+07  1.7800E+07     1.1173E-02     2.4317E-08     2.1763E-06
   139     1.7800E+07  1.7600E+07     1.1300E-02     2.4591E-08     2.1763E-06
   140     1.7600E+07  1.7400E+07     1.1429E-02     2.4872E-08     2.1763E-06
   141     1.7400E+07  1.7200E+07     1.1561E-02     4.5054E-08     3.8971E-06
   142     1.7200E+07  1.7000E+07     1.1696E-02     5.5890E-08     4.7785E-06
   143     1.7000E+07  1.6800E+07     1.1834E-02     6.6346E-08     5.6062E-06
   144     1.6800E+07  1.6600E+07     1.1976E-02     7.6055E-08     6.3505E-06
   145     1.6600E+07  1.6400E+07     1.2121E-02     9.3328E-08     7.6995E-06
   146     1.6400E+07  1.6200E+07     1.2270E-02     1.1584E-07     9.4408E-06
   147     1.6200E+07  1.6000E+07     1.2423E-02     1.1728E-07     9.4409E-06
   148     1.6000E+07  1.5800E+07     1.2579E-02     1.1876E-07     9.4413E-06
   149     1.5800E+07  1.5600E+07     1.2739E-02     1.5165E-07     1.1904E-05
   150     1.5600E+07  1.5400E+07     1.2903E-02     1.9814E-07     1.5356E-05
   151     1.5400E+07  1.5200E+07     1.3072E-02     2.0073E-07     1.5356E-05
   152     1.5200E+07  1.5000E+07     1.3245E-02     2.0338E-07     1.5355E-05
   153     1.5000E+07  1.4800E+07     1.3423E-02     2.5739E-07     1.9175E-05
   154     1.4800E+07  1.4600E+07     1.3606E-02     2.9676E-07     2.1812E-05
   155     1.4600E+07  1.4400E+07     1.3793E-02     3.6551E-07     2.6499E-05
   156     1.4400E+07  1.4200E+07     1.3986E-02     3.9233E-07     2.8051E-05
   157     1.4200E+07  1.4000E+07     1.4185E-02     4.9797E-07     3.5106E-05
   158     1.4000E+07  1.3800E+07     1.4389E-02     5.3471E-07     3.7162E-05
   159     1.3800E+07  1.3600E+07     1.4599E-02     6.4253E-07     4.4013E-05
   160     1.3600E+07  1.3400E+07     1.4815E-02     7.7341E-07     5.2204E-05
   161     1.3400E+07  1.3200E+07     1.5038E-02     9.0978E-07     6.0499E-05
   162     1.3200E+07  1.3000E+07     1.5267E-02     9.2367E-07     6.0499E-05
   163     1.3000E+07  1.2800E+07     1.5504E-02     1.0070E-06     6.4950E-05
   164     1.2800E+07  1.2600E+07     1.5748E-02     1.3009E-06     8.2605E-05
   165     1.2600E+07  1.2400E+07     1.6000E-02     1.5059E-06     9.4117E-05
   166     1.2400E+07  1.2200E+07     1.6261E-02     1.6795E-06     1.0329E-04
   167     1.2200E+07  1.2000E+07     1.6529E-02     2.1480E-06     1.2995E-04
   168     1.2000E+07  1.1800E+07     1.6807E-02     2.1841E-06     1.2995E-04
   169     1.1800E+07  1.1600E+07     1.7094E-02     2.3059E-06     1.3489E-04
   170     1.1600E+07  1.1400E+07     1.7392E-02     3.2082E-06     1.8447E-04
   171     1.1400E+07  1.1200E+07     1.7700E-02     3.2650E-06     1.8447E-04
   172     1.1200E+07  1.1000E+07     1.8019E-02     3.7932E-06     2.1052E-04
   173     1.1000E+07  1.0800E+07     1.8349E-02     5.2113E-06     2.8401E-04
   174     1.0800E+07  1.0600E+07     1.8692E-02     5.3087E-06     2.8401E-04
   175     1.0600E+07  1.0400E+07     1.9048E-02     6.3564E-06     3.3370E-04
   176     1.0400E+07  1.0200E+07     1.9418E-02     7.2157E-06     3.7160E-04
   177     1.0200E+07  1.0000E+07     1.9803E-02     7.3586E-06     3.7160E-04
   178     1.0000E+07  9.8000E+06     2.0203E-02     1.0392E-05     5.1439E-04
   179     9.8000E+06  9.6000E+06     2.0619E-02     1.0607E-05     5.1442E-04
   180     9.6000E+06  9.4000E+06     2.1053E-02     1.3130E-05     6.2365E-04
   181     9.4000E+06  9.2000E+06     2.1506E-02     1.5227E-05     7.0803E-04
   182     9.2000E+06  9.0000E+06     2.1979E-02     1.6601E-05     7.5532E-04
   183     9.0000E+06  8.8000E+06     2.2473E-02     2.0266E-05     9.0180E-04
   184     8.8000E+06  8.6000E+06     2.2990E-02     2.0926E-05     9.1024E-04
   185     8.6000E+06  8.4000E+06     2.3530E-02     2.6757E-05     1.1371E-03
   186     8.4000E+06  8.2000E+06     2.4098E-02     2.7402E-05     1.1371E-03
   187     8.2000E+06  8.0000E+06     2.4693E-02     3.6379E-05     1.4733E-03
   188     8.0000E+06  7.8000E+06     2.5318E-02     3.7870E-05     1.4958E-03
   189     7.8000E+06  7.6000E+06     2.5975E-02     4.7835E-05     1.8415E-03
   190     7.6000E+06  7.4000E+06     2.6668E-02     5.0122E-05     1.8795E-03
   191     7.4000E+06  7.2000E+06     2.7399E-02     6.1703E-05     2.2520E-03
   192     7.2000E+06  7.0000E+06     2.8171E-02     6.7714E-05     2.4037E-03
   193     7.0000E+06  6.8000E+06     2.8988E-02     8.3827E-05     2.8918E-03
   194     6.8000E+06  6.6000E+06     2.9853E-02     9.3060E-05     3.1173E-03
   195     6.6000E+06  6.4000E+06     3.0772E-02     1.1412E-04     3.7086E-03
   196     6.4000E+06  6.2000E+06     3.1749E-02     1.3280E-04     4.1828E-03
   197     6.2000E+06  6.0000E+06     3.2790E-02     1.4329E-04     4.3700E-03
   198     6.0000E+06  5.8000E+06     3.3902E-02     1.5683E-04     4.6260E-03
   199     5.8000E+06  5.6000E+06     3.5091E-02     1.7896E-04     5.0998E-03
   200     5.6000E+06  5.4000E+06     3.6368E-02     2.0754E-04     5.7067E-03
   201     5.4000E+06  5.2000E+06     3.7740E-02     2.4188E-04     6.4091E-03
   202     5.2000E+06  5.0000E+06     3.9221E-02     2.6812E-04     6.8362E-03
   203     5.0000E+06  4.7863E+06     4.3680E-02     3.4316E-04     7.8562E-03
   204     4.7863E+06  4.5709E+06     4.6048E-02     3.8250E-04     8.3066E-03
   205     4.5709E+06  4.3652E+06     4.6046E-02     4.1726E-04     9.0618E-03
   206     4.3652E+06  4.1687E+06     4.6060E-02     4.3512E-04     9.4469E-03
   207     4.1687E+06  3.9811E+06     4.6046E-02     4.4475E-04     9.6588E-03
   208     3.9811E+06  3.8019E+06     4.6057E-02     4.5648E-04     9.9111E-03
   209     3.8019E+06  3.6308E+06     4.6048E-02     4.6845E-04     1.0173E-02
   210     3.6308E+06  3.4674E+06     4.6048E-02     4.9868E-04     1.0830E-02
   211     3.4674E+06  3.3113E+06     4.6064E-02     5.0902E-04     1.1050E-02
   212     3.3113E+06  3.1623E+06     4.6041E-02     5.9109E-04     1.2838E-02
   213     3.1623E+06  3.0200E+06     4.6043E-02     7.0043E-04     1.5213E-02
   214     3.0200E+06  2.8840E+06     4.6079E-02     7.0355E-04     1.5268E-02
   215     2.8840E+06  2.7542E+06     4.6051E-02     7.4663E-04     1.6213E-02
   216     2.7542E+06  2.6303E+06     4.6029E-02     8.0707E-04     1.7534E-02
   217     2.6303E+06  2.5119E+06     4.6058E-02     8.2330E-04     1.7875E-02
   218     2.5119E+06  2.3988E+06     4.6071E-02     8.4156E-04     1.8267E-02
   219     2.3988E+06  2.2909E+06     4.6024E-02     9.0559E-04     1.9677E-02
   220     2.2909E+06  2.1878E+06     4.6048E-02     8.0230E-04     1.7423E-02
   221     2.1878E+06  2.0893E+06     4.6067E-02     7.5834E-04     1.6462E-02
   222     2.0893E+06  1.9953E+06     4.6035E-02     7.3209E-04     1.5903E-02
   223     1.9953E+06  1.9055E+06     4.6050E-02     7.0689E-04     1.5350E-02
   224     1.9055E+06  1.8197E+06     4.6073E-02     6.8723E-04     1.4916E-02
   225     1.8197E+06  1.7378E+06     4.6052E-02     8.0161E-04     1.7407E-02
   226     1.7378E+06  1.6596E+06     4.6043E-02     7.7061E-04     1.6737E-02
   227     1.6596E+06  1.5849E+06     4.6055E-02     7.3879E-04     1.6041E-02
   228     1.5849E+06  1.5136E+06     4.6030E-02     7.6682E-04     1.6659E-02
   229     1.5136E+06  1.4454E+06     4.6105E-02     7.9766E-04     1.7301E-02
   230     1.4454E+06  1.3804E+06     4.6013E-02     7.8869E-04     1.7141E-02
   231     1.3804E+06  1.3183E+06     4.6030E-02     7.0130E-04     1.5236E-02
   232     1.3183E+06  1.2589E+06     4.6105E-02     7.2135E-04     1.5646E-02
   233     1.2589E+06  1.2023E+06     4.6002E-02     8.0035E-04     1.7398E-02
   234     1.2023E+06  1.1482E+06     4.6041E-02     7.7775E-04     1.6893E-02
   235     1.1482E+06  1.0965E+06     4.6072E-02     7.0397E-04     1.5280E-02
   236     1.0965E+06  1.0471E+06     4.6099E-02     5.9468E-04     1.2900E-02
   237     1.0471E+06  1.0000E+06     4.6024E-02     5.9372E-04     1.2900E-02
   238     1.0000E+06  9.5499E+05     4.6054E-02     5.7911E-04     1.2574E-02
   239     9.5499E+05  9.1201E+05     4.6050E-02     6.6850E-04     1.4517E-02
   240     9.1201E+05  8.7096E+05     4.6055E-02     7.3802E-04     1.6025E-02
   241     8.7096E+05  8.3176E+05     4.6052E-02     8.3619E-04     1.8157E-02
   242     8.3176E+05  7.9433E+05     4.6045E-02     9.2210E-04     2.0026E-02
   243     7.9433E+05  7.5858E+05     4.6051E-02     9.1338E-04     1.9834E-02
   244     7.5858E+05  7.2444E+05     4.6049E-02     8.5661E-04     1.8602E-02
   245     7.2444E+05  6.9183E+05     4.6059E-02     8.1213E-04     1.7633E-02
   246     6.9183E+05  6.6069E+05     4.6056E-02     7.8686E-04     1.7085E-02
   247     6.6069E+05  6.3096E+05     4.6042E-02     7.6535E-04     1.6623E-02
   248     6.3096E+05  6.0256E+05     4.6055E-02     7.4412E-04     1.6157E-02
   249     6.0256E+05  5.7544E+05     4.6052E-02     7.2284E-04     1.5696E-02
   250     5.7544E+05  5.4954E+05     4.6053E-02     7.0107E-04     1.5223E-02
   251     5.4954E+05  5.2481E+05     4.6045E-02     6.7884E-04     1.4743E-02
   252     5.2481E+05  5.0119E+05     4.6051E-02     6.5547E-04     1.4234E-02
   253     5.0119E+05  4.7863E+05     4.6057E-02     5.5667E-04     1.2086E-02
   254     4.7863E+05  4.5709E+05     4.6048E-02     5.4012E-04     1.1730E-02
   255     4.5709E+05  4.3652E+05     4.6046E-02     4.5254E-04     9.8280E-03
   256     4.3652E+05  4.1687E+05     4.6060E-02     4.1223E-04     8.9499E-03
   257     4.1687E+05  3.9811E+05     4.6046E-02     4.5219E-04     9.8204E-03
   258     3.9811E+05  3.8019E+05     4.6057E-02     4.9034E-04     1.0646E-02
   259     3.8019E+05  3.6308E+05     4.6048E-02     5.1332E-04     1.1148E-02
   260     3.6308E+05  3.4674E+05     4.6048E-02     5.5808E-04     1.2120E-02
   261     3.4674E+05  3.3113E+05     4.6064E-02     5.5953E-04     1.2147E-02
   262     3.3113E+05  3.1623E+05     4.6041E-02     5.6536E-04     1.2279E-02
   263     3.1623E+05  3.0200E+05     4.6043E-02     5.6538E-04     1.2279E-02
   264     3.0200E+05  2.8840E+05     4.6079E-02     5.2795E-04     1.1458E-02
   265     2.8840E+05  2.7542E+05     4.6051E-02     5.1272E-04     1.1134E-02
   266     2.7542E+05  2.6303E+05     4.6029E-02     4.8860E-04     1.0615E-02
   267     2.6303E+05  2.5119E+05     4.6058E-02     4.8412E-04     1.0511E-02
   268     2.5119E+05  2.3988E+05     4.6071E-02     4.6664E-04     1.0129E-02
   269     2.3988E+05  2.2909E+05     4.6024E-02     4.4963E-04     9.7695E-03
   270     2.2909E+05  2.1878E+05     4.6048E-02     4.3880E-04     9.5291E-03
   271     2.1878E+05  2.0893E+05     4.6067E-02     4.2814E-04     9.2938E-03
   272     2.0893E+05  1.9953E+05     4.6035E-02     4.1661E-04     9.0499E-03
   273     1.9953E+05  1.9055E+05     4.6050E-02     4.0560E-04     8.8078E-03
   274     1.9055E+05  1.8197E+05     4.6073E-02     3.9488E-04     8.5708E-03
   275     1.8197E+05  1.7378E+05     4.6052E-02     3.8525E-04     8.3656E-03
   276     1.7378E+05  1.6596E+05     4.6043E-02     3.7602E-04     8.1667E-03
   277     1.6596E+05  1.5849E+05     4.6055E-02     3.6753E-04     7.9802E-03
   278     1.5849E+05  1.5136E+05     4.6030E-02     3.5972E-04     7.8148E-03
   279     1.5136E+05  1.4454E+05     4.6105E-02     3.5219E-04     7.6389E-03
   280     1.4454E+05  1.3804E+05     4.6013E-02     3.4353E-04     7.4660E-03
   281     1.3804E+05  1.3183E+05     4.6030E-02     3.3601E-04     7.2998E-03
   282     1.3183E+05  1.2589E+05     4.6105E-02     3.2917E-04     7.1396E-03
   283     1.2589E+05  1.2023E+05     4.6002E-02     3.2149E-04     6.9886E-03
   284     1.2023E+05  1.1482E+05     4.6041E-02     3.1527E-04     6.8476E-03
   285     1.1482E+05  1.0965E+05     4.6072E-02     3.0852E-04     6.6964E-03
   286     1.0965E+05  1.0471E+05     4.6099E-02     3.0209E-04     6.5531E-03
   287     1.0471E+05  1.0000E+05     4.6024E-02     3.0160E-04     6.5530E-03
   288     1.0000E+05  9.5499E+04     4.6054E-02     2.9337E-04     6.3701E-03
   289     9.5499E+04  9.1201E+04     4.6050E-02     2.8697E-04     6.2317E-03
   290     9.1201E+04  8.7096E+04     4.6055E-02     2.8700E-04     6.2317E-03
   291     8.7096E+04  8.3176E+04     4.6052E-02     2.7932E-04     6.0653E-03
   292     8.3176E+04  7.9433E+04     4.6045E-02     2.7119E-04     5.8897E-03
   293     7.9433E+04  7.5858E+04     4.6051E-02     2.6867E-04     5.8342E-03
   294     7.5858E+04  7.2444E+04     4.6049E-02     2.6866E-04     5.8342E-03
   295     7.2444E+04  6.9183E+04     4.6059E-02     2.5829E-04     5.6078E-03
   296     6.9183E+04  6.6069E+04     4.6056E-02     2.5508E-04     5.5385E-03
   297     6.6069E+04  6.3096E+04     4.6042E-02     2.5290E-04     5.4928E-03
   298     6.3096E+04  6.0256E+04     4.6055E-02     2.5297E-04     5.4928E-03
   299     6.0256E+04  5.7544E+04     4.6052E-02     2.5295E-04     5.4927E-03
   300     5.7544E+04  5.4954E+04     4.6053E-02     2.4563E-04     5.3336E-03
   301     5.4954E+04  5.2481E+04     4.6045E-02     2.4121E-04     5.2385E-03
   302     5.2481E+04  5.0119E+04     4.6051E-02     2.3451E-04     5.0924E-03
   303     5.0119E+04  4.7863E+04     4.6057E-02     2.3452E-04     5.0919E-03
   304     4.7863E+04  4.5709E+04     4.6048E-02     2.3112E-04     5.0192E-03
   305     4.5709E+04  4.3652E+04     4.6046E-02     2.2262E-04     4.8347E-03
   306     4.3652E+04  4.1687E+04     4.6060E-02     2.2269E-04     4.8348E-03
   307     4.1687E+04  3.9811E+04     4.6046E-02     2.2294E-04     4.8417E-03
   308     3.9811E+04  3.8019E+04     4.6057E-02     2.2324E-04     4.8470E-03
   309     3.8019E+04  3.6308E+04     4.6048E-02     2.2319E-04     4.8469E-03
   310     3.6308E+04  3.4674E+04     4.6048E-02     2.2319E-04     4.8469E-03
   311     3.4674E+04  3.3113E+04     4.6064E-02     2.1740E-04     4.7195E-03
   312     3.3113E+04  3.1623E+04     4.6041E-02     2.1499E-04     4.6695E-03
   313     3.1623E+04  3.0200E+04     4.6043E-02     2.1168E-04     4.5975E-03
   314     3.0200E+04  2.8840E+04     4.6079E-02     2.1185E-04     4.5976E-03
   315     2.8840E+04  2.7542E+04     4.6051E-02     2.0879E-04     4.5339E-03
   316     2.7542E+04  2.6303E+04     4.6029E-02     2.0685E-04     4.4939E-03
   317     2.6303E+04  2.5119E+04     4.6058E-02     2.0594E-04     4.4713E-03
   318     2.5119E+04  2.3988E+04     4.6071E-02     2.0295E-04     4.4052E-03
   319     2.3988E+04  2.2909E+04     4.6024E-02     2.0176E-04     4.3838E-03
   320     2.2909E+04  2.1878E+04     4.6048E-02     2.0276E-04     4.4032E-03
   321     2.1878E+04  2.0893E+04     4.6067E-02     1.9685E-04     4.2731E-03
   322     2.0893E+04  1.9953E+04     4.6035E-02     1.9669E-04     4.2726E-03
   323     1.9953E+04  1.9055E+04     4.6050E-02     1.9601E-04     4.2565E-03
   324     1.9055E+04  1.8197E+04     4.6073E-02     1.9420E-04     4.2151E-03
   325     1.8197E+04  1.7378E+04     4.6052E-02     1.9412E-04     4.2153E-03
   326     1.7378E+04  1.6596E+04     4.6043E-02     1.9408E-04     4.2152E-03
   327     1.6596E+04  1.5849E+04     4.6055E-02     1.9413E-04     4.2152E-03
   328     1.5849E+04  1.5136E+04     4.6030E-02     1.9403E-04     4.2153E-03
   329     1.5136E+04  1.4454E+04     4.6105E-02     1.8968E-04     4.1141E-03
   330     1.4454E+04  1.3804E+04     4.6013E-02     1.8850E-04     4.0967E-03
   331     1.3804E+04  1.3183E+04     4.6030E-02     1.8857E-04     4.0967E-03
   332     1.3183E+04  1.2589E+04     4.6105E-02     1.8888E-04     4.0968E-03
   333     1.2589E+04  1.2023E+04     4.6002E-02     1.8846E-04     4.0968E-03
   334     1.2023E+04  1.1482E+04     4.6041E-02     1.8754E-04     4.0733E-03
   335     1.1482E+04  1.0965E+04     4.6072E-02     1.8622E-04     4.0419E-03
   336     1.0965E+04  1.0471E+04     4.6099E-02     1.8550E-04     4.0240E-03
   337     1.0471E+04  1.0000E+04     4.6024E-02     1.8279E-04     3.9716E-03
   338     1.0000E+04  9.5499E+03     4.6054E-02     1.8291E-04     3.9716E-03
   339     9.5499E+03  9.1201E+03     4.6050E-02     1.8289E-04     3.9716E-03
   340     9.1201E+03  8.7096E+03     4.6055E-02     1.8146E-04     3.9401E-03
   341     8.7096E+03  8.3176E+03     4.6052E-02     1.8144E-04     3.9399E-03
   342     8.3176E+03  7.9433E+03     4.6045E-02     1.8046E-04     3.9192E-03
   343     7.9433E+03  7.5858E+03     4.6051E-02     1.7805E-04     3.8664E-03
   344     7.5858E+03  7.2444E+03     4.6049E-02     1.7804E-04     3.8663E-03
   345     7.2444E+03  6.9183E+03     4.6059E-02     1.7991E-04     3.9061E-03
   346     6.9183E+03  6.6069E+03     4.6056E-02     1.8129E-04     3.9363E-03
   347     6.6069E+03  6.3096E+03     4.6042E-02     1.8124E-04     3.9364E-03
   348     6.3096E+03  6.0256E+03     4.6055E-02     1.7714E-04     3.8463E-03
   349     6.0256E+03  5.7544E+03     4.6052E-02     1.7642E-04     3.8309E-03
   350     5.7544E+03  5.4954E+03     4.6053E-02     1.7630E-04     3.8282E-03
   351     5.4954E+03  5.2481E+03     4.6045E-02     1.7555E-04     3.8126E-03
   352     5.2481E+03  5.0119E+03     4.6051E-02     1.7557E-04     3.8125E-03
   353     5.0119E+03  4.7863E+03     4.6057E-02     1.7520E-04     3.8039E-03
   354     4.7863E+03  4.5709E+03     4.6048E-02     1.7463E-04     3.7924E-03
   355     4.5709E+03  4.3652E+03     4.6046E-02     1.7462E-04     3.7923E-03
   356     4.3652E+03  4.1687E+03     4.6060E-02     1.6655E-04     3.6160E-03
   357     4.1687E+03  3.9811E+03     4.6046E-02     1.6320E-04     3.5443E-03
   358     3.9811E+03  3.8019E+03     4.6057E-02     1.6324E-04     3.5443E-03
   359     3.8019E+03  3.6308E+03     4.6048E-02     1.8054E-04     3.9207E-03
   360     3.6308E+03  3.4674E+03     4.6048E-02     1.8060E-04     3.9220E-03
   361     3.4674E+03  3.3113E+03     4.6064E-02     1.7816E-04     3.8676E-03
   362     3.3113E+03  3.1623E+03     4.6041E-02     1.7170E-04     3.7293E-03
   363     3.1623E+03  3.0200E+03     4.6043E-02     1.7171E-04     3.7294E-03
   364     3.0200E+03  2.8840E+03     4.6079E-02     1.6616E-04     3.6060E-03
   365     2.8840E+03  2.7542E+03     4.6051E-02     1.6172E-04     3.5117E-03
   366     2.7542E+03  2.6303E+03     4.6029E-02     1.6165E-04     3.5119E-03
   367     2.6303E+03  2.5119E+03     4.6058E-02     1.7452E-04     3.7891E-03
   368     2.5119E+03  2.3988E+03     4.6071E-02     1.7676E-04     3.8367E-03
   369     2.3988E+03  2.2909E+03     4.6024E-02     1.7551E-04     3.8135E-03
   370     2.2909E+03  2.1878E+03     4.6048E-02     1.6899E-04     3.6698E-03
   371     2.1878E+03  2.0893E+03     4.6067E-02     1.6906E-04     3.6698E-03
   372     2.0893E+03  1.9953E+03     4.6035E-02     1.6859E-04     3.6622E-03
   373     1.9953E+03  1.9055E+03     4.6050E-02     1.6816E-04     3.6517E-03
   374     1.9055E+03  1.8197E+03     4.6073E-02     1.6825E-04     3.6518E-03
   375     1.8197E+03  1.7378E+03     4.6052E-02     1.6686E-04     3.6233E-03
   376     1.7378E+03  1.6596E+03     4.6043E-02     1.6630E-04     3.6118E-03
   377     1.6596E+03  1.5849E+03     4.6055E-02     1.6634E-04     3.6117E-03
   378     1.5849E+03  1.5136E+03     4.6030E-02     1.6644E-04     3.6159E-03
   379     1.5136E+03  1.4454E+03     4.6105E-02     1.6671E-04     3.6159E-03
   380     1.4454E+03  1.3804E+03     4.6013E-02     1.6626E-04     3.6133E-03
   381     1.3804E+03  1.3183E+03     4.6030E-02     1.6602E-04     3.6068E-03
   382     1.3183E+03  1.2589E+03     4.6105E-02     1.6629E-04     3.6068E-03
   383     1.2589E+03  1.2023E+03     4.6002E-02     1.6498E-04     3.5864E-03
   384     1.2023E+03  1.1482E+03     4.6041E-02     1.6440E-04     3.5707E-03
   385     1.1482E+03  1.0965E+03     4.6072E-02     1.6451E-04     3.5707E-03
   386     1.0965E+03  1.0471E+03     4.6099E-02     1.6418E-04     3.5615E-03
   387     1.0471E+03  1.0000E+03     4.6024E-02     1.6385E-04     3.5601E-03
   388     1.0000E+03  9.5499E+02     4.6054E-02     1.6317E-04     3.5430E-03
   389     9.5499E+02  9.1201E+02     4.6050E-02     1.5831E-04     3.4378E-03
   390     9.1201E+02  8.7096E+02     4.6055E-02     1.5833E-04     3.4379E-03
   391     8.7096E+02  8.3176E+02     4.6052E-02     1.6133E-04     3.5032E-03
   392     8.3176E+02  7.9433E+02     4.6045E-02     1.6537E-04     3.5915E-03
   393     7.9433E+02  7.5858E+02     4.6051E-02     1.6539E-04     3.5915E-03
   394     7.5858E+02  7.2444E+02     4.6049E-02     1.5789E-04     3.4287E-03
   395     7.2444E+02  6.9183E+02     4.6059E-02     1.5485E-04     3.3620E-03
   396     6.9183E+02  6.6069E+02     4.6056E-02     1.5484E-04     3.3620E-03
   397     6.6069E+02  6.3096E+02     4.6042E-02     1.6493E-04     3.5821E-03
   398     6.3096E+02  6.0256E+02     4.6055E-02     1.6500E-04     3.5827E-03
   399     6.0256E+02  5.7544E+02     4.6052E-02     1.6230E-04     3.5243E-03
   400     5.7544E+02  5.4954E+02     4.6053E-02     1.5549E-04     3.3763E-03
   401     5.4954E+02  5.2481E+02     4.6045E-02     1.5546E-04     3.3762E-03
   402     5.2481E+02  5.0119E+02     4.6051E-02     1.5863E-04     3.4447E-03
   403     5.0119E+02  4.7863E+02     4.6057E-02     1.6104E-04     3.4965E-03
   404     4.7863E+02  4.5709E+02     4.6048E-02     1.6100E-04     3.4964E-03
   405     4.5709E+02  4.3652E+02     4.6046E-02     1.5740E-04     3.4183E-03
   406     4.3652E+02  4.1687E+02     4.6060E-02     1.5682E-04     3.4047E-03
   407     4.1687E+02  3.9811E+02     4.6046E-02     1.5703E-04     3.4103E-03
   408     3.9811E+02  3.8019E+02     4.6057E-02     1.5860E-04     3.4435E-03
   409     3.8019E+02  3.6308E+02     4.6048E-02     1.5857E-04     3.4436E-03
   410     3.6308E+02  3.4674E+02     4.6048E-02     1.5827E-04     3.4371E-03
   411     3.4674E+02  3.3113E+02     4.6064E-02     1.5792E-04     3.4283E-03
   412     3.3113E+02  3.1623E+02     4.6041E-02     1.5784E-04     3.4282E-03
   413     3.1623E+02  3.0200E+02     4.6043E-02     1.5250E-04     3.3121E-03
   414     3.0200E+02  2.8840E+02     4.6079E-02     1.5041E-04     3.2642E-03
   415     2.8840E+02  2.7542E+02     4.6051E-02     1.5032E-04     3.2642E-03
   416     2.7542E+02  2.6303E+02     4.6029E-02     1.5221E-04     3.3068E-03
   417     2.6303E+02  2.5119E+02     4.6058E-02     1.5231E-04     3.3069E-03
   418     2.5119E+02  2.3988E+02     4.6071E-02     1.5189E-04     3.2969E-03
   419     2.3988E+02  2.2909E+02     4.6024E-02     1.5056E-04     3.2713E-03
   420     2.2909E+02  2.1878E+02     4.6048E-02     1.5064E-04     3.2713E-03
   421     2.1878E+02  2.0893E+02     4.6067E-02     1.4825E-04     3.2181E-03
   422     2.0893E+02  1.9953E+02     4.6035E-02     1.4630E-04     3.1780E-03
   423     1.9953E+02  1.9055E+02     4.6050E-02     1.4891E-04     3.2337E-03
   424     1.9055E+02  1.8197E+02     4.6073E-02     1.5153E-04     3.2889E-03
   425     1.8197E+02  1.7378E+02     4.6052E-02     1.5146E-04     3.2889E-03
   426     1.7378E+02  1.6596E+02     4.6043E-02     1.4932E-04     3.2430E-03
   427     1.6596E+02  1.5849E+02     4.6055E-02     1.4913E-04     3.2381E-03
   428     1.5849E+02  1.5136E+02     4.6030E-02     1.4904E-04     3.2379E-03
   429     1.5136E+02  1.4454E+02     4.6105E-02     1.4954E-04     3.2435E-03
   430     1.4454E+02  1.3804E+02     4.6013E-02     1.4941E-04     3.2471E-03
   431     1.3804E+02  1.3183E+02     4.6030E-02     1.4946E-04     3.2470E-03
   432     1.3183E+02  1.2589E+02     4.6105E-02     1.4520E-04     3.1494E-03
   433     1.2589E+02  1.2023E+02     4.6002E-02     1.4307E-04     3.1101E-03
   434     1.2023E+02  1.1482E+02     4.6041E-02     1.4319E-04     3.1101E-03
   435     1.1482E+02  1.0965E+02     4.6072E-02     1.4225E-04     3.0875E-03
   436     1.0965E+02  1.0471E+02     4.6099E-02     1.3946E-04     3.0252E-03
   437     1.0471E+02  1.0000E+02     4.6024E-02     1.3924E-04     3.0253E-03
   438     1.0000E+02  9.5499E+01     4.6054E-02     1.3933E-04     3.0253E-03
   439     9.5499E+01  9.1201E+01     4.6050E-02     1.3931E-04     3.0252E-03
   440     9.1201E+01  8.7096E+01     4.6055E-02     1.3837E-04     3.0045E-03
   441     8.7096E+01  8.3176E+01     4.6052E-02     1.3762E-04     2.9884E-03
   442     8.3176E+01  7.9433E+01     4.6045E-02     1.3760E-04     2.9884E-03
   443     7.9433E+01  7.5858E+01     4.6051E-02     1.3762E-04     2.9884E-03
   444     7.5858E+01  7.2444E+01     4.6049E-02     1.3418E-04     2.9138E-03
   445     7.2444E+01  6.9183E+01     4.6059E-02     1.3382E-04     2.9054E-03
   446     6.9183E+01  6.6069E+01     4.6056E-02     1.3381E-04     2.9054E-03
   447     6.6069E+01  6.3096E+01     4.6042E-02     1.3377E-04     2.9054E-03
   448     6.3096E+01  6.0256E+01     4.6055E-02     1.3381E-04     2.9054E-03
   449     6.0256E+01  5.7544E+01     4.6052E-02     1.3380E-04     2.9054E-03
   450     5.7544E+01  5.4954E+01     4.6053E-02     1.3380E-04     2.9053E-03
   451     5.4954E+01  5.2481E+01     4.6045E-02     1.3378E-04     2.9054E-03
   452     5.2481E+01  5.0119E+01     4.6051E-02     1.3380E-04     2.9055E-03
   453     5.0119E+01  4.7863E+01     4.6057E-02     1.3366E-04     2.9020E-03
   454     4.7863E+01  4.5709E+01     4.6048E-02     1.2485E-04     2.7113E-03
   455     4.5709E+01  4.3652E+01     4.6046E-02     1.2485E-04     2.7114E-03
   456     4.3652E+01  4.1687E+01     4.6060E-02     1.2489E-04     2.7115E-03
   457     4.1687E+01  3.9811E+01     4.6046E-02     1.2485E-04     2.7114E-03
   458     3.9811E+01  3.8019E+01     4.6057E-02     1.2488E-04     2.7114E-03
   459     3.8019E+01  3.6308E+01     4.6048E-02     1.2486E-04     2.7115E-03
   460     3.6308E+01  3.4674E+01     4.6048E-02     1.2486E-04     2.7115E-03
   461     3.4674E+01  3.3113E+01     4.6064E-02     1.2490E-04     2.7114E-03
   462     3.3113E+01  3.1623E+01     4.6041E-02     1.2484E-04     2.7115E-03
   463     3.1623E+01  3.0200E+01     4.6043E-02     1.2484E-04     2.7114E-03
   464     3.0200E+01  2.8840E+01     4.6079E-02     1.2494E-04     2.7115E-03
   465     2.8840E+01  2.7542E+01     4.6051E-02     1.2362E-04     2.6844E-03
   466     2.7542E+01  2.6303E+01     4.6029E-02     1.1481E-04     2.4943E-03
   467     2.6303E+01  2.5119E+01     4.6058E-02     1.1489E-04     2.4944E-03
   468     2.5119E+01  2.3988E+01     4.6071E-02     1.1492E-04     2.4944E-03
   469     2.3988E+01  2.2909E+01     4.6024E-02     1.1480E-04     2.4944E-03
   470     2.2909E+01  2.1878E+01     4.6048E-02     1.1486E-04     2.4943E-03
   471     2.1878E+01  2.0893E+01     4.6067E-02     1.1491E-04     2.4944E-03
   472     2.0893E+01  1.9953E+01     4.6035E-02     1.1483E-04     2.4944E-03
   473     1.9953E+01  1.9055E+01     4.6050E-02     1.1486E-04     2.4942E-03
   474     1.9055E+01  1.8197E+01     4.6073E-02     1.1492E-04     2.4943E-03
   475     1.8197E+01  1.7378E+01     4.6052E-02     1.1487E-04     2.4944E-03
   476     1.7378E+01  1.6596E+01     4.6043E-02     1.1485E-04     2.4944E-03
   477     1.6596E+01  1.5849E+01     4.6055E-02     1.1453E-04     2.4868E-03
   478     1.5849E+01  1.5136E+01     4.6030E-02     1.1312E-04     2.4575E-03
   479     1.5136E+01  1.4454E+01     4.6105E-02     1.1330E-04     2.4574E-03
   480     1.4454E+01  1.3804E+01     4.6013E-02     1.1307E-04     2.4574E-03
   481     1.3804E+01  1.3183E+01     4.6030E-02     1.1312E-04     2.4575E-03
   482     1.3183E+01  1.2589E+01     4.6105E-02     1.1330E-04     2.4574E-03
   483     1.2589E+01  1.2023E+01     4.6002E-02     1.1305E-04     2.4575E-03
   484     1.2023E+01  1.1482E+01     4.6041E-02     1.1314E-04     2.4574E-03
   485     1.1482E+01  1.0965E+01     4.6072E-02     1.1322E-04     2.4574E-03
   486     1.0965E+01  1.0471E+01     4.6099E-02     1.1328E-04     2.4573E-03
   487     1.0471E+01  1.0000E+01     4.6024E-02     1.1310E-04     2.4574E-03
   488     1.0000E+01  9.9750E+00     2.5031E-03     6.5619E-06     2.6215E-03
   489     9.9750E+00  9.9500E+00     2.5094E-03     6.5922E-06     2.6270E-03
   490     9.9500E+00  9.9250E+00     2.5157E-03     6.6229E-06     2.6326E-03
   491     9.9250E+00  9.9000E+00     2.5221E-03     6.6542E-06     2.6384E-03
   492     9.9000E+00  9.8750E+00     2.5284E-03     6.6859E-06     2.6443E-03
   493     9.8750E+00  9.8500E+00     2.5349E-03     6.7199E-06     2.6510E-03
   494     9.8500E+00  9.8250E+00     2.5413E-03     6.7542E-06     2.6578E-03
   495     9.8250E+00  9.8000E+00     2.5478E-03     6.7839E-06     2.6627E-03
   496     9.8000E+00  9.7750E+00     2.5543E-03     6.8112E-06     2.6666E-03
   497     9.7750E+00  9.7500E+00     2.5608E-03     6.8359E-06     2.6694E-03
   498     9.7500E+00  9.7250E+00     2.5674E-03     6.8579E-06     2.6712E-03
   499     9.7250E+00  9.7000E+00     2.5740E-03     6.8772E-06     2.6718E-03
   500     9.7000E+00  9.6750E+00     2.5806E-03     6.8939E-06     2.6714E-03
   501     9.6750E+00  9.6500E+00     2.5873E-03     6.9082E-06     2.6700E-03
   502     9.6500E+00  9.6250E+00     2.5940E-03     6.9229E-06     2.6688E-03
   503     9.6250E+00  9.6000E+00     2.6008E-03     6.9389E-06     2.6680E-03
   504     9.6000E+00  9.5750E+00     2.6076E-03     6.9582E-06     2.6685E-03
   505     9.5750E+00  9.5500E+00     2.6144E-03     6.9749E-06     2.6679E-03
   506     9.5500E+00  9.5250E+00     2.6212E-03     6.9972E-06     2.6694E-03
   507     9.5250E+00  9.5000E+00     2.6281E-03     7.0179E-06     2.6703E-03
   508     9.5000E+00  9.4750E+00     2.6350E-03     7.0389E-06     2.6713E-03
   509     9.4750E+00  9.4500E+00     2.6420E-03     7.0602E-06     2.6723E-03
   510     9.4500E+00  9.4250E+00     2.6490E-03     7.0809E-06     2.6730E-03
   511     9.4250E+00  9.4000E+00     2.6560E-03     7.1002E-06     2.6732E-03
   512     9.4000E+00  9.3750E+00     2.6631E-03     7.1179E-06     2.6728E-03
   513     9.3750E+00  9.3500E+00     2.6702E-03     7.1359E-06     2.6724E-03
   514     9.3500E+00  9.3250E+00     2.6774E-03     7.1542E-06     2.6721E-03
   515     9.3250E+00  9.3000E+00     2.6846E-03     7.1719E-06     2.6715E-03
   516     9.3000E+00  9.2750E+00     2.6918E-03     7.1922E-06     2.6719E-03
   517     9.2750E+00  9.2500E+00     2.6991E-03     7.2119E-06     2.6720E-03
   518     9.2500E+00  9.2250E+00     2.7064E-03     7.2339E-06     2.6729E-03
   519     9.2250E+00  9.2000E+00     2.7137E-03     7.2542E-06     2.6732E-03
   520     9.2000E+00  9.1750E+00     2.7211E-03     7.2749E-06     2.6735E-03
   521     9.1750E+00  9.1500E+00     2.7285E-03     7.2942E-06     2.6733E-03
   522     9.1500E+00  9.1250E+00     2.7360E-03     7.3129E-06     2.6729E-03
   523     9.1250E+00  9.1000E+00     2.7435E-03     7.3309E-06     2.6721E-03
   524     9.1000E+00  9.0750E+00     2.7510E-03     7.3492E-06     2.6714E-03
   525     9.0750E+00  9.0500E+00     2.7586E-03     7.3669E-06     2.6705E-03
   526     9.0500E+00  9.0250E+00     2.7663E-03     7.3842E-06     2.6694E-03
   527     9.0250E+00  9.0000E+00     2.7739E-03     7.3979E-06     2.6669E-03
   528     9.0000E+00  8.9750E+00     2.7816E-03     7.4089E-06     2.6635E-03
   529     8.9750E+00  8.9500E+00     2.7894E-03     7.4152E-06     2.6583E-03
   530     8.9500E+00  8.9250E+00     2.7972E-03     7.4179E-06     2.6519E-03
   531     8.9250E+00  8.9000E+00     2.8051E-03     7.4152E-06     2.6435E-03
   532     8.9000E+00  8.8750E+00     2.8129E-03     7.4069E-06     2.6332E-03
   533     8.8750E+00  8.8500E+00     2.8209E-03     7.3949E-06     2.6215E-03
   534     8.8500E+00  8.8250E+00     2.8289E-03     7.3792E-06     2.6085E-03
   535     8.8250E+00  8.8000E+00     2.8369E-03     7.3599E-06     2.5944E-03
   536     8.8000E+00  8.7750E+00     2.8450E-03     7.3372E-06     2.5790E-03
   537     8.7750E+00  8.7500E+00     2.8531E-03     7.3089E-06     2.5618E-03
   538     8.7500E+00  8.7250E+00     2.8612E-03     7.2769E-06     2.5433E-03
   539     8.7250E+00  8.7000E+00     2.8694E-03     7.2402E-06     2.5232E-03
   540     8.7000E+00  8.6750E+00     2.8777E-03     7.2049E-06     2.5037E-03
   541     8.6750E+00  8.6500E+00     2.8860E-03     7.1802E-06     2.4879E-03
   542     8.6500E+00  8.6250E+00     2.8944E-03     7.1739E-06     2.4786E-03
   543     8.6250E+00  8.6000E+00     2.9028E-03     7.1949E-06     2.4786E-03
   544     8.6000E+00  8.5750E+00     2.9112E-03     7.2442E-06     2.4884E-03
   545     8.5750E+00  8.5500E+00     2.9197E-03     7.3159E-06     2.5057E-03
   546     8.5500E+00  8.5250E+00     2.9283E-03     7.4012E-06     2.5275E-03
   547     8.5250E+00  8.5000E+00     2.9369E-03     7.4879E-06     2.5496E-03
   548     8.5000E+00  8.4750E+00     2.9455E-03     7.5679E-06     2.5693E-03
   549     8.4750E+00  8.4500E+00     2.9542E-03     7.6362E-06     2.5849E-03
   550     8.4500E+00  8.4250E+00     2.9630E-03     7.6889E-06     2.5950E-03
   551     8.4250E+00  8.4000E+00     2.9718E-03     7.7282E-06     2.6005E-03
   552     8.4000E+00  8.3750E+00     2.9806E-03     7.7559E-06     2.6021E-03
   553     8.3750E+00  8.3500E+00     2.9895E-03     7.7719E-06     2.5997E-03
   554     8.3500E+00  8.3250E+00     2.9985E-03     7.7772E-06     2.5937E-03
   555     8.3250E+00  8.3000E+00     3.0075E-03     7.7719E-06     2.5842E-03
   556     8.3000E+00  8.2750E+00     3.0166E-03     7.7552E-06     2.5708E-03
   557     8.2750E+00  8.2500E+00     3.0257E-03     7.7269E-06     2.5537E-03
   558     8.2500E+00  8.2250E+00     3.0349E-03     7.6849E-06     2.5322E-03
   559     8.2250E+00  8.2000E+00     3.0441E-03     7.6312E-06     2.5068E-03
   560     8.2000E+00  8.1750E+00     3.0534E-03     7.5659E-06     2.4778E-03
   561     8.1750E+00  8.1500E+00     3.0628E-03     7.4932E-06     2.4465E-03
   562     8.1500E+00  8.1250E+00     3.0722E-03     7.4139E-06     2.4132E-03
   563     8.1250E+00  8.1000E+00     3.0817E-03     7.3349E-06     2.3802E-03
   564     8.1000E+00  8.0750E+00     3.0912E-03     7.2592E-06     2.3483E-03
   565     8.0750E+00  8.0500E+00     3.1008E-03     7.1849E-06     2.3171E-03
   566     8.0500E+00  8.0250E+00     3.1104E-03     7.1082E-06     2.2853E-03
   567     8.0250E+00  8.0000E+00     3.1201E-03     7.0139E-06     2.2480E-03
   568     8.0000E+00  7.9750E+00     3.1299E-03     6.8840E-06     2.1994E-03
   569     7.9750E+00  7.9500E+00     3.1397E-03     6.6980E-06     2.1333E-03
   570     7.9500E+00  7.9250E+00     3.1496E-03     6.4489E-06     2.0475E-03
   571     7.9250E+00  7.9000E+00     3.1596E-03     6.1530E-06     1.9474E-03
   572     7.9000E+00  7.8750E+00     3.1696E-03     5.8500E-06     1.8457E-03
   573     7.8750E+00  7.8500E+00     3.1797E-03     5.5910E-06     1.7584E-03
   574     7.8500E+00  7.8250E+00     3.1898E-03     5.4240E-06     1.7004E-03
   575     7.8250E+00  7.8000E+00     3.2000E-03     5.3869E-06     1.6834E-03
   576     7.8000E+00  7.7750E+00     3.2103E-03     5.4550E-06     1.6992E-03
   577     7.7750E+00  7.7500E+00     3.2206E-03     5.6650E-06     1.7590E-03
   578     7.7500E+00  7.7250E+00     3.2310E-03     5.9510E-06     1.8418E-03
   579     7.7250E+00  7.7000E+00     3.2415E-03     6.2780E-06     1.9368E-03
   580     7.7000E+00  7.6750E+00     3.2520E-03     6.6029E-06     2.0304E-03
   581     7.6750E+00  7.6500E+00     3.2626E-03     6.8960E-06     2.1136E-03
   582     7.6500E+00  7.6250E+00     3.2733E-03     7.1470E-06     2.1834E-03
   583     7.6250E+00  7.6000E+00     3.2841E-03     7.3540E-06     2.2393E-03
   584     7.6000E+00  7.5750E+00     3.2949E-03     7.5190E-06     2.2820E-03
   585     7.5750E+00  7.5500E+00     3.3058E-03     7.6469E-06     2.3132E-03
   586     7.5500E+00  7.5250E+00     3.3168E-03     7.7420E-06     2.3342E-03
   587     7.5250E+00  7.5000E+00     3.3278E-03     7.8080E-06     2.3463E-03
   588     7.5000E+00  7.4750E+00     3.3389E-03     7.8520E-06     2.3517E-03
   589     7.4750E+00  7.4500E+00     3.3501E-03     7.8780E-06     2.3516E-03
   590     7.4500E+00  7.4250E+00     3.3613E-03     7.8899E-06     2.3472E-03
   591     7.4250E+00  7.4000E+00     3.3727E-03     7.8890E-06     2.3391E-03
   592     7.4000E+00  7.3750E+00     3.3841E-03     7.8770E-06     2.3277E-03
   593     7.3750E+00  7.3500E+00     3.3956E-03     7.8540E-06     2.3130E-03
   594     7.3500E+00  7.3250E+00     3.4072E-03     7.8210E-06     2.2955E-03
   595     7.3250E+00  7.3000E+00     3.4188E-03     7.7769E-06     2.2747E-03
   596     7.3000E+00  7.2750E+00     3.4305E-03     7.7200E-06     2.2504E-03
   597     7.2750E+00  7.2500E+00     3.4423E-03     7.6510E-06     2.2226E-03
   598     7.2500E+00  7.2250E+00     3.4542E-03     7.5650E-06     2.1901E-03
   599     7.2250E+00  7.2000E+00     3.4662E-03     7.4630E-06     2.1531E-03
   600     7.2000E+00  7.1750E+00     3.4783E-03     7.3399E-06     2.1102E-03
   601     7.1750E+00  7.1500E+00     3.4904E-03     7.1940E-06     2.0611E-03
   602     7.1500E+00  7.1250E+00     3.5026E-03     7.0220E-06     2.0048E-03
   603     7.1250E+00  7.1000E+00     3.5149E-03     6.8220E-06     1.9409E-03
   604     7.1000E+00  7.0750E+00     3.5273E-03     6.5890E-06     1.8680E-03
   605     7.0750E+00  7.0500E+00     3.5398E-03     6.3219E-06     1.7859E-03
   606     7.0500E+00  7.0250E+00     3.5524E-03     6.0160E-06     1.6935E-03
   607     7.0250E+00  7.0000E+00     3.5651E-03     5.6710E-06     1.5907E-03
   608     7.0000E+00  6.9750E+00     3.5778E-03     5.2810E-06     1.4760E-03
   609     6.9750E+00  6.9500E+00     3.5907E-03     4.8350E-06     1.3465E-03
   610     6.9500E+00  6.9250E+00     3.6036E-03     4.3099E-06     1.1960E-03
   611     6.9250E+00  6.9000E+00     3.6166E-03     3.6630E-06     1.0128E-03
   612     6.9000E+00  6.8750E+00     3.6298E-03     2.8650E-06     7.8931E-04
   613     6.8750E+00  6.8500E+00     3.6430E-03     1.9800E-06     5.4351E-04
   614     6.8500E+00  6.8250E+00     3.6563E-03     1.1990E-06     3.2793E-04
   615     6.8250E+00  6.8000E+00     3.6697E-03     6.4889E-07     1.7682E-04
   616     6.8000E+00  6.7750E+00     3.6832E-03     3.6100E-07     9.8011E-05
   617     6.7750E+00  6.7500E+00     3.6969E-03     2.1320E-07     5.7671E-05
   618     6.7500E+00  6.7250E+00     3.7106E-03     1.3960E-07     3.7622E-05
   619     6.7250E+00  6.7000E+00     3.7244E-03     1.0360E-07     2.7817E-05
   620     6.7000E+00  6.6750E+00     3.7383E-03     8.8229E-08     2.3601E-05
   621     6.6750E+00  6.6500E+00     3.7523E-03     8.6660E-08     2.3095E-05
   622     6.6500E+00  6.6250E+00     3.7665E-03     9.8140E-08     2.6056E-05
   623     6.6250E+00  6.6000E+00     3.7807E-03     1.2770E-07     3.3777E-05
   624     6.6000E+00  6.5750E+00     3.7951E-03     1.8900E-07     4.9801E-05
   625     6.5750E+00  6.5500E+00     3.8095E-03     3.1290E-07     8.2136E-05
   626     6.5500E+00  6.5250E+00     3.8241E-03     5.5940E-07     1.4628E-04
   627     6.5250E+00  6.5000E+00     3.8388E-03     1.0530E-06     2.7431E-04
   628     6.5000E+00  6.4750E+00     3.8536E-03     1.8030E-06     4.6788E-04
   629     6.4750E+00  6.4500E+00     3.8685E-03     2.7080E-06     7.0002E-04
   630     6.4500E+00  6.4250E+00     3.8835E-03     3.5429E-06     9.1230E-04
   631     6.4250E+00  6.4000E+00     3.8986E-03     4.2100E-06     1.0799E-03
   632     6.4000E+00  6.3750E+00     3.9139E-03     4.7410E-06     1.2113E-03
   633     6.3750E+00  6.3500E+00     3.9293E-03     5.1860E-06     1.3198E-03
   634     6.3500E+00  6.3250E+00     3.9448E-03     5.5760E-06     1.4135E-03
   635     6.3250E+00  6.3000E+00     3.9604E-03     5.9239E-06     1.4958E-03
   636     6.3000E+00  6.2750E+00     3.9761E-03     6.2330E-06     1.5676E-03
   637     6.2750E+00  6.2500E+00     3.9920E-03     6.5080E-06     1.6303E-03
   638     6.2500E+00  6.2250E+00     4.0080E-03     6.7510E-06     1.6844E-03
   639     6.2250E+00  6.2000E+00     4.0242E-03     6.9650E-06     1.7308E-03
   640     6.2000E+00  6.1750E+00     4.0404E-03     7.1529E-06     1.7703E-03
   641     6.1750E+00  6.1500E+00     4.0568E-03     7.3170E-06     1.8036E-03
   642     6.1500E+00  6.1250E+00     4.0733E-03     7.4600E-06     1.8314E-03
   643     6.1250E+00  6.1000E+00     4.0900E-03     7.5820E-06     1.8538E-03
   644     6.1000E+00  6.0750E+00     4.1068E-03     7.6810E-06     1.8703E-03
   645     6.0750E+00  6.0500E+00     4.1237E-03     7.7569E-06     1.8810E-03
   646     6.0500E+00  6.0250E+00     4.1408E-03     7.8100E-06     1.8861E-03
   647     6.0250E+00  6.0000E+00     4.1580E-03     7.8480E-06     1.8874E-03
   648     6.0000E+00  5.9750E+00     4.1754E-03     7.8630E-06     1.8832E-03
   649     5.9750E+00  5.9500E+00     4.1929E-03     7.8810E-06     1.8796E-03
   650     5.9500E+00  5.9250E+00     4.2105E-03     7.9089E-06     1.8784E-03
   651     5.9250E+00  5.9000E+00     4.2283E-03     7.9580E-06     1.8821E-03
   652     5.9000E+00  5.8750E+00     4.2463E-03     8.0340E-06     1.8920E-03
   653     5.8750E+00  5.8500E+00     4.2644E-03     8.1420E-06     1.9093E-03
   654     5.8500E+00  5.8250E+00     4.2827E-03     8.2610E-06     1.9289E-03
   655     5.8250E+00  5.8000E+00     4.3011E-03     8.3959E-06     1.9520E-03
   656     5.8000E+00  5.7750E+00     4.3197E-03     8.5300E-06     1.9747E-03
   657     5.7750E+00  5.7500E+00     4.3384E-03     8.6530E-06     1.9945E-03
   658     5.7500E+00  5.7250E+00     4.3573E-03     8.7610E-06     2.0106E-03
   659     5.7250E+00  5.7000E+00     4.3764E-03     8.8390E-06     2.0197E-03
   660     5.7000E+00  5.6750E+00     4.3956E-03     8.8999E-06     2.0247E-03
   661     5.6750E+00  5.6500E+00     4.4150E-03     8.9440E-06     2.0258E-03
   662     5.6500E+00  5.6250E+00     4.4346E-03     8.9770E-06     2.0243E-03
   663     5.6250E+00  5.6000E+00     4.4544E-03     9.0050E-06     2.0216E-03
   664     5.6000E+00  5.5750E+00     4.4743E-03     9.0320E-06     2.0186E-03
   665     5.5750E+00  5.5500E+00     4.4944E-03     9.0419E-06     2.0118E-03
   666     5.5500E+00  5.5250E+00     4.5147E-03     9.0430E-06     2.0030E-03
   667     5.5250E+00  5.5000E+00     4.5352E-03     9.0240E-06     1.9898E-03
   668     5.5000E+00  5.4750E+00     4.5558E-03     8.9860E-06     1.9724E-03
   669     5.4750E+00  5.4500E+00     4.5767E-03     8.9420E-06     1.9538E-03
   670     5.4500E+00  5.4250E+00     4.5977E-03     8.9159E-06     1.9392E-03
   671     5.4250E+00  5.4000E+00     4.6189E-03     8.9130E-06     1.9297E-03
   672     5.4000E+00  5.3750E+00     4.6404E-03     8.9540E-06     1.9296E-03
   673     5.3750E+00  5.3500E+00     4.6620E-03     9.0380E-06     1.9386E-03
   674     5.3500E+00  5.3250E+00     4.6838E-03     9.1600E-06     1.9557E-03
   675     5.3250E+00  5.3000E+00     4.7059E-03     9.3179E-06     1.9801E-03
   676     5.3000E+00  5.2750E+00     4.7281E-03     9.4880E-06     2.0067E-03
   677     5.2750E+00  5.2500E+00     4.7506E-03     9.6700E-06     2.0355E-03
   678     5.2500E+00  5.2250E+00     4.7733E-03     9.8490E-06     2.0634E-03
   679     5.2250E+00  5.2000E+00     4.7962E-03     1.0030E-05     2.0913E-03
   680     5.2000E+00  5.1750E+00     4.8193E-03     1.0190E-05     2.1144E-03
   681     5.1750E+00  5.1500E+00     4.8426E-03     1.0350E-05     2.1373E-03
   682     5.1500E+00  5.1250E+00     4.8662E-03     1.0520E-05     2.1619E-03
   683     5.1250E+00  5.1000E+00     4.8900E-03     1.0690E-05     2.1861E-03
   684     5.1000E+00  5.0750E+00     4.9140E-03     1.0880E-05     2.2141E-03
   685     5.0750E+00  5.0500E+00     4.9383E-03     1.1050E-05     2.2376E-03
   686     5.0500E+00  5.0250E+00     4.9628E-03     1.1210E-05     2.2588E-03
   687     5.0250E+00  5.0000E+00     4.9875E-03     1.1360E-05     2.2777E-03
   688     5.0000E+00  4.9750E+00     5.0125E-03     1.1500E-05     2.2942E-03
   689     4.9750E+00  4.9500E+00     5.0378E-03     1.1620E-05     2.3066E-03
   690     4.9500E+00  4.9250E+00     5.0633E-03     1.1730E-05     2.3167E-03
   691     4.9250E+00  4.9000E+00     5.0891E-03     1.1840E-05     2.3266E-03
   692     4.9000E+00  4.8750E+00     5.1151E-03     1.1940E-05     2.3343E-03
   693     4.8750E+00  4.8500E+00     5.1414E-03     1.2040E-05     2.3418E-03
   694     4.8500E+00  4.8250E+00     5.1680E-03     1.2140E-05     2.3491E-03
   695     4.8250E+00  4.8000E+00     5.1948E-03     1.2240E-05     2.3562E-03
   696     4.8000E+00  4.7750E+00     5.2219E-03     1.2330E-05     2.3612E-03
   697     4.7750E+00  4.7500E+00     5.2494E-03     1.2410E-05     2.3641E-03
   698     4.7500E+00  4.7250E+00     5.2771E-03     1.2470E-05     2.3631E-03
   699     4.7250E+00  4.7000E+00     5.3051E-03     1.2510E-05     2.3581E-03
   700     4.7000E+00  4.6750E+00     5.3333E-03     1.2530E-05     2.3494E-03
   701     4.6750E+00  4.6500E+00     5.3619E-03     1.2520E-05     2.3350E-03
   702     4.6500E+00  4.6250E+00     5.3908E-03     1.2510E-05     2.3206E-03
   703     4.6250E+00  4.6000E+00     5.4201E-03     1.2500E-05     2.3062E-03
   704     4.6000E+00  4.5750E+00     5.4496E-03     1.2530E-05     2.2992E-03
   705     4.5750E+00  4.5500E+00     5.4795E-03     1.2570E-05     2.2940E-03
   706     4.5500E+00  4.5250E+00     5.5097E-03     1.2650E-05     2.2960E-03
   707     4.5250E+00  4.5000E+00     5.5402E-03     1.2730E-05     2.2978E-03
   708     4.5000E+00  4.4750E+00     5.5710E-03     1.2800E-05     2.2976E-03
   709     4.4750E+00  4.4500E+00     5.6023E-03     1.2840E-05     2.2919E-03
   710     4.4500E+00  4.4250E+00     5.6338E-03     1.2820E-05     2.2755E-03
   711     4.4250E+00  4.4000E+00     5.6657E-03     1.2750E-05     2.2504E-03
   712     4.4000E+00  4.3750E+00     5.6980E-03     1.2610E-05     2.2130E-03
   713     4.3750E+00  4.3500E+00     5.7307E-03     1.2400E-05     2.1638E-03
   714     4.3500E+00  4.3250E+00     5.7637E-03     1.2160E-05     2.1098E-03
   715     4.3250E+00  4.3000E+00     5.7971E-03     1.1970E-05     2.0648E-03
   716     4.3000E+00  4.2750E+00     5.8309E-03     1.1940E-05     2.0477E-03
   717     4.2750E+00  4.2500E+00     5.8651E-03     1.2130E-05     2.0682E-03
   718     4.2500E+00  4.2250E+00     5.8997E-03     1.2520E-05     2.1221E-03
   719     4.2250E+00  4.2000E+00     5.9347E-03     1.3010E-05     2.1922E-03
   720     4.2000E+00  4.1750E+00     5.9702E-03     1.3490E-05     2.2596E-03
   721     4.1750E+00  4.1500E+00     6.0060E-03     1.3880E-05     2.3110E-03
   722     4.1500E+00  4.1250E+00     6.0423E-03     1.4200E-05     2.3501E-03
   723     4.1250E+00  4.1000E+00     6.0790E-03     1.4470E-05     2.3803E-03
   724     4.1000E+00  4.0750E+00     6.1162E-03     1.4720E-05     2.4067E-03
   725     4.0750E+00  4.0500E+00     6.1539E-03     1.5000E-05     2.4375E-03
   726     4.0500E+00  4.0250E+00     6.1920E-03     1.5370E-05     2.4822E-03
   727     4.0250E+00  4.0000E+00     6.2305E-03     1.5910E-05     2.5535E-03
   728     4.0000E+00  3.9750E+00     6.2696E-03     1.6020E-05     2.5552E-03
   729     3.9750E+00  3.9500E+00     6.3092E-03     1.5720E-05     2.4916E-03
   730     3.9500E+00  3.9250E+00     6.3492E-03     1.5380E-05     2.4223E-03
   731     3.9250E+00  3.9000E+00     6.3898E-03     1.5480E-05     2.4226E-03
   732     3.9000E+00  3.8750E+00     6.4309E-03     1.5720E-05     2.4445E-03
   733     3.8750E+00  3.8500E+00     6.4725E-03     1.5930E-05     2.4612E-03
   734     3.8500E+00  3.8250E+00     6.5147E-03     1.6070E-05     2.4667E-03
   735     3.8250E+00  3.8000E+00     6.5574E-03     1.6240E-05     2.4766E-03
   736     3.8000E+00  3.7750E+00     6.6007E-03     1.6450E-05     2.4922E-03
   737     3.7750E+00  3.7500E+00     6.6445E-03     1.6610E-05     2.4998E-03
   738     3.7500E+00  3.7250E+00     6.6890E-03     1.6760E-05     2.5056E-03
   739     3.7250E+00  3.7000E+00     6.7340E-03     1.6900E-05     2.5096E-03
   740     3.7000E+00  3.6750E+00     6.7797E-03     1.7050E-05     2.5149E-03
   741     3.6750E+00  3.6500E+00     6.8260E-03     1.7140E-05     2.5110E-03
   742     3.6500E+00  3.6250E+00     6.8729E-03     1.7280E-05     2.5142E-03
   743     3.6250E+00  3.6000E+00     6.9204E-03     1.7390E-05     2.5128E-03
   744     3.6000E+00  3.5750E+00     6.9687E-03     1.7550E-05     2.5184E-03
   745     3.5750E+00  3.5500E+00     7.0176E-03     1.7650E-05     2.5151E-03
   746     3.5500E+00  3.5250E+00     7.0672E-03     1.7800E-05     2.5187E-03
   747     3.5250E+00  3.5000E+00     7.1175E-03     1.7900E-05     2.5149E-03
   748     3.5000E+00  3.4750E+00     7.1685E-03     1.8030E-05     2.5152E-03
   749     3.4750E+00  3.4500E+00     7.2202E-03     1.8100E-05     2.5068E-03
   750     3.4500E+00  3.4250E+00     7.2728E-03     1.8200E-05     2.5025E-03
   751     3.4250E+00  3.4000E+00     7.3260E-03     1.8350E-05     2.5048E-03
   752     3.4000E+00  3.3750E+00     7.3801E-03     1.8440E-05     2.4986E-03
   753     3.3750E+00  3.3500E+00     7.4350E-03     1.8600E-05     2.5017E-03
   754     3.3500E+00  3.3250E+00     7.4907E-03     1.8770E-05     2.5058E-03
   755     3.3250E+00  3.3000E+00     7.5472E-03     1.8920E-05     2.5069E-03
   756     3.3000E+00  3.2750E+00     7.6046E-03     1.9030E-05     2.5024E-03
   757     3.2750E+00  3.2500E+00     7.6629E-03     1.9170E-05     2.5017E-03
   758     3.2500E+00  3.2250E+00     7.7220E-03     1.9310E-05     2.5006E-03
   759     3.2250E+00  3.2000E+00     7.7821E-03     1.9440E-05     2.4980E-03
   760     3.2000E+00  3.1750E+00     7.8432E-03     1.9520E-05     2.4888E-03
   761     3.1750E+00  3.1500E+00     7.9052E-03     1.9630E-05     2.4832E-03
   762     3.1500E+00  3.1250E+00     7.9682E-03     1.9750E-05     2.4786E-03
   763     3.1250E+00  3.1000E+00     8.0322E-03     1.9880E-05     2.4750E-03
   764     3.1000E+00  3.0750E+00     8.0972E-03     2.0020E-05     2.4725E-03
   765     3.0750E+00  3.0500E+00     8.1633E-03     2.0220E-05     2.4769E-03
   766     3.0500E+00  3.0250E+00     8.2305E-03     2.0460E-05     2.4859E-03
   767     3.0250E+00  3.0000E+00     8.2988E-03     2.0610E-05     2.4835E-03
   768     3.0000E+00  2.9750E+00     8.3682E-03     2.0820E-05     2.4880E-03
   769     2.9750E+00  2.9500E+00     8.4389E-03     2.0970E-05     2.4849E-03
   770     2.9500E+00  2.9250E+00     8.5107E-03     2.1170E-05     2.4875E-03
   771     2.9250E+00  2.9000E+00     8.5837E-03     2.1260E-05     2.4768E-03
   772     2.9000E+00  2.8750E+00     8.6581E-03     2.1390E-05     2.4705E-03
   773     2.8750E+00  2.8500E+00     8.7337E-03     2.1560E-05     2.4686E-03
   774     2.8500E+00  2.8250E+00     8.8106E-03     2.1620E-05     2.4539E-03
   775     2.8250E+00  2.8000E+00     8.8889E-03     2.1540E-05     2.4232E-03
   776     2.8000E+00  2.7750E+00     8.9687E-03     2.1090E-05     2.3515E-03
   777     2.7750E+00  2.7500E+00     9.0498E-03     1.9840E-05     2.1923E-03
   778     2.7500E+00  2.7250E+00     9.1325E-03     1.7630E-05     1.9305E-03
   779     2.7250E+00  2.7000E+00     9.2167E-03     1.5170E-05     1.6459E-03
   780     2.7000E+00  2.6750E+00     9.3024E-03     1.3540E-05     1.4555E-03
   781     2.6750E+00  2.6500E+00     9.3897E-03     1.3610E-05     1.4495E-03
   782     2.6500E+00  2.6250E+00     9.4787E-03     1.5340E-05     1.6184E-03
   783     2.6250E+00  2.6000E+00     9.5695E-03     1.8030E-05     1.8841E-03
   784     2.6000E+00  2.5750E+00     9.6619E-03     2.0720E-05     2.1445E-03
   785     2.5750E+00  2.5500E+00     9.7562E-03     2.2260E-05     2.2816E-03
   786     2.5500E+00  2.5250E+00     9.8523E-03     2.3140E-05     2.3487E-03
   787     2.5250E+00  2.5000E+00     9.9503E-03     2.3780E-05     2.3899E-03
   788     2.5000E+00  2.4750E+00     1.0050E-02     2.4110E-05     2.3989E-03
   789     2.4750E+00  2.4500E+00     1.0152E-02     2.4480E-05     2.4113E-03
   790     2.4500E+00  2.4250E+00     1.0257E-02     2.4800E-05     2.4180E-03
   791     2.4250E+00  2.4000E+00     1.0363E-02     2.5160E-05     2.4279E-03
   792     2.4000E+00  2.3750E+00     1.0471E-02     2.5470E-05     2.4324E-03
   793     2.3750E+00  2.3500E+00     1.0582E-02     2.5850E-05     2.4428E-03
   794     2.3500E+00  2.3250E+00     1.0695E-02     2.6120E-05     2.4422E-03
   795     2.3250E+00  2.3000E+00     1.0811E-02     2.6560E-05     2.4568E-03
   796     2.3000E+00  2.2750E+00     1.0929E-02     2.6870E-05     2.4586E-03
   797     2.2750E+00  2.2500E+00     1.1050E-02     2.7240E-05     2.4652E-03
   798     2.2500E+00  2.2250E+00     1.1173E-02     2.7540E-05     2.4648E-03
   799     2.2250E+00  2.2000E+00     1.1300E-02     2.7920E-05     2.4709E-03
   800     2.2000E+00  2.1750E+00     1.1429E-02     2.8310E-05     2.4771E-03
   801     2.1750E+00  2.1500E+00     1.1561E-02     2.8580E-05     2.4721E-03
   802     2.1500E+00  2.1250E+00     1.1696E-02     2.8940E-05     2.4743E-03
   803     2.1250E+00  2.1000E+00     1.1834E-02     2.9320E-05     2.4775E-03
   804     2.1000E+00  2.0750E+00     1.1976E-02     2.9630E-05     2.4741E-03
   805     2.0750E+00  2.0500E+00     1.2121E-02     2.9990E-05     2.4741E-03
   806     2.0500E+00  2.0250E+00     1.2270E-02     3.0300E-05     2.4694E-03
   807     2.0250E+00  2.0000E+00     1.2423E-02     3.0730E-05     2.4737E-03
   808     2.0000E+00  1.9750E+00     1.2579E-02     3.1040E-05     2.4676E-03
   809     1.9750E+00  1.9500E+00     1.2739E-02     3.1390E-05     2.4641E-03
   810     1.9500E+00  1.9250E+00     1.2903E-02     3.1760E-05     2.4614E-03
   811     1.9250E+00  1.9000E+00     1.3072E-02     3.2200E-05     2.4633E-03
   812     1.9000E+00  1.8750E+00     1.3245E-02     3.2640E-05     2.4643E-03
   813     1.8750E+00  1.8500E+00     1.3423E-02     3.3180E-05     2.4719E-03
   814     1.8500E+00  1.8250E+00     1.3606E-02     3.3590E-05     2.4688E-03
   815     1.8250E+00  1.8000E+00     1.3793E-02     3.4110E-05     2.4729E-03
   816     1.8000E+00  1.7750E+00     1.3986E-02     3.4360E-05     2.4567E-03
   817     1.7750E+00  1.7500E+00     1.4185E-02     3.4670E-05     2.4442E-03
   818     1.7500E+00  1.7250E+00     1.4389E-02     3.5070E-05     2.4373E-03
   819     1.7250E+00  1.7000E+00     1.4599E-02     3.5590E-05     2.4379E-03
   820     1.7000E+00  1.6750E+00     1.4815E-02     3.6310E-05     2.4509E-03
   821     1.6750E+00  1.6500E+00     1.5038E-02     3.6800E-05     2.4472E-03
   822     1.6500E+00  1.6250E+00     1.5267E-02     3.7330E-05     2.4451E-03
   823     1.6250E+00  1.6000E+00     1.5504E-02     3.7830E-05     2.4400E-03
   824     1.6000E+00  1.5750E+00     1.5748E-02     3.8270E-05     2.4301E-03
   825     1.5750E+00  1.5500E+00     1.6000E-02     3.8800E-05     2.4249E-03
   826     1.5500E+00  1.5250E+00     1.6261E-02     3.9070E-05     2.4028E-03
   827     1.5250E+00  1.5000E+00     1.6529E-02     3.9390E-05     2.3830E-03
   828     1.5000E+00  1.4750E+00     1.6807E-02     3.9630E-05     2.3579E-03
   829     1.4750E+00  1.4500E+00     1.7094E-02     3.9760E-05     2.3259E-03
   830     1.4500E+00  1.4250E+00     1.7392E-02     3.9780E-05     2.2873E-03
   831     1.4250E+00  1.4000E+00     1.7700E-02     3.9220E-05     2.2159E-03
   832     1.4000E+00  1.3750E+00     1.8019E-02     3.8070E-05     2.1128E-03
   833     1.3750E+00  1.3500E+00     1.8349E-02     3.7000E-05     2.0164E-03
   834     1.3500E+00  1.3250E+00     1.8692E-02     3.6590E-05     1.9575E-03
   835     1.3250E+00  1.3000E+00     1.9048E-02     3.6580E-05     1.9204E-03
   836     1.3000E+00  1.2750E+00     1.9418E-02     3.5870E-05     1.8472E-03
   837     1.2750E+00  1.2500E+00     1.9803E-02     3.4840E-05     1.7594E-03
   838     1.2500E+00  1.2250E+00     2.0203E-02     3.3670E-05     1.6666E-03
   839     1.2250E+00  1.2000E+00     2.0619E-02     3.1600E-05     1.5325E-03
   840     1.2000E+00  1.1750E+00     2.1053E-02     2.7890E-05     1.3247E-03
   841     1.1750E+00  1.1500E+00     2.1506E-02     2.2200E-05     1.0323E-03
   842     1.1500E+00  1.1250E+00     2.1979E-02     1.4040E-05     6.3879E-04
   843     1.1250E+00  1.1000E+00     2.2473E-02     6.6000E-06     2.9369E-04
   844     1.1000E+00  1.0750E+00     2.2990E-02     3.0000E-06     1.3049E-04
   845     1.0750E+00  1.0500E+00     2.3530E-02     1.9620E-06     8.3381E-05
   846     1.0500E+00  1.0250E+00     2.4098E-02     2.2170E-06     9.2001E-05
   847     1.0250E+00  1.0000E+00     2.4693E-02     4.1830E-06     1.6940E-04
   848     1.0000E+00  9.7500E-01     2.5318E-02     9.8640E-06     3.8961E-04
   849     9.7500E-01  9.5000E-01     2.5975E-02     1.9160E-05     7.3762E-04
   850     9.5000E-01  9.2500E-01     2.6668E-02     2.7500E-05     1.0312E-03
   851     9.2500E-01  9.0000E-01     2.7399E-02     3.4080E-05     1.2438E-03
   852     9.0000E-01  8.7500E-01     2.8171E-02     3.9530E-05     1.4032E-03
   853     8.7500E-01  8.5000E-01     2.8988E-02     4.4380E-05     1.5310E-03
   854     8.5000E-01  8.2500E-01     2.9853E-02     4.8620E-05     1.6286E-03
   855     8.2500E-01  8.0000E-01     3.0772E-02     5.2820E-05     1.7165E-03
   856     8.0000E-01  7.7500E-01     3.1749E-02     5.6500E-05     1.7796E-03
   857     7.7500E-01  7.5000E-01     3.2790E-02     5.9930E-05     1.8277E-03
   858     7.5000E-01  7.2500E-01     3.3902E-02     6.3470E-05     1.8722E-03
   859     7.2500E-01  7.0000E-01     3.5091E-02     6.7170E-05     1.9141E-03
   860     7.0000E-01  6.7500E-01     3.6368E-02     7.0760E-05     1.9457E-03
   861     6.7500E-01  6.5000E-01     3.7740E-02     7.4140E-05     1.9645E-03
   862     6.5000E-01  6.2500E-01     3.9221E-02     7.6920E-05     1.9612E-03
   863     6.2500E-01  6.0000E-01     4.0822E-02     7.9770E-05     1.9541E-03
   864     6.0000E-01  5.7500E-01     4.2560E-02     8.2670E-05     1.9425E-03
   865     5.7500E-01  5.5000E-01     4.4452E-02     8.6050E-05     1.9358E-03
   866     5.5000E-01  5.2481E-01     4.6882E-02     9.1037E-05     1.9418E-03
   867     5.2481E-01  5.0119E-01     4.6051E-02     8.8638E-05     1.9248E-03
   868     5.0119E-01  4.7863E-01     4.6057E-02     8.7093E-05     1.8910E-03
   869     4.7863E-01  4.5709E-01     4.6048E-02     8.4587E-05     1.8369E-03
   870     4.5709E-01  4.3652E-01     4.6046E-02     8.0934E-05     1.7577E-03
   871     4.3652E-01  4.1687E-01     4.6060E-02     7.6477E-05     1.6604E-03
   872     4.1687E-01  3.9811E-01     4.6046E-02     7.1552E-05     1.5539E-03
   873     3.9811E-01  3.8019E-01     4.6057E-02     6.3193E-05     1.3721E-03
   874     3.8019E-01  3.6308E-01     4.6048E-02     5.4789E-05     1.1898E-03
   875     3.6308E-01  3.4674E-01     4.6048E-02     4.8534E-05     1.0540E-03
   876     3.4674E-01  3.3113E-01     4.6064E-02     3.8022E-05     8.2541E-04
   877     3.3113E-01  3.1623E-01     4.6041E-02     3.2761E-05     7.1156E-04
   878     3.1623E-01  3.0200E-01     4.6043E-02     2.9181E-05     6.3378E-04
   879     3.0200E-01  2.8840E-01     4.6079E-02     2.7746E-05     6.0214E-04
   880     2.8840E-01  2.7542E-01     4.6051E-02     2.7484E-05     5.9681E-04
   881     2.7542E-01  2.6303E-01     4.6029E-02     3.3316E-05     7.2380E-04
   882     2.6303E-01  2.5119E-01     4.6058E-02     3.3537E-05     7.2814E-04
   883     2.5119E-01  2.3988E-01     4.6071E-02     4.3776E-05     9.5019E-04
   884     2.3988E-01  2.2909E-01     4.6024E-02     4.4905E-05     9.7569E-04
   885     2.2909E-01  2.1878E-01     4.6048E-02     5.3326E-05     1.1580E-03
   886     2.1878E-01  2.0893E-01     4.6067E-02     5.8746E-05     1.2752E-03
   887     2.0893E-01  1.9953E-01     4.6035E-02     5.9192E-05     1.2858E-03
   888     1.9953E-01  1.9055E-01     4.6050E-02     6.8267E-05     1.4825E-03
   889     1.9055E-01  1.8197E-01     4.6073E-02     7.3171E-05     1.5882E-03
   890     1.8197E-01  1.7378E-01     4.6052E-02     7.7117E-05     1.6746E-03
   891     1.7378E-01  1.6596E-01     4.6043E-02     8.0491E-05     1.7482E-03
   892     1.6596E-01  1.5849E-01     4.6055E-02     8.3339E-05     1.8095E-03
   893     1.5849E-01  1.5136E-01     4.6030E-02     8.6229E-05     1.8733E-03
   894     1.5136E-01  1.4454E-01     4.6105E-02     8.8709E-05     1.9241E-03
   895     1.4454E-01  1.3804E-01     4.6013E-02     8.9727E-05     1.9500E-03
   896     1.3804E-01  1.3183E-01     4.6030E-02     9.1181E-05     1.9809E-03
   897     1.3183E-01  1.2589E-01     4.6105E-02     9.1988E-05     1.9952E-03
   898     1.2589E-01  1.2023E-01     4.6002E-02     9.2070E-05     2.0014E-03
   899     1.2023E-01  1.1482E-01     4.6041E-02     9.1769E-05     1.9932E-03
   900     1.1482E-01  1.0965E-01     4.6072E-02     9.1686E-05     1.9900E-03
   901     1.0965E-01  1.0471E-01     4.6099E-02     9.0011E-05     1.9526E-03
   902     1.0471E-01  1.0000E-01     4.6024E-02     8.9866E-05     1.9526E-03
   903     1.0000E-01  9.5499E-02     4.6054E-02     8.6505E-05     1.8783E-03
   904     9.5499E-02  9.1201E-02     4.6050E-02     8.6496E-05     1.8783E-03
   905     9.1201E-02  8.7096E-02     4.6055E-02     8.3127E-05     1.8050E-03
   906     8.7096E-02  8.3176E-02     4.6052E-02     8.1756E-05     1.7753E-03
   907     8.3176E-02  7.9433E-02     4.6045E-02     8.0712E-05     1.7529E-03
   908     7.9433E-02  7.5858E-02     4.6051E-02     7.5078E-05     1.6303E-03
   909     7.5858E-02  7.2444E-02     4.6049E-02     7.5075E-05     1.6303E-03
   910     7.2444E-02  6.9183E-02     4.6059E-02     7.2896E-05     1.5827E-03
   911     6.9183E-02  6.6069E-02     4.6056E-02     6.6476E-05     1.4434E-03
   912     6.6069E-02  6.3096E-02     4.6042E-02     6.6457E-05     1.4434E-03
   913     6.3096E-02  6.0256E-02     4.6055E-02     6.6476E-05     1.4434E-03
   914     6.0256E-02  5.7544E-02     4.6052E-02     5.6852E-05     1.2345E-03
   915     5.7544E-02  5.4954E-02     4.6053E-02     5.5874E-05     1.2132E-03
   916     5.4954E-02  5.2481E-02     4.6045E-02     5.5864E-05     1.2132E-03
   917     5.2481E-02  5.0119E-02     4.6051E-02     5.5871E-05     1.2132E-03
   918     5.0119E-02  4.7863E-02     4.6057E-02     4.7493E-05     1.0312E-03
   919     4.7863E-02  4.5709E-02     4.6048E-02     4.7026E-05     1.0212E-03
   920     4.5709E-02  4.3652E-02     4.6046E-02     4.2742E-05     9.2824E-04
   921     4.3652E-02  4.1687E-02     4.6060E-02     4.0553E-05     8.8044E-04
   922     4.1687E-02  3.9811E-02     4.6046E-02     3.9856E-05     8.6557E-04
   923     3.9811E-02  3.8019E-02     4.6057E-02     3.3892E-05     7.3587E-04
   924     3.8019E-02  3.6308E-02     4.6048E-02     3.3885E-05     7.3586E-04
   925     3.6308E-02  3.4674E-02     4.6048E-02     3.2531E-05     7.0646E-04
   926     3.4674E-02  3.3113E-02     4.6064E-02     2.7232E-05     5.9118E-04
   927     3.3113E-02  3.1623E-02     4.6041E-02     2.7218E-05     5.9117E-04
   928     3.1623E-02  3.0200E-02     4.6043E-02     2.7219E-05     5.9117E-04
   929     3.0200E-02  2.8840E-02     4.6079E-02     2.1711E-05     4.7117E-04
   930     2.8840E-02  2.7542E-02     4.6051E-02     2.0767E-05     4.5095E-04
   931     2.7542E-02  2.6303E-02     4.6029E-02     2.0757E-05     4.5095E-04
   932     2.6303E-02  2.5119E-02     4.6058E-02     2.0771E-05     4.5097E-04
   933     2.5119E-02  2.3988E-02     4.6071E-02     1.5295E-05     3.3199E-04
   934     2.3988E-02  2.2909E-02     4.6024E-02     1.4650E-05     3.1831E-04
   935     2.2909E-02  2.1878E-02     4.6048E-02     1.4658E-05     3.1832E-04
   936     2.1878E-02  2.0893E-02     4.6067E-02     1.4664E-05     3.1832E-04
   937     2.0893E-02  1.9953E-02     4.6035E-02     1.4376E-05     3.1229E-04
   938     1.9953E-02  1.9055E-02     4.6050E-02     9.2186E-06     2.0019E-04
   939     1.9055E-02  1.8197E-02     4.6073E-02     9.2231E-06     2.0019E-04
   940     1.8197E-02  1.7378E-02     4.6052E-02     9.2189E-06     2.0019E-04
   941     1.7378E-02  1.6596E-02     4.6043E-02     9.2172E-06     2.0019E-04
   942     1.6596E-02  1.5849E-02     4.6055E-02     9.2196E-06     2.0019E-04
   943     1.5849E-02  1.5136E-02     4.6030E-02     9.2147E-06     2.0019E-04
   944     1.5136E-02  1.4454E-02     4.6105E-02     5.6285E-06     1.2208E-04
   945     1.4454E-02  1.3804E-02     4.6013E-02     4.7424E-06     1.0307E-04
   946     1.3804E-02  1.3183E-02     4.6030E-02     4.7442E-06     1.0307E-04
   947     1.3183E-02  1.2589E-02     4.6105E-02     4.7519E-06     1.0307E-04
   948     1.2589E-02  1.2023E-02     4.6002E-02     4.7413E-06     1.0307E-04
   949     1.2023E-02  1.1482E-02     4.6041E-02     4.7453E-06     1.0307E-04
   950     1.1482E-02  1.0965E-02     4.6072E-02     4.7485E-06     1.0307E-04
   951     1.0965E-02  1.0471E-02     4.6099E-02     4.7513E-06     1.0307E-04
   952     1.0471E-02  1.0000E-02     4.6024E-02     4.7436E-06     1.0307E-04
   953     1.0000E-02  9.5499E-03     4.6054E-02     1.6046E-06     3.4841E-05
   954     9.5499E-03  9.1201E-03     4.6050E-02     1.6044E-06     3.4840E-05
   955     9.1201E-03  8.7096E-03     4.6055E-02     1.6046E-06     3.4841E-05
   956     8.7096E-03  8.3176E-03     4.6052E-02     1.6045E-06     3.4841E-05
   957     8.3176E-03  7.9433E-03     4.6045E-02     1.6043E-06     3.4842E-05
   958     7.9433E-03  7.5858E-03     4.6051E-02     1.6045E-06     3.4842E-05
   959     7.5858E-03  7.2444E-03     4.6049E-02     1.6044E-06     3.4841E-05
   960     7.2444E-03  6.9183E-03     4.6059E-02     1.6047E-06     3.4840E-05
   961     6.9183E-03  6.6069E-03     4.6056E-02     1.6046E-06     3.4841E-05
   962     6.6069E-03  6.3096E-03     4.6042E-02     1.6042E-06     3.4842E-05
   963     6.3096E-03  6.0256E-03     4.6055E-02     1.6046E-06     3.4841E-05
   964     6.0256E-03  5.7544E-03     4.6052E-02     1.6045E-06     3.4841E-05
   965     5.7544E-03  5.4954E-03     4.6053E-02     1.6045E-06     3.4840E-05
   966     5.4954E-03  5.2481E-03     4.6045E-02     1.6043E-06     3.4842E-05
   967     5.2481E-03  5.0119E-03     4.6051E-02     1.6045E-06     3.4842E-05
   968     5.0119E-03  4.7863E-03     4.6057E-02     2.5699E-07     5.5798E-06
   969     4.7863E-03  4.5709E-03     4.6048E-02     1.8361E-07     3.9874E-06
   970     4.5709E-03  4.3652E-03     4.6046E-02     1.8360E-07     3.9873E-06
   971     4.3652E-03  4.1687E-03     4.6060E-02     1.8366E-07     3.9874E-06
   972     4.1687E-03  3.9811E-03     4.6046E-02     1.8360E-07     3.9873E-06
   973     3.9811E-03  3.8019E-03     4.6057E-02     1.8365E-07     3.9874E-06
   974     3.8019E-03  3.6308E-03     4.6048E-02     1.8361E-07     3.9874E-06
   975     3.6308E-03  3.4674E-03     4.6048E-02     1.8361E-07     3.9874E-06
   976     3.4674E-03  3.3113E-03     4.6064E-02     1.8367E-07     3.9873E-06
   977     3.3113E-03  3.1623E-03     4.6041E-02     1.8358E-07     3.9873E-06
   978     3.1623E-03  3.0200E-03     4.6043E-02     1.8359E-07     3.9874E-06
   979     3.0200E-03  2.8840E-03     4.6079E-02     1.8373E-07     3.9873E-06
   980     2.8840E-03  2.7542E-03     4.6051E-02     1.8362E-07     3.9873E-06
   981     2.7542E-03  2.6303E-03     4.6029E-02     1.8353E-07     3.9873E-06
   982     2.6303E-03  2.5119E-03     4.6058E-02     1.8365E-07     3.9873E-06
   983     2.5119E-03  2.3988E-03     4.6071E-02     1.8370E-07     3.9873E-06
   984     2.3988E-03  2.2909E-03     4.6024E-02     1.8351E-07     3.9873E-06
   985     2.2909E-03  2.1878E-03     4.6048E-02     1.8361E-07     3.9873E-06
   986     2.1878E-03  2.0893E-03     4.6067E-02     1.8369E-07     3.9874E-06
   987     2.0893E-03  1.9953E-03     4.6035E-02     1.8356E-07     3.9874E-06
   988     1.9953E-03  1.9055E-03     4.6050E-02     1.8362E-07     3.9874E-06
   989     1.9055E-03  1.8197E-03     4.6073E-02     1.8371E-07     3.9874E-06
   990     1.8197E-03  1.7378E-03     4.6052E-02     1.8362E-07     3.9873E-06
   991     1.7378E-03  1.6596E-03     4.6043E-02     1.8359E-07     3.9873E-06
   992     1.6596E-03  1.5849E-03     4.6055E-02     1.8364E-07     3.9874E-06
   993     1.5849E-03  1.5136E-03     4.6030E-02     1.8354E-07     3.9874E-06
   994     1.5136E-03  1.4454E-03     4.6105E-02     1.8384E-07     3.9874E-06
   995     1.4454E-03  1.3804E-03     4.6013E-02     1.8347E-07     3.9874E-06
   996     1.3804E-03  1.3183E-03     4.6030E-02     1.8354E-07     3.9874E-06
   997     1.3183E-03  1.2589E-03     4.6105E-02     1.8384E-07     3.9874E-06
   998     1.2589E-03  1.2023E-03     4.6002E-02     1.8343E-07     3.9874E-06
   999     1.2023E-03  1.1482E-03     4.6041E-02     1.8358E-07     3.9873E-06
  1000     1.1482E-03  1.0965E-03     4.6072E-02     1.8371E-07     3.9874E-06
  1001     1.0965E-03  1.0471E-03     4.6099E-02     1.8381E-07     3.9873E-06
  1002     1.0471E-03  1.0000E-03     4.6024E-02     1.8312E-07     3.9788E-06
  1003     1.0000E-03  9.5499E-04     4.6054E-02     0.0000E+00     0.0000E+00
  1004     9.5499E-04  9.1201E-04     4.6050E-02     0.0000E+00     0.0000E+00
  1005     9.1201E-04  8.7096E-04     4.6055E-02     0.0000E+00     0.0000E+00
  1006     8.7096E-04  8.3176E-04     4.6052E-02     0.0000E+00     0.0000E+00
  1007     8.3176E-04  7.9433E-04     4.6045E-02     0.0000E+00     0.0000E+00
  1008     7.9433E-04  7.5858E-04     4.6051E-02     0.0000E+00     0.0000E+00
  1009     7.5858E-04  7.2444E-04     4.6049E-02     0.0000E+00     0.0000E+00
  1010     7.2444E-04  6.9183E-04     4.6059E-02     0.0000E+00     0.0000E+00
  1011     6.9183E-04  6.6069E-04     4.6056E-02     0.0000E+00     0.0000E+00
  1012     6.6069E-04  6.3096E-04     4.6042E-02     0.0000E+00     0.0000E+00
  1013     6.3096E-04  6.0256E-04     4.6055E-02     0.0000E+00     0.0000E+00
  1014     6.0256E-04  5.7544E-04     4.6052E-02     0.0000E+00     0.0000E+00
  1015     5.7544E-04  5.4954E-04     4.6053E-02     0.0000E+00     0.0000E+00
  1016     5.4954E-04  5.2481E-04     4.6045E-02     0.0000E+00     0.0000E+00
  1017     5.2481E-04  5.0119E-04     4.6051E-02     0.0000E+00     0.0000E+00
  1018     5.0119E-04  4.7863E-04     4.6057E-02     0.0000E+00     0.0000E+00
  1019     4.7863E-04  4.5709E-04     4.6048E-02     0.0000E+00     0.0000E+00
  1020     4.5709E-04  4.3652E-04     4.6046E-02     0.0000E+00     0.0000E+00
  1021     4.3652E-04  4.1687E-04     4.6060E-02     0.0000E+00     0.0000E+00
  1022     4.1687E-04  3.9811E-04     4.6046E-02     0.0000E+00     0.0000E+00
  1023     3.9811E-04  3.8019E-04     4.6057E-02     0.0000E+00     0.0000E+00
  1024     3.8019E-04  3.6308E-04     4.6048E-02     0.0000E+00     0.0000E+00
  1025     3.6308E-04  3.4674E-04     4.6048E-02     0.0000E+00     0.0000E+00
  1026     3.4674E-04  3.3113E-04     4.6064E-02     0.0000E+00     0.0000E+00
  1027     3.3113E-04  3.1623E-04     4.6041E-02     0.0000E+00     0.0000E+00
  1028     3.1623E-04  3.0200E-04     4.6043E-02     0.0000E+00     0.0000E+00
  1029     3.0200E-04  2.8840E-04     4.6079E-02     0.0000E+00     0.0000E+00
  1030     2.8840E-04  2.7542E-04     4.6051E-02     0.0000E+00     0.0000E+00
  1031     2.7542E-04  2.6303E-04     4.6029E-02     0.0000E+00     0.0000E+00
  1032     2.6303E-04  2.5119E-04     4.6058E-02     0.0000E+00     0.0000E+00
  1033     2.5119E-04  2.3988E-04     4.6071E-02     0.0000E+00     0.0000E+00
  1034     2.3988E-04  2.2909E-04     4.6024E-02     0.0000E+00     0.0000E+00
  1035     2.2909E-04  2.1878E-04     4.6048E-02     0.0000E+00     0.0000E+00
  1036     2.1878E-04  2.0893E-04     4.6067E-02     0.0000E+00     0.0000E+00
  1037     2.0893E-04  1.9953E-04     4.6035E-02     0.0000E+00     0.0000E+00
  1038     1.9953E-04  1.9055E-04     4.6050E-02     0.0000E+00     0.0000E+00
  1039     1.9055E-04  1.8197E-04     4.6073E-02     0.0000E+00     0.0000E+00
  1040     1.8197E-04  1.7378E-04     4.6052E-02     0.0000E+00     0.0000E+00
  1041     1.7378E-04  1.6596E-04     4.6043E-02     0.0000E+00     0.0000E+00
  1042     1.6596E-04  1.5849E-04     4.6055E-02     0.0000E+00     0.0000E+00
  1043     1.5849E-04  1.5136E-04     4.6030E-02     0.0000E+00     0.0000E+00
  1044     1.5136E-04  1.4454E-04     4.6105E-02     0.0000E+00     0.0000E+00
  1045     1.4454E-04  1.3804E-04     4.6013E-02     0.0000E+00     0.0000E+00
  1046     1.3804E-04  1.3183E-04     4.6030E-02     0.0000E+00     0.0000E+00
  1047     1.3183E-04  1.2589E-04     4.6105E-02     0.0000E+00     0.0000E+00
  1048     1.2589E-04  1.2023E-04     4.6002E-02     0.0000E+00     0.0000E+00
  1049     1.2023E-04  1.1482E-04     4.6041E-02     0.0000E+00     0.0000E+00
  1050     1.1482E-04  1.0965E-04     4.6072E-02     0.0000E+00     0.0000E+00
  1051     1.0965E-04  1.0471E-04     4.6099E-02     0.0000E+00     0.0000E+00
  1052     1.0471E-04  1.0000E-04     4.6024E-02     0.0000E+00     0.0000E+00
  1053     1.0000E-04  9.5499E-05     4.6054E-02     0.0000E+00     0.0000E+00
  1054     9.5499E-05  9.1201E-05     4.6050E-02     0.0000E+00     0.0000E+00
  1055     9.1201E-05  8.7096E-05     4.6055E-02     0.0000E+00     0.0000E+00
  1056     8.7096E-05  8.3176E-05     4.6052E-02     0.0000E+00     0.0000E+00
  1057     8.3176E-05  7.9433E-05     4.6045E-02     0.0000E+00     0.0000E+00
  1058     7.9433E-05  7.5858E-05     4.6051E-02     0.0000E+00     0.0000E+00
  1059     7.5858E-05  7.2444E-05     4.6049E-02     0.0000E+00     0.0000E+00
  1060     7.2444E-05  6.9183E-05     4.6059E-02     0.0000E+00     0.0000E+00
  1061     6.9183E-05  6.6069E-05     4.6056E-02     0.0000E+00     0.0000E+00
  1062     6.6069E-05  6.3096E-05     4.6042E-02     0.0000E+00     0.0000E+00
  1063     6.3096E-05  6.0256E-05     4.6055E-02     0.0000E+00     0.0000E+00
  1064     6.0256E-05  5.7544E-05     4.6052E-02     0.0000E+00     0.0000E+00
  1065     5.7544E-05  5.4954E-05     4.6053E-02     0.0000E+00     0.0000E+00
  1066     5.4954E-05  5.2481E-05     4.6045E-02     0.0000E+00     0.0000E+00
  1067     5.2481E-05  5.0119E-05     4.6051E-02     0.0000E+00     0.0000E+00
  1068     5.0119E-05  4.7863E-05     4.6057E-02     0.0000E+00     0.0000E+00
  1069     4.7863E-05  4.5709E-05     4.6048E-02     0.0000E+00     0.0000E+00
  1070     4.5709E-05  4.3652E-05     4.6046E-02     0.0000E+00     0.0000E+00
  1071     4.3652E-05  4.1687E-05     4.6060E-02     0.0000E+00     0.0000E+00
  1072     4.1687E-05  3.9811E-05     4.6046E-02     0.0000E+00     0.0000E+00
  1073     3.9811E-05  3.8019E-05     4.6057E-02     0.0000E+00     0.0000E+00
  1074     3.8019E-05  3.6308E-05     4.6048E-02     0.0000E+00     0.0000E+00
  1075     3.6308E-05  3.4674E-05     4.6048E-02     0.0000E+00     0.0000E+00
  1076     3.4674E-05  3.3113E-05     4.6064E-02     0.0000E+00     0.0000E+00
  1077     3.3113E-05  3.1623E-05     4.6041E-02     0.0000E+00     0.0000E+00
  1078     3.1623E-05  3.0200E-05     4.6043E-02     0.0000E+00     0.0000E+00
  1079     3.0200E-05  2.8840E-05     4.6079E-02     0.0000E+00     0.0000E+00
  1080     2.8840E-05  2.7542E-05     4.6051E-02     0.0000E+00     0.0000E+00
  1081     2.7542E-05  2.6303E-05     4.6029E-02     0.0000E+00     0.0000E+00
  1082     2.6303E-05  2.5119E-05     4.6058E-02     0.0000E+00     0.0000E+00
  1083     2.5119E-05  2.3988E-05     4.6071E-02     0.0000E+00     0.0000E+00
  1084     2.3988E-05  2.2909E-05     4.6024E-02     0.0000E+00     0.0000E+00
  1085     2.2909E-05  2.1878E-05     4.6048E-02     0.0000E+00     0.0000E+00
  1086     2.1878E-05  2.0893E-05     4.6067E-02     0.0000E+00     0.0000E+00
  1087     2.0893E-05  1.9953E-05     4.6035E-02     0.0000E+00     0.0000E+00
  1088     1.9953E-05  1.9055E-05     4.6050E-02     0.0000E+00     0.0000E+00
  1089     1.9055E-05  1.8197E-05     4.6073E-02     0.0000E+00     0.0000E+00
  1090     1.8197E-05  1.7378E-05     4.6052E-02     0.0000E+00     0.0000E+00
  1091     1.7378E-05  1.6596E-05     4.6043E-02     0.0000E+00     0.0000E+00
  1092     1.6596E-05  1.5849E-05     4.6055E-02     0.0000E+00     0.0000E+00
  1093     1.5849E-05  1.5136E-05     4.6030E-02     0.0000E+00     0.0000E+00
  1094     1.5136E-05  1.4454E-05     4.6105E-02     0.0000E+00     0.0000E+00
  1095     1.4454E-05  1.3804E-05     4.6013E-02     0.0000E+00     0.0000E+00
  1096     1.3804E-05  1.3183E-05     4.6030E-02     0.0000E+00     0.0000E+00
  1097     1.3183E-05  1.2589E-05     4.6105E-02     0.0000E+00     0.0000E+00
  1098     1.2589E-05  1.2023E-05     4.6002E-02     0.0000E+00     0.0000E+00
  1099     1.2023E-05  1.1482E-05     4.6041E-02     0.0000E+00     0.0000E+00
  1100     1.1482E-05  1.0965E-05     4.6072E-02     0.0000E+00     0.0000E+00
  1101     1.0965E-05  1.0471E-05     4.6099E-02     0.0000E+00     0.0000E+00
  1102     1.0471E-05  1.0001E-03    -4.5592E+00     0.0000E+00     0.0000E+00
  TOTAL                                              9.5506E-02
