  GROUP      UPPER       LOWER         LETHARGY         DATA        DATA/LETHARGY

     1     1.0000E+09  9.5499E+08     4.6054E-02     0.0000E+00     0.0000E+00
     2     9.5499E+08  9.1201E+08     4.6050E-02     0.0000E+00     0.0000E+00
     3     9.1201E+08  8.7096E+08     4.6055E-02     0.0000E+00     0.0000E+00
     4     8.7096E+08  8.3176E+08     4.6052E-02     0.0000E+00     0.0000E+00
     5     8.3176E+08  7.9433E+08     4.6045E-02     0.0000E+00     0.0000E+00
     6     7.9433E+08  7.5858E+08     4.6051E-02     0.0000E+00     0.0000E+00
     7     7.5858E+08  7.2444E+08     4.6049E-02     0.0000E+00     0.0000E+00
     8     7.2444E+08  6.9183E+08     4.6059E-02     0.0000E+00     0.0000E+00
     9     6.9183E+08  6.6069E+08     4.6056E-02     0.0000E+00     0.0000E+00
    10     6.6069E+08  6.3096E+08     4.6042E-02     0.0000E+00     0.0000E+00
    11     6.3096E+08  6.0256E+08     4.6055E-02     0.0000E+00     0.0000E+00
    12     6.0256E+08  5.7544E+08     4.6052E-02     0.0000E+00     0.0000E+00
    13     5.7544E+08  5.4954E+08     4.6053E-02     0.0000E+00     0.0000E+00
    14     5.4954E+08  5.2481E+08     4.6045E-02     0.0000E+00     0.0000E+00
    15     5.2481E+08  5.0119E+08     4.6051E-02     0.0000E+00     0.0000E+00
    16     5.0119E+08  4.7863E+08     4.6057E-02     0.0000E+00     0.0000E+00
    17     4.7863E+08  4.5709E+08     4.6048E-02     0.0000E+00     0.0000E+00
    18     4.5709E+08  4.3652E+08     4.6046E-02     0.0000E+00     0.0000E+00
    19     4.3652E+08  4.1687E+08     4.6060E-02     0.0000E+00     0.0000E+00
    20     4.1687E+08  3.9811E+08     4.6046E-02     0.0000E+00     0.0000E+00
    21     3.9811E+08  3.8019E+08     4.6057E-02     0.0000E+00     0.0000E+00
    22     3.8019E+08  3.6308E+08     4.6048E-02     0.0000E+00     0.0000E+00
    23     3.6308E+08  3.4674E+08     4.6048E-02     0.0000E+00     0.0000E+00
    24     3.4674E+08  3.3113E+08     4.6064E-02     0.0000E+00     0.0000E+00
    25     3.3113E+08  3.1623E+08     4.6041E-02     0.0000E+00     0.0000E+00
    26     3.1623E+08  3.0200E+08     4.6043E-02     0.0000E+00     0.0000E+00
    27     3.0200E+08  2.8840E+08     4.6079E-02     0.0000E+00     0.0000E+00
    28     2.8840E+08  2.7542E+08     4.6051E-02     0.0000E+00     0.0000E+00
    29     2.7542E+08  2.6303E+08     4.6029E-02     0.0000E+00     0.0000E+00
    30     2.6303E+08  2.5119E+08     4.6058E-02     0.0000E+00     0.0000E+00
    31     2.5119E+08  2.3988E+08     4.6071E-02     0.0000E+00     0.0000E+00
    32     2.3988E+08  2.2909E+08     4.6024E-02     0.0000E+00     0.0000E+00
    33     2.2909E+08  2.1878E+08     4.6048E-02     0.0000E+00     0.0000E+00
    34     2.1878E+08  2.0893E+08     4.6067E-02     0.0000E+00     0.0000E+00
    35     2.0893E+08  1.9953E+08     4.6035E-02     0.0000E+00     0.0000E+00
    36     1.9953E+08  1.9055E+08     4.6050E-02     0.0000E+00     0.0000E+00
    37     1.9055E+08  1.8197E+08     4.6073E-02     0.0000E+00     0.0000E+00
    38     1.8197E+08  1.7378E+08     4.6052E-02     0.0000E+00     0.0000E+00
    39     1.7378E+08  1.6596E+08     4.6043E-02     0.0000E+00     0.0000E+00
    40     1.6596E+08  1.5849E+08     4.6055E-02     0.0000E+00     0.0000E+00
    41     1.5849E+08  1.5136E+08     4.6030E-02     0.0000E+00     0.0000E+00
    42     1.5136E+08  1.4454E+08     4.6105E-02     0.0000E+00     0.0000E+00
    43     1.4454E+08  1.3804E+08     4.6013E-02     0.0000E+00     0.0000E+00
    44     1.3804E+08  1.3183E+08     4.6030E-02     0.0000E+00     0.0000E+00
    45     1.3183E+08  1.2589E+08     4.6105E-02     0.0000E+00     0.0000E+00
    46     1.2589E+08  1.2023E+08     4.6002E-02     0.0000E+00     0.0000E+00
    47     1.2023E+08  1.1482E+08     4.6041E-02     0.0000E+00     0.0000E+00
    48     1.1482E+08  1.0965E+08     4.6072E-02     0.0000E+00     0.0000E+00
    49     1.0965E+08  1.0471E+08     4.6099E-02     0.0000E+00     0.0000E+00
    50     1.0471E+08  1.0000E+08     4.6024E-02     0.0000E+00     0.0000E+00
    51     1.0000E+08  9.5499E+07     4.6054E-02     0.0000E+00     0.0000E+00
    52     9.5499E+07  9.1201E+07     4.6050E-02     0.0000E+00     0.0000E+00
    53     9.1201E+07  8.7096E+07     4.6055E-02     0.0000E+00     0.0000E+00
    54     8.7096E+07  8.3176E+07     4.6052E-02     0.0000E+00     0.0000E+00
    55     8.3176E+07  7.9433E+07     4.6045E-02     0.0000E+00     0.0000E+00
    56     7.9433E+07  7.5858E+07     4.6051E-02     0.0000E+00     0.0000E+00
    57     7.5858E+07  7.2444E+07     4.6049E-02     0.0000E+00     0.0000E+00
    58     7.2444E+07  6.9183E+07     4.6059E-02     0.0000E+00     0.0000E+00
    59     6.9183E+07  6.6069E+07     4.6056E-02     0.0000E+00     0.0000E+00
    60     6.6069E+07  6.3096E+07     4.6042E-02     0.0000E+00     0.0000E+00
    61     6.3096E+07  6.0256E+07     4.6055E-02     0.0000E+00     0.0000E+00
    62     6.0256E+07  5.7544E+07     4.6052E-02     0.0000E+00     0.0000E+00
    63     5.7544E+07  5.4954E+07     4.6053E-02     0.0000E+00     0.0000E+00
    64     5.4954E+07  5.2481E+07     4.6045E-02     0.0000E+00     0.0000E+00
    65     5.2481E+07  5.0119E+07     4.6051E-02     0.0000E+00     0.0000E+00
    66     5.0119E+07  4.7863E+07     4.6057E-02     0.0000E+00     0.0000E+00
    67     4.7863E+07  4.5709E+07     4.6048E-02     0.0000E+00     0.0000E+00
    68     4.5709E+07  4.3652E+07     4.6046E-02     0.0000E+00     0.0000E+00
    69     4.3652E+07  4.1687E+07     4.6060E-02     0.0000E+00     0.0000E+00
    70     4.1687E+07  3.9811E+07     4.6046E-02     0.0000E+00     0.0000E+00
    71     3.9811E+07  3.8019E+07     4.6057E-02     0.0000E+00     0.0000E+00
    72     3.8019E+07  3.6308E+07     4.6048E-02     0.0000E+00     0.0000E+00
    73     3.6308E+07  3.4674E+07     4.6048E-02     0.0000E+00     0.0000E+00
    74     3.4674E+07  3.3113E+07     4.6064E-02     0.0000E+00     0.0000E+00
    75     3.3113E+07  3.1623E+07     4.6041E-02     0.0000E+00     0.0000E+00
    76     3.1623E+07  3.0200E+07     4.6043E-02     0.0000E+00     0.0000E+00
    77     3.0200E+07  3.0000E+07     6.6445E-03     0.0000E+00     0.0000E+00
    78     3.0000E+07  2.9800E+07     6.6890E-03     0.0000E+00     0.0000E+00
    79     2.9800E+07  2.9600E+07     6.7340E-03     0.0000E+00     0.0000E+00
    80     2.9600E+07  2.9400E+07     6.7797E-03     0.0000E+00     0.0000E+00
    81     2.9400E+07  2.9200E+07     6.8260E-03     0.0000E+00     0.0000E+00
    82     2.9200E+07  2.9000E+07     6.8729E-03     0.0000E+00     0.0000E+00
    83     2.9000E+07  2.8800E+07     6.9204E-03     0.0000E+00     0.0000E+00
    84     2.8800E+07  2.8600E+07     6.9687E-03     0.0000E+00     0.0000E+00
    85     2.8600E+07  2.8400E+07     7.0176E-03     0.0000E+00     0.0000E+00
    86     2.8400E+07  2.8200E+07     7.0672E-03     0.0000E+00     0.0000E+00
    87     2.8200E+07  2.8000E+07     7.1175E-03     0.0000E+00     0.0000E+00
    88     2.8000E+07  2.7800E+07     7.1685E-03     0.0000E+00     0.0000E+00
    89     2.7800E+07  2.7600E+07     7.2202E-03     0.0000E+00     0.0000E+00
    90     2.7600E+07  2.7400E+07     7.2728E-03     0.0000E+00     0.0000E+00
    91     2.7400E+07  2.7200E+07     7.3260E-03     0.0000E+00     0.0000E+00
    92     2.7200E+07  2.7000E+07     7.3801E-03     0.0000E+00     0.0000E+00
    93     2.7000E+07  2.6800E+07     7.4350E-03     0.0000E+00     0.0000E+00
    94     2.6800E+07  2.6600E+07     7.4907E-03     0.0000E+00     0.0000E+00
    95     2.6600E+07  2.6400E+07     7.5472E-03     0.0000E+00     0.0000E+00
    96     2.6400E+07  2.6200E+07     7.6046E-03     0.0000E+00     0.0000E+00
    97     2.6200E+07  2.6000E+07     7.6629E-03     0.0000E+00     0.0000E+00
    98     2.6000E+07  2.5800E+07     7.7220E-03     0.0000E+00     0.0000E+00
    99     2.5800E+07  2.5600E+07     7.7821E-03     0.0000E+00     0.0000E+00
   100     2.5600E+07  2.5400E+07     7.8432E-03     0.0000E+00     0.0000E+00
   101     2.5400E+07  2.5200E+07     7.9052E-03     0.0000E+00     0.0000E+00
   102     2.5200E+07  2.5000E+07     7.9682E-03     0.0000E+00     0.0000E+00
   103     2.5000E+07  2.4800E+07     8.0322E-03     0.0000E+00     0.0000E+00
   104     2.4800E+07  2.4600E+07     8.0972E-03     0.0000E+00     0.0000E+00
   105     2.4600E+07  2.4400E+07     8.1633E-03     0.0000E+00     0.0000E+00
   106     2.4400E+07  2.4200E+07     8.2305E-03     0.0000E+00     0.0000E+00
   107     2.4200E+07  2.4000E+07     8.2988E-03     0.0000E+00     0.0000E+00
   108     2.4000E+07  2.3800E+07     8.3682E-03     0.0000E+00     0.0000E+00
   109     2.3800E+07  2.3600E+07     8.4389E-03     0.0000E+00     0.0000E+00
   110     2.3600E+07  2.3400E+07     8.5107E-03     0.0000E+00     0.0000E+00
   111     2.3400E+07  2.3200E+07     8.5837E-03     0.0000E+00     0.0000E+00
   112     2.3200E+07  2.3000E+07     8.6581E-03     0.0000E+00     0.0000E+00
   113     2.3000E+07  2.2800E+07     8.7337E-03     0.0000E+00     0.0000E+00
   114     2.2800E+07  2.2600E+07     8.8106E-03     0.0000E+00     0.0000E+00
   115     2.2600E+07  2.2400E+07     8.8889E-03     0.0000E+00     0.0000E+00
   116     2.2400E+07  2.2200E+07     8.9687E-03     0.0000E+00     0.0000E+00
   117     2.2200E+07  2.2000E+07     9.0498E-03     0.0000E+00     0.0000E+00
   118     2.2000E+07  2.1800E+07     9.1325E-03     0.0000E+00     0.0000E+00
   119     2.1800E+07  2.1600E+07     9.2167E-03     0.0000E+00     0.0000E+00
   120     2.1600E+07  2.1400E+07     9.3024E-03     0.0000E+00     0.0000E+00
   121     2.1400E+07  2.1200E+07     9.3897E-03     0.0000E+00     0.0000E+00
   122     2.1200E+07  2.1000E+07     9.4787E-03     0.0000E+00     0.0000E+00
   123     2.1000E+07  2.0800E+07     9.5695E-03     0.0000E+00     0.0000E+00
   124     2.0800E+07  2.0600E+07     9.6619E-03     0.0000E+00     0.0000E+00
   125     2.0600E+07  2.0400E+07     9.7562E-03     0.0000E+00     0.0000E+00
   126     2.0400E+07  2.0200E+07     9.8523E-03     0.0000E+00     0.0000E+00
   127     2.0200E+07  2.0000E+07     9.9503E-03     0.0000E+00     0.0000E+00
   128     2.0000E+07  1.9800E+07     1.0050E-02     1.9051E-08     1.8956E-06
   129     1.9800E+07  1.9600E+07     1.0152E-02     1.9244E-08     1.8955E-06
   130     1.9600E+07  1.9400E+07     1.0257E-02     1.9442E-08     1.8956E-06
   131     1.9400E+07  1.9200E+07     1.0363E-02     1.9643E-08     1.8955E-06
   132     1.9200E+07  1.9000E+07     1.0471E-02     1.9849E-08     1.8956E-06
   133     1.9000E+07  1.8800E+07     1.0582E-02     2.0059E-08     1.8956E-06
   134     1.8800E+07  1.8600E+07     1.0695E-02     2.0273E-08     1.8955E-06
   135     1.8600E+07  1.8400E+07     1.0811E-02     2.0493E-08     1.8956E-06
   136     1.8400E+07  1.8200E+07     1.0929E-02     2.0717E-08     1.8956E-06
   137     1.8200E+07  1.8000E+07     1.1050E-02     2.0945E-08     1.8955E-06
   138     1.8000E+07  1.7800E+07     1.1173E-02     2.1180E-08     1.8956E-06
   139     1.7800E+07  1.7600E+07     1.1300E-02     2.1419E-08     1.8956E-06
   140     1.7600E+07  1.7400E+07     1.1429E-02     2.1664E-08     1.8956E-06
   141     1.7400E+07  1.7200E+07     1.1561E-02     3.9511E-08     3.4177E-06
   142     1.7200E+07  1.7000E+07     1.1696E-02     4.9091E-08     4.1972E-06
   143     1.7000E+07  1.6800E+07     1.1834E-02     5.8385E-08     4.9335E-06
   144     1.6800E+07  1.6600E+07     1.1976E-02     6.7015E-08     5.5957E-06
   145     1.6600E+07  1.6400E+07     1.2121E-02     8.2404E-08     6.7982E-06
   146     1.6400E+07  1.6200E+07     1.2270E-02     1.0247E-07     8.3512E-06
   147     1.6200E+07  1.6000E+07     1.2423E-02     1.0374E-07     8.3510E-06
   148     1.6000E+07  1.5800E+07     1.2579E-02     1.0504E-07     8.3506E-06
   149     1.5800E+07  1.5600E+07     1.2739E-02     1.3447E-07     1.0556E-05
   150     1.5600E+07  1.5400E+07     1.2903E-02     1.7605E-07     1.3644E-05
   151     1.5400E+07  1.5200E+07     1.3072E-02     1.7835E-07     1.3644E-05
   152     1.5200E+07  1.5000E+07     1.3245E-02     1.8071E-07     1.3643E-05
   153     1.5000E+07  1.4800E+07     1.3423E-02     2.2893E-07     1.7055E-05
   154     1.4800E+07  1.4600E+07     1.3606E-02     2.6408E-07     1.9410E-05
   155     1.4600E+07  1.4400E+07     1.3793E-02     3.2587E-07     2.3625E-05
   156     1.4400E+07  1.4200E+07     1.3986E-02     3.4995E-07     2.5021E-05
   157     1.4200E+07  1.4000E+07     1.4185E-02     4.4530E-07     3.1393E-05
   158     1.4000E+07  1.3800E+07     1.4389E-02     4.7830E-07     3.3241E-05
   159     1.3800E+07  1.3600E+07     1.4599E-02     5.7518E-07     3.9399E-05
   160     1.3600E+07  1.3400E+07     1.4815E-02     6.9357E-07     4.6815E-05
   161     1.3400E+07  1.3200E+07     1.5038E-02     8.1694E-07     5.4325E-05
   162     1.3200E+07  1.3000E+07     1.5267E-02     8.2941E-07     5.4325E-05
   163     1.3000E+07  1.2800E+07     1.5504E-02     9.0467E-07     5.8350E-05
   164     1.2800E+07  1.2600E+07     1.5748E-02     1.1705E-06     7.4325E-05
   165     1.2600E+07  1.2400E+07     1.6000E-02     1.3536E-06     8.4598E-05
   166     1.2400E+07  1.2200E+07     1.6261E-02     1.5090E-06     9.2801E-05
   167     1.2200E+07  1.2000E+07     1.6529E-02     1.9312E-06     1.1683E-04
   168     1.2000E+07  1.1800E+07     1.6807E-02     1.9637E-06     1.1684E-04
   169     1.1800E+07  1.1600E+07     1.7094E-02     2.0739E-06     1.2132E-04
   170     1.1600E+07  1.1400E+07     1.7392E-02     2.8913E-06     1.6625E-04
   171     1.1400E+07  1.1200E+07     1.7700E-02     2.9425E-06     1.6625E-04
   172     1.1200E+07  1.1000E+07     1.8019E-02     3.4207E-06     1.8984E-04
   173     1.1000E+07  1.0800E+07     1.8349E-02     4.7048E-06     2.5640E-04
   174     1.0800E+07  1.0600E+07     1.8692E-02     4.7928E-06     2.5641E-04
   175     1.0600E+07  1.0400E+07     1.9048E-02     5.7487E-06     3.0180E-04
   176     1.0400E+07  1.0200E+07     1.9418E-02     6.5325E-06     3.3641E-04
   177     1.0200E+07  1.0000E+07     1.9803E-02     6.6619E-06     3.3641E-04
   178     1.0000E+07  9.8000E+06     2.0203E-02     9.4227E-06     4.6641E-04
   179     9.8000E+06  9.6000E+06     2.0619E-02     9.6170E-06     4.6641E-04
   180     9.6000E+06  9.4000E+06     2.1053E-02     1.1917E-05     5.6604E-04
   181     9.4000E+06  9.2000E+06     2.1506E-02     1.3829E-05     6.4302E-04
   182     9.2000E+06  9.0000E+06     2.1979E-02     1.5085E-05     6.8634E-04
   183     9.0000E+06  8.8000E+06     2.2473E-02     1.8441E-05     8.2059E-04
   184     8.8000E+06  8.6000E+06     2.2990E-02     1.9043E-05     8.2833E-04
   185     8.6000E+06  8.4000E+06     2.3530E-02     2.4385E-05     1.0363E-03
   186     8.4000E+06  8.2000E+06     2.4098E-02     2.4973E-05     1.0363E-03
   187     8.2000E+06  8.0000E+06     2.4693E-02     3.3187E-05     1.3440E-03
   188     8.0000E+06  7.8000E+06     2.5318E-02     3.4549E-05     1.3646E-03
   189     7.8000E+06  7.6000E+06     2.5975E-02     4.3689E-05     1.6819E-03
   190     7.6000E+06  7.4000E+06     2.6668E-02     4.5784E-05     1.7168E-03
   191     7.4000E+06  7.2000E+06     2.7399E-02     5.6442E-05     2.0600E-03
   192     7.2000E+06  7.0000E+06     2.8171E-02     6.1944E-05     2.1989E-03
   193     7.0000E+06  6.8000E+06     2.8988E-02     7.6697E-05     2.6459E-03
   194     6.8000E+06  6.6000E+06     2.9853E-02     8.5168E-05     2.8529E-03
   195     6.6000E+06  6.4000E+06     3.0772E-02     1.0446E-04     3.3947E-03
   196     6.4000E+06  6.2000E+06     3.1749E-02     1.2165E-04     3.8317E-03
   197     6.2000E+06  6.0000E+06     3.2790E-02     1.3129E-04     4.0040E-03
   198     6.0000E+06  5.8000E+06     3.3902E-02     1.4375E-04     4.2402E-03
   199     5.8000E+06  5.6000E+06     3.5091E-02     1.6399E-04     4.6732E-03
   200     5.6000E+06  5.4000E+06     3.6368E-02     1.9017E-04     5.2291E-03
   201     5.4000E+06  5.2000E+06     3.7740E-02     2.2164E-04     5.8728E-03
   202     5.2000E+06  5.0000E+06     3.9221E-02     2.4569E-04     6.2643E-03
   203     5.0000E+06  4.7863E+06     4.3680E-02     3.2105E-04     7.3500E-03
   204     4.7863E+06  4.5709E+06     4.6048E-02     3.5910E-04     7.7985E-03
   205     4.5709E+06  4.3652E+06     4.6046E-02     3.9177E-04     8.5082E-03
   206     4.3652E+06  4.1687E+06     4.6060E-02     4.0854E-04     8.8698E-03
   207     4.1687E+06  3.9811E+06     4.6046E-02     4.1766E-04     9.0705E-03
   208     3.9811E+06  3.8019E+06     4.6057E-02     4.2875E-04     9.3091E-03
   209     3.8019E+06  3.6308E+06     4.6048E-02     4.3996E-04     9.5544E-03
   210     3.6308E+06  3.4674E+06     4.6048E-02     4.6829E-04     1.0170E-02
   211     3.4674E+06  3.3113E+06     4.6064E-02     4.7802E-04     1.0377E-02
   212     3.3113E+06  3.1623E+06     4.6041E-02     5.5524E-04     1.2060E-02
   213     3.1623E+06  3.0200E+06     4.6043E-02     6.5773E-04     1.4285E-02
   214     3.0200E+06  2.8840E+06     4.6079E-02     6.6059E-04     1.4336E-02
   215     2.8840E+06  2.7542E+06     4.6051E-02     7.0105E-04     1.5223E-02
   216     2.7542E+06  2.6303E+06     4.6029E-02     7.5757E-04     1.6458E-02
   217     2.6303E+06  2.5119E+06     4.6058E-02     7.7271E-04     1.6777E-02
   218     2.5119E+06  2.3988E+06     4.6071E-02     7.8971E-04     1.7141E-02
   219     2.3988E+06  2.2909E+06     4.6024E-02     8.4946E-04     1.8457E-02
   220     2.2909E+06  2.1878E+06     4.6048E-02     7.5279E-04     1.6348E-02
   221     2.1878E+06  2.0893E+06     4.6067E-02     7.1157E-04     1.5446E-02
   222     2.0893E+06  1.9953E+06     4.6035E-02     6.8689E-04     1.4921E-02
   223     1.9953E+06  1.9055E+06     4.6050E-02     6.6316E-04     1.4401E-02
   224     1.9055E+06  1.8197E+06     4.6073E-02     6.4462E-04     1.3991E-02
   225     1.8197E+06  1.7378E+06     4.6052E-02     7.5151E-04     1.6319E-02
   226     1.7378E+06  1.6596E+06     4.6043E-02     7.2242E-04     1.5690E-02
   227     1.6596E+06  1.5849E+06     4.6055E-02     6.9246E-04     1.5035E-02
   228     1.5849E+06  1.5136E+06     4.6030E-02     7.1850E-04     1.5609E-02
   229     1.5136E+06  1.4454E+06     4.6105E-02     7.4717E-04     1.6206E-02
   230     1.4454E+06  1.3804E+06     4.6013E-02     7.3865E-04     1.6053E-02
   231     1.3804E+06  1.3183E+06     4.6030E-02     6.5684E-04     1.4270E-02
   232     1.3183E+06  1.2589E+06     4.6105E-02     6.7550E-04     1.4651E-02
   233     1.2589E+06  1.2023E+06     4.6002E-02     7.4924E-04     1.6287E-02
   234     1.2023E+06  1.1482E+06     4.6041E-02     7.2804E-04     1.5813E-02
   235     1.1482E+06  1.0965E+06     4.6072E-02     6.5907E-04     1.4305E-02
   236     1.0965E+06  1.0471E+06     4.6099E-02     5.5693E-04     1.2081E-02
   237     1.0471E+06  1.0000E+06     4.6024E-02     5.5603E-04     1.2081E-02
   238     1.0000E+06  9.5499E+05     4.6054E-02     5.3367E-04     1.1588E-02
   239     9.5499E+05  9.1201E+05     4.6050E-02     6.1591E-04     1.3375E-02
   240     9.1201E+05  8.7096E+05     4.6055E-02     6.7996E-04     1.4764E-02
   241     8.7096E+05  8.3176E+05     4.6052E-02     7.7022E-04     1.6725E-02
   242     8.3176E+05  7.9433E+05     4.6045E-02     8.4946E-04     1.8448E-02
   243     7.9433E+05  7.5858E+05     4.6051E-02     8.4138E-04     1.8271E-02
   244     7.5858E+05  7.2444E+05     4.6049E-02     7.8905E-04     1.7135E-02
   245     7.2444E+05  6.9183E+05     4.6059E-02     7.4814E-04     1.6243E-02
   246     6.9183E+05  6.6069E+05     4.6056E-02     7.2487E-04     1.5739E-02
   247     6.6069E+05  6.3096E+05     4.6042E-02     7.0504E-04     1.5313E-02
   248     6.3096E+05  6.0256E+05     4.6055E-02     6.8552E-04     1.4885E-02
   249     6.0256E+05  5.7544E+05     4.6052E-02     6.6587E-04     1.4459E-02
   250     5.7544E+05  5.4954E+05     4.6053E-02     6.4586E-04     1.4024E-02
   251     5.4954E+05  5.2481E+05     4.6045E-02     6.2542E-04     1.3583E-02
   252     5.2481E+05  5.0119E+05     4.6051E-02     6.0388E-04     1.3113E-02
   253     5.0119E+05  4.7863E+05     4.6057E-02     5.1298E-04     1.1138E-02
   254     4.7863E+05  4.5709E+05     4.6048E-02     4.9776E-04     1.0810E-02
   255     4.5709E+05  4.3652E+05     4.6046E-02     4.1704E-04     9.0570E-03
   256     4.3652E+05  4.1687E+05     4.6060E-02     3.7990E-04     8.2480E-03
   257     4.1687E+05  3.9811E+05     4.6046E-02     4.1666E-04     9.0488E-03
   258     3.9811E+05  3.8019E+05     4.6057E-02     4.5174E-04     9.8082E-03
   259     3.8019E+05  3.6308E+05     4.6048E-02     4.7298E-04     1.0271E-02
   260     3.6308E+05  3.4674E+05     4.6048E-02     5.1434E-04     1.1170E-02
   261     3.4674E+05  3.3113E+05     4.6064E-02     5.1561E-04     1.1193E-02
   262     3.3113E+05  3.1623E+05     4.6041E-02     5.2070E-04     1.1309E-02
   263     3.1623E+05  3.0200E+05     4.6043E-02     5.2072E-04     1.1309E-02
   264     3.0200E+05  2.8840E+05     4.6079E-02     4.8631E-04     1.0554E-02
   265     2.8840E+05  2.7542E+05     4.6051E-02     4.7230E-04     1.0256E-02
   266     2.7542E+05  2.6303E+05     4.6029E-02     4.5003E-04     9.7771E-03
   267     2.6303E+05  2.5119E+05     4.6058E-02     4.4589E-04     9.6810E-03
   268     2.5119E+05  2.3988E+05     4.6071E-02     4.2973E-04     9.3276E-03
   269     2.3988E+05  2.2909E+05     4.6024E-02     4.1409E-04     8.9973E-03
   270     2.2909E+05  2.1878E+05     4.6048E-02     4.0416E-04     8.7769E-03
   271     2.1878E+05  2.0893E+05     4.6067E-02     3.9432E-04     8.5596E-03
   272     2.0893E+05  1.9953E+05     4.6035E-02     3.8366E-04     8.3342E-03
   273     1.9953E+05  1.9055E+05     4.6050E-02     3.7350E-04     8.1108E-03
   274     1.9055E+05  1.8197E+05     4.6073E-02     3.6367E-04     7.8934E-03
   275     1.8197E+05  1.7378E+05     4.6052E-02     3.5482E-04     7.7048E-03
   276     1.7378E+05  1.6596E+05     4.6043E-02     3.4625E-04     7.5201E-03
   277     1.6596E+05  1.5849E+05     4.6055E-02     3.3845E-04     7.3488E-03
   278     1.5849E+05  1.5136E+05     4.6030E-02     3.3132E-04     7.1979E-03
   279     1.5136E+05  1.4454E+05     4.6105E-02     3.2434E-04     7.0348E-03
   280     1.4454E+05  1.3804E+05     4.6013E-02     3.1634E-04     6.8750E-03
   281     1.3804E+05  1.3183E+05     4.6030E-02     3.0938E-04     6.7212E-03
   282     1.3183E+05  1.2589E+05     4.6105E-02     3.0307E-04     6.5735E-03
   283     1.2589E+05  1.2023E+05     4.6002E-02     2.9602E-04     6.4349E-03
   284     1.2023E+05  1.1482E+05     4.6041E-02     2.9029E-04     6.3050E-03
   285     1.1482E+05  1.0965E+05     4.6072E-02     2.8405E-04     6.1653E-03
   286     1.0965E+05  1.0471E+05     4.6099E-02     2.7815E-04     6.0338E-03
   287     1.0471E+05  1.0000E+05     4.6024E-02     2.7770E-04     6.0338E-03
   288     1.0000E+05  9.5499E+04     4.6054E-02     2.7013E-04     5.8655E-03
   289     9.5499E+04  9.1201E+04     4.6050E-02     2.6424E-04     5.7381E-03
   290     9.1201E+04  8.7096E+04     4.6055E-02     2.6427E-04     5.7382E-03
   291     8.7096E+04  8.3176E+04     4.6052E-02     2.5713E-04     5.5835E-03
   292     8.3176E+04  7.9433E+04     4.6045E-02     2.4971E-04     5.4232E-03
   293     7.9433E+04  7.5858E+04     4.6051E-02     2.4739E-04     5.3721E-03
   294     7.5858E+04  7.2444E+04     4.6049E-02     2.4738E-04     5.3721E-03
   295     7.2444E+04  6.9183E+04     4.6059E-02     2.3781E-04     5.1632E-03
   296     6.9183E+04  6.6069E+04     4.6056E-02     2.3486E-04     5.0995E-03
   297     6.6069E+04  6.3096E+04     4.6042E-02     2.3285E-04     5.0573E-03
   298     6.3096E+04  6.0256E+04     4.6055E-02     2.3291E-04     5.0572E-03
   299     6.0256E+04  5.7544E+04     4.6052E-02     2.3290E-04     5.0573E-03
   300     5.7544E+04  5.4954E+04     4.6053E-02     2.2618E-04     4.9113E-03
   301     5.4954E+04  5.2481E+04     4.6045E-02     2.2212E-04     4.8239E-03
   302     5.2481E+04  5.0119E+04     4.6051E-02     2.1594E-04     4.6891E-03
   303     5.0119E+04  4.7863E+04     4.6057E-02     2.1595E-04     4.6887E-03
   304     4.7863E+04  4.5709E+04     4.6048E-02     2.1281E-04     4.6215E-03
   305     4.5709E+04  4.3652E+04     4.6046E-02     2.0498E-04     4.4516E-03
   306     4.3652E+04  4.1687E+04     4.6060E-02     2.0504E-04     4.4516E-03
   307     4.1687E+04  3.9811E+04     4.6046E-02     2.0526E-04     4.4577E-03
   308     3.9811E+04  3.8019E+04     4.6057E-02     2.0552E-04     4.4623E-03
   309     3.8019E+04  3.6308E+04     4.6048E-02     2.0548E-04     4.4623E-03
   310     3.6308E+04  3.4674E+04     4.6048E-02     2.0548E-04     4.4623E-03
   311     3.4674E+04  3.3113E+04     4.6064E-02     2.0018E-04     4.3457E-03
   312     3.3113E+04  3.1623E+04     4.6041E-02     1.9796E-04     4.2996E-03
   313     3.1623E+04  3.0200E+04     4.6043E-02     1.9488E-04     4.2326E-03
   314     3.0200E+04  2.8840E+04     4.6079E-02     1.9503E-04     4.2325E-03
   315     2.8840E+04  2.7542E+04     4.6051E-02     1.9226E-04     4.1749E-03
   316     2.7542E+04  2.6303E+04     4.6029E-02     1.9048E-04     4.1383E-03
   317     2.6303E+04  2.5119E+04     4.6058E-02     1.8962E-04     4.1169E-03
   318     2.5119E+04  2.3988E+04     4.6071E-02     1.8687E-04     4.0561E-03
   319     2.3988E+04  2.2909E+04     4.6024E-02     1.8578E-04     4.0366E-03
   320     2.2909E+04  2.1878E+04     4.6048E-02     1.8668E-04     4.0540E-03
   321     2.1878E+04  2.0893E+04     4.6067E-02     1.8122E-04     3.9338E-03
   322     2.0893E+04  1.9953E+04     4.6035E-02     1.8107E-04     3.9333E-03
   323     1.9953E+04  1.9055E+04     4.6050E-02     1.8018E-04     3.9127E-03
   324     1.9055E+04  1.8197E+04     4.6073E-02     1.7786E-04     3.8604E-03
   325     1.8197E+04  1.7378E+04     4.6052E-02     1.7778E-04     3.8604E-03
   326     1.7378E+04  1.6596E+04     4.6043E-02     1.7775E-04     3.8605E-03
   327     1.6596E+04  1.5849E+04     4.6055E-02     1.7779E-04     3.8604E-03
   328     1.5849E+04  1.5136E+04     4.6030E-02     1.7770E-04     3.8605E-03
   329     1.5136E+04  1.4454E+04     4.6105E-02     1.7376E-04     3.7688E-03
   330     1.4454E+04  1.3804E+04     4.6013E-02     1.7269E-04     3.7531E-03
   331     1.3804E+04  1.3183E+04     4.6030E-02     1.7275E-04     3.7530E-03
   332     1.3183E+04  1.2589E+04     4.6105E-02     1.7303E-04     3.7530E-03
   333     1.2589E+04  1.2023E+04     4.6002E-02     1.7265E-04     3.7531E-03
   334     1.2023E+04  1.1482E+04     4.6041E-02     1.7179E-04     3.7312E-03
   335     1.1482E+04  1.0965E+04     4.6072E-02     1.7055E-04     3.7018E-03
   336     1.0965E+04  1.0471E+04     4.6099E-02     1.6990E-04     3.6856E-03
   337     1.0471E+04  1.0000E+04     4.6024E-02     1.6742E-04     3.6376E-03
   338     1.0000E+04  9.5499E+03     4.6054E-02     1.6753E-04     3.6377E-03
   339     9.5499E+03  9.1201E+03     4.6050E-02     1.6751E-04     3.6376E-03
   340     9.1201E+03  8.7096E+03     4.6055E-02     1.6620E-04     3.6087E-03
   341     8.7096E+03  8.3176E+03     4.6052E-02     1.6619E-04     3.6087E-03
   342     8.3176E+03  7.9433E+03     4.6045E-02     1.6529E-04     3.5898E-03
   343     7.9433E+03  7.5858E+03     4.6051E-02     1.6309E-04     3.5415E-03
   344     7.5858E+03  7.2444E+03     4.6049E-02     1.6309E-04     3.5416E-03
   345     7.2444E+03  6.9183E+03     4.6059E-02     1.6480E-04     3.5780E-03
   346     6.9183E+03  6.6069E+03     4.6056E-02     1.6607E-04     3.6059E-03
   347     6.6069E+03  6.3096E+03     4.6042E-02     1.6603E-04     3.6060E-03
   348     6.3096E+03  6.0256E+03     4.6055E-02     1.6227E-04     3.5234E-03
   349     6.0256E+03  5.7544E+03     4.6052E-02     1.6161E-04     3.5093E-03
   350     5.7544E+03  5.4954E+03     4.6053E-02     1.6132E-04     3.5029E-03
   351     5.4954E+03  5.2481E+03     4.6045E-02     1.5952E-04     3.4644E-03
   352     5.2481E+03  5.0119E+03     4.6051E-02     1.5954E-04     3.4644E-03
   353     5.0119E+03  4.7863E+03     4.6057E-02     1.5922E-04     3.4570E-03
   354     4.7863E+03  4.5709E+03     4.6048E-02     1.5872E-04     3.4469E-03
   355     4.5709E+03  4.3652E+03     4.6046E-02     1.5871E-04     3.4468E-03
   356     4.3652E+03  4.1687E+03     4.6060E-02     1.5137E-04     3.2864E-03
   357     4.1687E+03  3.9811E+03     4.6046E-02     1.4832E-04     3.2211E-03
   358     3.9811E+03  3.8019E+03     4.6057E-02     1.4835E-04     3.2210E-03
   359     3.8019E+03  3.6308E+03     4.6048E-02     1.6405E-04     3.5626E-03
   360     3.6308E+03  3.4674E+03     4.6048E-02     1.6410E-04     3.5637E-03
   361     3.4674E+03  3.3113E+03     4.6064E-02     1.6188E-04     3.5142E-03
   362     3.3113E+03  3.1623E+03     4.6041E-02     1.5601E-04     3.3885E-03
   363     3.1623E+03  3.0200E+03     4.6043E-02     1.5602E-04     3.3886E-03
   364     3.0200E+03  2.8840E+03     4.6079E-02     1.5095E-04     3.2759E-03
   365     2.8840E+03  2.7542E+03     4.6051E-02     1.4691E-04     3.1901E-03
   366     2.7542E+03  2.6303E+03     4.6029E-02     1.4684E-04     3.1902E-03
   367     2.6303E+03  2.5119E+03     4.6058E-02     1.5857E-04     3.4428E-03
   368     2.5119E+03  2.3988E+03     4.6071E-02     1.6061E-04     3.4862E-03
   369     2.3988E+03  2.2909E+03     4.6024E-02     1.5948E-04     3.4652E-03
   370     2.2909E+03  2.1878E+03     4.6048E-02     1.5355E-04     3.3345E-03
   371     2.1878E+03  2.0893E+03     4.6067E-02     1.5362E-04     3.3347E-03
   372     2.0893E+03  1.9953E+03     4.6035E-02     1.5319E-04     3.3277E-03
   373     1.9953E+03  1.9055E+03     4.6050E-02     1.5280E-04     3.3181E-03
   374     1.9055E+03  1.8197E+03     4.6073E-02     1.5288E-04     3.3182E-03
   375     1.8197E+03  1.7378E+03     4.6052E-02     1.5163E-04     3.2926E-03
   376     1.7378E+03  1.6596E+03     4.6043E-02     1.5112E-04     3.2821E-03
   377     1.6596E+03  1.5849E+03     4.6055E-02     1.5116E-04     3.2821E-03
   378     1.5849E+03  1.5136E+03     4.6030E-02     1.5123E-04     3.2854E-03
   379     1.5136E+03  1.4454E+03     4.6105E-02     1.5148E-04     3.2856E-03
   380     1.4454E+03  1.3804E+03     4.6013E-02     1.5106E-04     3.2830E-03
   381     1.3804E+03  1.3183E+03     4.6030E-02     1.5081E-04     3.2763E-03
   382     1.3183E+03  1.2589E+03     4.6105E-02     1.5106E-04     3.2765E-03
   383     1.2589E+03  1.2023E+03     4.6002E-02     1.4986E-04     3.2577E-03
   384     1.2023E+03  1.1482E+03     4.6041E-02     1.4933E-04     3.2434E-03
   385     1.1482E+03  1.0965E+03     4.6072E-02     1.4943E-04     3.2434E-03
   386     1.0965E+03  1.0471E+03     4.6099E-02     1.4910E-04     3.2344E-03
   387     1.0471E+03  1.0000E+03     4.6024E-02     1.4879E-04     3.2328E-03
   388     1.0000E+03  9.5499E+02     4.6054E-02     1.4818E-04     3.2175E-03
   389     9.5499E+02  9.1201E+02     4.6050E-02     1.4379E-04     3.1225E-03
   390     9.1201E+02  8.7096E+02     4.6055E-02     1.4381E-04     3.1226E-03
   391     8.7096E+02  8.3176E+02     4.6052E-02     1.4655E-04     3.1823E-03
   392     8.3176E+02  7.9433E+02     4.6045E-02     1.5024E-04     3.2629E-03
   393     7.9433E+02  7.5858E+02     4.6051E-02     1.5026E-04     3.2629E-03
   394     7.5858E+02  7.2444E+02     4.6049E-02     1.4348E-04     3.1158E-03
   395     7.2444E+02  6.9183E+02     4.6059E-02     1.4073E-04     3.0555E-03
   396     6.9183E+02  6.6069E+02     4.6056E-02     1.4072E-04     3.0554E-03
   397     6.6069E+02  6.3096E+02     4.6042E-02     1.4986E-04     3.2548E-03
   398     6.3096E+02  6.0256E+02     4.6055E-02     1.4993E-04     3.2554E-03
   399     6.0256E+02  5.7544E+02     4.6052E-02     1.4736E-04     3.1998E-03
   400     5.7544E+02  5.4954E+02     4.6053E-02     1.4090E-04     3.0595E-03
   401     5.4954E+02  5.2481E+02     4.6045E-02     1.4087E-04     3.0594E-03
   402     5.2481E+02  5.0119E+02     4.6051E-02     1.4390E-04     3.1248E-03
   403     5.0119E+02  4.7863E+02     4.6057E-02     1.4620E-04     3.1743E-03
   404     4.7863E+02  4.5709E+02     4.6048E-02     1.4617E-04     3.1743E-03
   405     4.5709E+02  4.3652E+02     4.6046E-02     1.4305E-04     3.1067E-03
   406     4.3652E+02  4.1687E+02     4.6060E-02     1.4255E-04     3.0949E-03
   407     4.1687E+02  3.9811E+02     4.6046E-02     1.4277E-04     3.1006E-03
   408     3.9811E+02  3.8019E+02     4.6057E-02     1.4442E-04     3.1357E-03
   409     3.8019E+02  3.6308E+02     4.6048E-02     1.4439E-04     3.1356E-03
   410     3.6308E+02  3.4674E+02     4.6048E-02     1.4394E-04     3.1259E-03
   411     3.4674E+02  3.3113E+02     4.6064E-02     1.4339E-04     3.1128E-03
   412     3.3113E+02  3.1623E+02     4.6041E-02     1.4331E-04     3.1126E-03
   413     3.1623E+02  3.0200E+02     4.6043E-02     1.3844E-04     3.0068E-03
   414     3.0200E+02  2.8840E+02     4.6079E-02     1.3652E-04     2.9628E-03
   415     2.8840E+02  2.7542E+02     4.6051E-02     1.3644E-04     2.9628E-03
   416     2.7542E+02  2.6303E+02     4.6029E-02     1.3787E-04     2.9953E-03
   417     2.6303E+02  2.5119E+02     4.6058E-02     1.3796E-04     2.9953E-03
   418     2.5119E+02  2.3988E+02     4.6071E-02     1.3767E-04     2.9882E-03
   419     2.3988E+02  2.2909E+02     4.6024E-02     1.3669E-04     2.9700E-03
   420     2.2909E+02  2.1878E+02     4.6048E-02     1.3676E-04     2.9699E-03
   421     2.1878E+02  2.0893E+02     4.6067E-02     1.3434E-04     2.9162E-03
   422     2.0893E+02  1.9953E+02     4.6035E-02     1.3239E-04     2.8759E-03
   423     1.9953E+02  1.9055E+02     4.6050E-02     1.3520E-04     2.9359E-03
   424     1.9055E+02  1.8197E+02     4.6073E-02     1.3802E-04     2.9957E-03
   425     1.8197E+02  1.7378E+02     4.6052E-02     1.3795E-04     2.9955E-03
   426     1.7378E+02  1.6596E+02     4.6043E-02     1.3567E-04     2.9466E-03
   427     1.6596E+02  1.5849E+02     4.6055E-02     1.3546E-04     2.9412E-03
   428     1.5849E+02  1.5136E+02     4.6030E-02     1.3539E-04     2.9413E-03
   429     1.5136E+02  1.4454E+02     4.6105E-02     1.3539E-04     2.9366E-03
   430     1.4454E+02  1.3804E+02     4.6013E-02     1.3498E-04     2.9335E-03
   431     1.3804E+02  1.3183E+02     4.6030E-02     1.3503E-04     2.9335E-03
   432     1.3183E+02  1.2589E+02     4.6105E-02     1.3126E-04     2.8470E-03
   433     1.2589E+02  1.2023E+02     4.6002E-02     1.2937E-04     2.8123E-03
   434     1.2023E+02  1.1482E+02     4.6041E-02     1.2948E-04     2.8123E-03
   435     1.1482E+02  1.0965E+02     4.6072E-02     1.2855E-04     2.7902E-03
   436     1.0965E+02  1.0471E+02     4.6099E-02     1.2583E-04     2.7296E-03
   437     1.0471E+02  1.0000E+02     4.6024E-02     1.2563E-04     2.7296E-03
   438     1.0000E+02  9.5499E+01     4.6054E-02     1.2571E-04     2.7296E-03
   439     9.5499E+01  9.1201E+01     4.6050E-02     1.2570E-04     2.7296E-03
   440     9.1201E+01  8.7096E+01     4.6055E-02     1.2477E-04     2.7092E-03
   441     8.7096E+01  8.3176E+01     4.6052E-02     1.2405E-04     2.6937E-03
   442     8.3176E+01  7.9433E+01     4.6045E-02     1.2403E-04     2.6937E-03
   443     7.9433E+01  7.5858E+01     4.6051E-02     1.2405E-04     2.6938E-03
   444     7.5858E+01  7.2444E+01     4.6049E-02     1.2008E-04     2.6076E-03
   445     7.2444E+01  6.9183E+01     4.6059E-02     1.1965E-04     2.5978E-03
   446     6.9183E+01  6.6069E+01     4.6056E-02     1.1964E-04     2.5977E-03
   447     6.6069E+01  6.3096E+01     4.6042E-02     1.1960E-04     2.5976E-03
   448     6.3096E+01  6.0256E+01     4.6055E-02     1.1964E-04     2.5978E-03
   449     6.0256E+01  5.7544E+01     4.6052E-02     1.1963E-04     2.5977E-03
   450     5.7544E+01  5.4954E+01     4.6053E-02     1.1963E-04     2.5976E-03
   451     5.4954E+01  5.2481E+01     4.6045E-02     1.1961E-04     2.5977E-03
   452     5.2481E+01  5.0119E+01     4.6051E-02     1.1963E-04     2.5978E-03
   453     5.0119E+01  4.7863E+01     4.6057E-02     1.1954E-04     2.5955E-03
   454     4.7863E+01  4.5709E+01     4.6048E-02     1.1359E-04     2.4668E-03
   455     4.5709E+01  4.3652E+01     4.6046E-02     1.1358E-04     2.4667E-03
   456     4.3652E+01  4.1687E+01     4.6060E-02     1.1362E-04     2.4668E-03
   457     4.1687E+01  3.9811E+01     4.6046E-02     1.1358E-04     2.4667E-03
   458     3.9811E+01  3.8019E+01     4.6057E-02     1.1361E-04     2.4667E-03
   459     3.8019E+01  3.6308E+01     4.6048E-02     1.1359E-04     2.4668E-03
   460     3.6308E+01  3.4674E+01     4.6048E-02     1.1359E-04     2.4668E-03
   461     3.4674E+01  3.3113E+01     4.6064E-02     1.1363E-04     2.4668E-03
   462     3.3113E+01  3.1623E+01     4.6041E-02     1.1357E-04     2.4667E-03
   463     3.1623E+01  3.0200E+01     4.6043E-02     1.1358E-04     2.4668E-03
   464     3.0200E+01  2.8840E+01     4.6079E-02     1.1366E-04     2.4667E-03
   465     2.8840E+01  2.7542E+01     4.6051E-02     1.1235E-04     2.4397E-03
   466     2.7542E+01  2.6303E+01     4.6029E-02     1.0349E-04     2.2484E-03
   467     2.6303E+01  2.5119E+01     4.6058E-02     1.0356E-04     2.2484E-03
   468     2.5119E+01  2.3988E+01     4.6071E-02     1.0358E-04     2.2483E-03
   469     2.3988E+01  2.2909E+01     4.6024E-02     1.0348E-04     2.2484E-03
   470     2.2909E+01  2.1878E+01     4.6048E-02     1.0353E-04     2.2483E-03
   471     2.1878E+01  2.0893E+01     4.6067E-02     1.0358E-04     2.2484E-03
   472     2.0893E+01  1.9953E+01     4.6035E-02     1.0350E-04     2.2483E-03
   473     1.9953E+01  1.9055E+01     4.6050E-02     1.0354E-04     2.2484E-03
   474     1.9055E+01  1.8197E+01     4.6073E-02     1.0359E-04     2.2484E-03
   475     1.8197E+01  1.7378E+01     4.6052E-02     1.0354E-04     2.2483E-03
   476     1.7378E+01  1.6596E+01     4.6043E-02     1.0352E-04     2.2483E-03
   477     1.6596E+01  1.5849E+01     4.6055E-02     1.0317E-04     2.2401E-03
   478     1.5849E+01  1.5136E+01     4.6030E-02     1.0166E-04     2.2085E-03
   479     1.5136E+01  1.4454E+01     4.6105E-02     1.0182E-04     2.2084E-03
   480     1.4454E+01  1.3804E+01     4.6013E-02     1.0162E-04     2.2085E-03
   481     1.3804E+01  1.3183E+01     4.6030E-02     1.0166E-04     2.2085E-03
   482     1.3183E+01  1.2589E+01     4.6105E-02     1.0182E-04     2.2085E-03
   483     1.2589E+01  1.2023E+01     4.6002E-02     1.0159E-04     2.2084E-03
   484     1.2023E+01  1.1482E+01     4.6041E-02     1.0168E-04     2.2085E-03
   485     1.1482E+01  1.0965E+01     4.6072E-02     1.0175E-04     2.2085E-03
   486     1.0965E+01  1.0471E+01     4.6099E-02     1.0181E-04     2.2085E-03
   487     1.0471E+01  1.0000E+01     4.6024E-02     1.0164E-04     2.2084E-03
   488     1.0000E+01  9.9750E+00     2.5031E-03     5.9409E-06     2.3734E-03
   489     9.9750E+00  9.9500E+00     2.5094E-03     5.9701E-06     2.3791E-03
   490     9.9500E+00  9.9250E+00     2.5157E-03     5.9989E-06     2.3846E-03
   491     9.9250E+00  9.9000E+00     2.5221E-03     6.0281E-06     2.3901E-03
   492     9.9000E+00  9.8750E+00     2.5284E-03     6.0579E-06     2.3959E-03
   493     9.8750E+00  9.8500E+00     2.5349E-03     6.0879E-06     2.4017E-03
   494     9.8500E+00  9.8250E+00     2.5413E-03     6.1201E-06     2.4083E-03
   495     9.8250E+00  9.8000E+00     2.5478E-03     6.1459E-06     2.4123E-03
   496     9.8000E+00  9.7750E+00     2.5543E-03     6.1701E-06     2.4156E-03
   497     9.7750E+00  9.7500E+00     2.5608E-03     6.1929E-06     2.4183E-03
   498     9.7500E+00  9.7250E+00     2.5674E-03     6.2139E-06     2.4203E-03
   499     9.7250E+00  9.7000E+00     2.5740E-03     6.2341E-06     2.4219E-03
   500     9.7000E+00  9.6750E+00     2.5806E-03     6.2509E-06     2.4222E-03
   501     9.6750E+00  9.6500E+00     2.5873E-03     6.2671E-06     2.4222E-03
   502     9.6500E+00  9.6250E+00     2.5940E-03     6.2839E-06     2.4224E-03
   503     9.6250E+00  9.6000E+00     2.6008E-03     6.2999E-06     2.4223E-03
   504     9.6000E+00  9.5750E+00     2.6076E-03     6.3191E-06     2.4234E-03
   505     9.5750E+00  9.5500E+00     2.6144E-03     6.3349E-06     2.4231E-03
   506     9.5500E+00  9.5250E+00     2.6212E-03     6.3551E-06     2.4245E-03
   507     9.5250E+00  9.5000E+00     2.6281E-03     6.3739E-06     2.4253E-03
   508     9.5000E+00  9.4750E+00     2.6350E-03     6.3929E-06     2.4261E-03
   509     9.4750E+00  9.4500E+00     2.6420E-03     6.4111E-06     2.4266E-03
   510     9.4500E+00  9.4250E+00     2.6490E-03     6.4289E-06     2.4269E-03
   511     9.4250E+00  9.4000E+00     2.6560E-03     6.4461E-06     2.4270E-03
   512     9.4000E+00  9.3750E+00     2.6631E-03     6.4629E-06     2.4268E-03
   513     9.3750E+00  9.3500E+00     2.6702E-03     6.4789E-06     2.4263E-03
   514     9.3500E+00  9.3250E+00     2.6774E-03     6.4951E-06     2.4259E-03
   515     9.3250E+00  9.3000E+00     2.6846E-03     6.5109E-06     2.4253E-03
   516     9.3000E+00  9.2750E+00     2.6918E-03     6.5281E-06     2.4252E-03
   517     9.2750E+00  9.2500E+00     2.6991E-03     6.5449E-06     2.4249E-03
   518     9.2500E+00  9.2250E+00     2.7064E-03     6.5629E-06     2.4250E-03
   519     9.2250E+00  9.2000E+00     2.7137E-03     6.5802E-06     2.4248E-03
   520     9.2000E+00  9.1750E+00     2.7211E-03     6.5979E-06     2.4247E-03
   521     9.1750E+00  9.1500E+00     2.7285E-03     6.6152E-06     2.4245E-03
   522     9.1500E+00  9.1250E+00     2.7360E-03     6.6319E-06     2.4240E-03
   523     9.1250E+00  9.1000E+00     2.7435E-03     6.6489E-06     2.4235E-03
   524     9.1000E+00  9.0750E+00     2.7510E-03     6.6672E-06     2.4235E-03
   525     9.0750E+00  9.0500E+00     2.7586E-03     6.6849E-06     2.4233E-03
   526     9.0500E+00  9.0250E+00     2.7663E-03     6.7022E-06     2.4228E-03
   527     9.0250E+00  9.0000E+00     2.7739E-03     6.7169E-06     2.4214E-03
   528     9.0000E+00  8.9750E+00     2.7816E-03     6.7289E-06     2.4190E-03
   529     8.9750E+00  8.9500E+00     2.7894E-03     6.7382E-06     2.4156E-03
   530     8.9500E+00  8.9250E+00     2.7972E-03     6.7409E-06     2.4099E-03
   531     8.9250E+00  8.9000E+00     2.8051E-03     6.7402E-06     2.4029E-03
   532     8.9000E+00  8.8750E+00     2.8129E-03     6.7329E-06     2.3935E-03
   533     8.8750E+00  8.8500E+00     2.8209E-03     6.7219E-06     2.3829E-03
   534     8.8500E+00  8.8250E+00     2.8289E-03     6.7082E-06     2.3713E-03
   535     8.8250E+00  8.8000E+00     2.8369E-03     6.6939E-06     2.3596E-03
   536     8.8000E+00  8.7750E+00     2.8450E-03     6.6802E-06     2.3481E-03
   537     8.7750E+00  8.7500E+00     2.8531E-03     6.6689E-06     2.3374E-03
   538     8.7500E+00  8.7250E+00     2.8612E-03     6.6589E-06     2.3273E-03
   539     8.7250E+00  8.7000E+00     2.8694E-03     6.6522E-06     2.3183E-03
   540     8.7000E+00  8.6750E+00     2.8777E-03     6.6479E-06     2.3101E-03
   541     8.6750E+00  8.6500E+00     2.8860E-03     6.6512E-06     2.3046E-03
   542     8.6500E+00  8.6250E+00     2.8944E-03     6.6649E-06     2.3027E-03
   543     8.6250E+00  8.6000E+00     2.9028E-03     6.6939E-06     2.3060E-03
   544     8.6000E+00  8.5750E+00     2.9112E-03     6.7392E-06     2.3149E-03
   545     8.5750E+00  8.5500E+00     2.9197E-03     6.7949E-06     2.3273E-03
   546     8.5500E+00  8.5250E+00     2.9283E-03     6.8592E-06     2.3424E-03
   547     8.5250E+00  8.5000E+00     2.9369E-03     6.9219E-06     2.3569E-03
   548     8.5000E+00  8.4750E+00     2.9455E-03     6.9809E-06     2.3700E-03
   549     8.4750E+00  8.4500E+00     2.9542E-03     7.0332E-06     2.3807E-03
   550     8.4500E+00  8.4250E+00     2.9630E-03     7.0769E-06     2.3885E-03
   551     8.4250E+00  8.4000E+00     2.9718E-03     7.1132E-06     2.3936E-03
   552     8.4000E+00  8.3750E+00     2.9806E-03     7.1439E-06     2.3968E-03
   553     8.3750E+00  8.3500E+00     2.9895E-03     7.1699E-06     2.3983E-03
   554     8.3500E+00  8.3250E+00     2.9985E-03     7.1922E-06     2.3986E-03
   555     8.3250E+00  8.3000E+00     3.0075E-03     7.2099E-06     2.3973E-03
   556     8.3000E+00  8.2750E+00     3.0166E-03     7.2252E-06     2.3952E-03
   557     8.2750E+00  8.2500E+00     3.0257E-03     7.2379E-06     2.3921E-03
   558     8.2500E+00  8.2250E+00     3.0349E-03     7.2469E-06     2.3879E-03
   559     8.2250E+00  8.2000E+00     3.0441E-03     7.2532E-06     2.3827E-03
   560     8.2000E+00  8.1750E+00     3.0534E-03     7.2549E-06     2.3760E-03
   561     8.1750E+00  8.1500E+00     3.0628E-03     7.2522E-06     2.3678E-03
   562     8.1500E+00  8.1250E+00     3.0722E-03     7.2429E-06     2.3576E-03
   563     8.1250E+00  8.1000E+00     3.0817E-03     7.2239E-06     2.3442E-03
   564     8.1000E+00  8.0750E+00     3.0912E-03     7.1902E-06     2.3260E-03
   565     8.0750E+00  8.0500E+00     3.1008E-03     7.1329E-06     2.3004E-03
   566     8.0500E+00  8.0250E+00     3.1104E-03     7.0392E-06     2.2631E-03
   567     8.0250E+00  8.0000E+00     3.1201E-03     6.8909E-06     2.2085E-03
   568     8.0000E+00  7.9750E+00     3.1299E-03     6.6690E-06     2.1307E-03
   569     7.9750E+00  7.9500E+00     3.1397E-03     6.3610E-06     2.0260E-03
   570     7.9500E+00  7.9250E+00     3.1496E-03     5.9739E-06     1.8967E-03
   571     7.9250E+00  7.9000E+00     3.1596E-03     5.5450E-06     1.7550E-03
   572     7.9000E+00  7.8750E+00     3.1696E-03     5.1310E-06     1.6188E-03
   573     7.8750E+00  7.8500E+00     3.1797E-03     4.7910E-06     1.5068E-03
   574     7.8500E+00  7.8250E+00     3.1898E-03     4.5690E-06     1.4324E-03
   575     7.8250E+00  7.8000E+00     3.2000E-03     4.4959E-06     1.4050E-03
   576     7.8000E+00  7.7750E+00     3.2103E-03     4.5500E-06     1.4173E-03
   577     7.7750E+00  7.7500E+00     3.2206E-03     4.7610E-06     1.4783E-03
   578     7.7500E+00  7.7250E+00     3.2310E-03     5.0730E-06     1.5701E-03
   579     7.7250E+00  7.7000E+00     3.2415E-03     5.4470E-06     1.6804E-03
   580     7.7000E+00  7.6750E+00     3.2520E-03     5.8269E-06     1.7918E-03
   581     7.6750E+00  7.6500E+00     3.2626E-03     6.1710E-06     1.8914E-03
   582     7.6500E+00  7.6250E+00     3.2733E-03     6.4520E-06     1.9711E-03
   583     7.6250E+00  7.6000E+00     3.2841E-03     6.6690E-06     2.0307E-03
   584     7.6000E+00  7.5750E+00     3.2949E-03     6.8300E-06     2.0729E-03
   585     7.5750E+00  7.5500E+00     3.3058E-03     6.9479E-06     2.1017E-03
   586     7.5500E+00  7.5250E+00     3.3168E-03     7.0320E-06     2.1201E-03
   587     7.5250E+00  7.5000E+00     3.3278E-03     7.0920E-06     2.1311E-03
   588     7.5000E+00  7.4750E+00     3.3389E-03     7.1320E-06     2.1360E-03
   589     7.4750E+00  7.4500E+00     3.3501E-03     7.1570E-06     2.1364E-03
   590     7.4500E+00  7.4250E+00     3.3613E-03     7.1699E-06     2.1330E-03
   591     7.4250E+00  7.4000E+00     3.3727E-03     7.1710E-06     2.1262E-03
   592     7.4000E+00  7.3750E+00     3.3841E-03     7.1630E-06     2.1167E-03
   593     7.3750E+00  7.3500E+00     3.3956E-03     7.1440E-06     2.1039E-03
   594     7.3500E+00  7.3250E+00     3.4072E-03     7.1150E-06     2.0883E-03
   595     7.3250E+00  7.3000E+00     3.4188E-03     7.0759E-06     2.0697E-03
   596     7.3000E+00  7.2750E+00     3.4305E-03     7.0250E-06     2.0478E-03
   597     7.2750E+00  7.2500E+00     3.4423E-03     6.9630E-06     2.0227E-03
   598     7.2500E+00  7.2250E+00     3.4542E-03     6.8870E-06     1.9938E-03
   599     7.2250E+00  7.2000E+00     3.4662E-03     6.7950E-06     1.9604E-03
   600     7.2000E+00  7.1750E+00     3.4783E-03     6.6859E-06     1.9222E-03
   601     7.1750E+00  7.1500E+00     3.4904E-03     6.5580E-06     1.8789E-03
   602     7.1500E+00  7.1250E+00     3.5026E-03     6.4070E-06     1.8292E-03
   603     7.1250E+00  7.1000E+00     3.5149E-03     6.2330E-06     1.7733E-03
   604     7.1000E+00  7.0750E+00     3.5273E-03     6.0330E-06     1.7104E-03
   605     7.0750E+00  7.0500E+00     3.5398E-03     5.8019E-06     1.6390E-03
   606     7.0500E+00  7.0250E+00     3.5524E-03     5.5370E-06     1.5587E-03
   607     7.0250E+00  7.0000E+00     3.5651E-03     5.2320E-06     1.4676E-03
   608     7.0000E+00  6.9750E+00     3.5778E-03     4.8810E-06     1.3642E-03
   609     6.9750E+00  6.9500E+00     3.5907E-03     4.4700E-06     1.2449E-03
   610     6.9500E+00  6.9250E+00     3.6036E-03     3.9789E-06     1.1041E-03
   611     6.9250E+00  6.9000E+00     3.6166E-03     3.3700E-06     9.3180E-04
   612     6.9000E+00  6.8750E+00     3.6298E-03     2.6220E-06     7.2236E-04
   613     6.8750E+00  6.8500E+00     3.6430E-03     1.8010E-06     4.9437E-04
   614     6.8500E+00  6.8250E+00     3.6563E-03     1.0850E-06     2.9675E-04
   615     6.8250E+00  6.8000E+00     3.6697E-03     5.8539E-07     1.5952E-04
   616     6.8000E+00  6.7750E+00     3.6832E-03     3.2490E-07     8.8210E-05
   617     6.7750E+00  6.7500E+00     3.6969E-03     1.9160E-07     5.1828E-05
   618     6.7500E+00  6.7250E+00     3.7106E-03     1.2540E-07     3.3795E-05
   619     6.7250E+00  6.7000E+00     3.7244E-03     9.2930E-08     2.4952E-05
   620     6.7000E+00  6.6750E+00     3.7383E-03     7.9139E-08     2.1170E-05
   621     6.6750E+00  6.6500E+00     3.7523E-03     7.7720E-08     2.0712E-05
   622     6.6500E+00  6.6250E+00     3.7665E-03     8.8010E-08     2.3367E-05
   623     6.6250E+00  6.6000E+00     3.7807E-03     1.1460E-07     3.0312E-05
   624     6.6000E+00  6.5750E+00     3.7951E-03     1.6950E-07     4.4663E-05
   625     6.5750E+00  6.5500E+00     3.8095E-03     2.8080E-07     7.3710E-05
   626     6.5500E+00  6.5250E+00     3.8241E-03     5.0270E-07     1.3146E-04
   627     6.5250E+00  6.5000E+00     3.8388E-03     9.4680E-07     2.4664E-04
   628     6.5000E+00  6.4750E+00     3.8536E-03     1.6250E-06     4.2169E-04
   629     6.4750E+00  6.4500E+00     3.8685E-03     2.4490E-06     6.3307E-04
   630     6.4500E+00  6.4250E+00     3.8835E-03     3.2120E-06     8.2709E-04
   631     6.4250E+00  6.4000E+00     3.8986E-03     3.8240E-06     9.8085E-04
   632     6.4000E+00  6.3750E+00     3.9139E-03     4.3120E-06     1.1017E-03
   633     6.3750E+00  6.3500E+00     3.9293E-03     4.7250E-06     1.2025E-03
   634     6.3500E+00  6.3250E+00     3.9448E-03     5.0880E-06     1.2898E-03
   635     6.3250E+00  6.3000E+00     3.9604E-03     5.4139E-06     1.3670E-03
   636     6.3000E+00  6.2750E+00     3.9761E-03     5.7060E-06     1.4351E-03
   637     6.2750E+00  6.2500E+00     3.9920E-03     5.9670E-06     1.4947E-03
   638     6.2500E+00  6.2250E+00     4.0080E-03     6.2000E-06     1.5469E-03
   639     6.2250E+00  6.2000E+00     4.0242E-03     6.4100E-06     1.5929E-03
   640     6.2000E+00  6.1750E+00     4.0404E-03     6.5989E-06     1.6332E-03
   641     6.1750E+00  6.1500E+00     4.0568E-03     6.7720E-06     1.6693E-03
   642     6.1500E+00  6.1250E+00     4.0733E-03     6.9310E-06     1.7016E-03
   643     6.1250E+00  6.1000E+00     4.0900E-03     7.0800E-06     1.7311E-03
   644     6.1000E+00  6.0750E+00     4.1068E-03     7.2210E-06     1.7583E-03
   645     6.0750E+00  6.0500E+00     4.1237E-03     7.3549E-06     1.7836E-03
   646     6.0500E+00  6.0250E+00     4.1408E-03     7.4810E-06     1.8067E-03
   647     6.0250E+00  6.0000E+00     4.1580E-03     7.6050E-06     1.8290E-03
   648     6.0000E+00  5.9750E+00     4.1754E-03     7.7110E-06     1.8468E-03
   649     5.9750E+00  5.9500E+00     4.1929E-03     7.8150E-06     1.8639E-03
   650     5.9500E+00  5.9250E+00     4.2105E-03     7.9129E-06     1.8793E-03
   651     5.9250E+00  5.9000E+00     4.2283E-03     8.0050E-06     1.8932E-03
   652     5.9000E+00  5.8750E+00     4.2463E-03     8.0930E-06     1.9059E-03
   653     5.8750E+00  5.8500E+00     4.2644E-03     8.1820E-06     1.9187E-03
   654     5.8500E+00  5.8250E+00     4.2827E-03     8.2590E-06     1.9285E-03
   655     5.8250E+00  5.8000E+00     4.3011E-03     8.3379E-06     1.9386E-03
   656     5.8000E+00  5.7750E+00     4.3197E-03     8.4150E-06     1.9481E-03
   657     5.7750E+00  5.7500E+00     4.3384E-03     8.4890E-06     1.9567E-03
   658     5.7500E+00  5.7250E+00     4.3573E-03     8.5670E-06     1.9661E-03
   659     5.7250E+00  5.7000E+00     4.3764E-03     8.6340E-06     1.9729E-03
   660     5.7000E+00  5.6750E+00     4.3956E-03     8.7039E-06     1.9801E-03
   661     5.6750E+00  5.6500E+00     4.4150E-03     8.7730E-06     1.9871E-03
   662     5.6500E+00  5.6250E+00     4.4346E-03     8.8410E-06     1.9936E-03
   663     5.6250E+00  5.6000E+00     4.4544E-03     8.9080E-06     1.9998E-03
   664     5.6000E+00  5.5750E+00     4.4743E-03     8.9780E-06     2.0066E-03
   665     5.5750E+00  5.5500E+00     4.4944E-03     9.0359E-06     2.0105E-03
   666     5.5500E+00  5.5250E+00     4.5147E-03     9.0940E-06     2.0143E-03
   667     5.5250E+00  5.5000E+00     4.5352E-03     9.1470E-06     2.0169E-03
   668     5.5000E+00  5.4750E+00     4.5558E-03     9.1930E-06     2.0179E-03
   669     5.4750E+00  5.4500E+00     4.5767E-03     9.2380E-06     2.0185E-03
   670     5.4500E+00  5.4250E+00     4.5977E-03     9.2919E-06     2.0210E-03
   671     5.4250E+00  5.4000E+00     4.6189E-03     9.3490E-06     2.0241E-03
   672     5.4000E+00  5.3750E+00     4.6404E-03     9.4280E-06     2.0317E-03
   673     5.3750E+00  5.3500E+00     4.6620E-03     9.5210E-06     2.0423E-03
   674     5.3500E+00  5.3250E+00     4.6838E-03     9.6230E-06     2.0545E-03
   675     5.3250E+00  5.3000E+00     4.7059E-03     9.7299E-06     2.0676E-03
   676     5.3000E+00  5.2750E+00     4.7281E-03     9.8250E-06     2.0780E-03
   677     5.2750E+00  5.2500E+00     4.7506E-03     9.9190E-06     2.0879E-03
   678     5.2500E+00  5.2250E+00     4.7733E-03     1.0010E-05     2.0971E-03
   679     5.2250E+00  5.2000E+00     4.7962E-03     1.0100E-05     2.1058E-03
   680     5.2000E+00  5.1750E+00     4.8193E-03     1.0180E-05     2.1123E-03
   681     5.1750E+00  5.1500E+00     4.8426E-03     1.0270E-05     2.1208E-03
   682     5.1500E+00  5.1250E+00     4.8662E-03     1.0360E-05     2.1290E-03
   683     5.1250E+00  5.1000E+00     4.8900E-03     1.0460E-05     2.1391E-03
   684     5.1000E+00  5.0750E+00     4.9140E-03     1.0560E-05     2.1490E-03
   685     5.0750E+00  5.0500E+00     4.9383E-03     1.0650E-05     2.1566E-03
   686     5.0500E+00  5.0250E+00     4.9628E-03     1.0730E-05     2.1621E-03
   687     5.0250E+00  5.0000E+00     4.9875E-03     1.0810E-05     2.1674E-03
   688     5.0000E+00  4.9750E+00     5.0125E-03     1.0890E-05     2.1726E-03
   689     4.9750E+00  4.9500E+00     5.0378E-03     1.0960E-05     2.1756E-03
   690     4.9500E+00  4.9250E+00     5.0633E-03     1.1040E-05     2.1804E-03
   691     4.9250E+00  4.9000E+00     5.0891E-03     1.1110E-05     2.1831E-03
   692     4.9000E+00  4.8750E+00     5.1151E-03     1.1180E-05     2.1857E-03
   693     4.8750E+00  4.8500E+00     5.1414E-03     1.1260E-05     2.1901E-03
   694     4.8500E+00  4.8250E+00     5.1680E-03     1.1330E-05     2.1924E-03
   695     4.8250E+00  4.8000E+00     5.1948E-03     1.1420E-05     2.1983E-03
   696     4.8000E+00  4.7750E+00     5.2219E-03     1.1500E-05     2.2022E-03
   697     4.7750E+00  4.7500E+00     5.2494E-03     1.1570E-05     2.2041E-03
   698     4.7500E+00  4.7250E+00     5.2771E-03     1.1640E-05     2.2058E-03
   699     4.7250E+00  4.7000E+00     5.3051E-03     1.1690E-05     2.2036E-03
   700     4.7000E+00  4.6750E+00     5.3333E-03     1.1720E-05     2.1975E-03
   701     4.6750E+00  4.6500E+00     5.3619E-03     1.1740E-05     2.1895E-03
   702     4.6500E+00  4.6250E+00     5.3908E-03     1.1760E-05     2.1815E-03
   703     4.6250E+00  4.6000E+00     5.4201E-03     1.1780E-05     2.1734E-03
   704     4.6000E+00  4.5750E+00     5.4496E-03     1.1830E-05     2.1708E-03
   705     4.5750E+00  4.5500E+00     5.4795E-03     1.1870E-05     2.1663E-03
   706     4.5500E+00  4.5250E+00     5.5097E-03     1.1940E-05     2.1671E-03
   707     4.5250E+00  4.5000E+00     5.5402E-03     1.2020E-05     2.1696E-03
   708     4.5000E+00  4.4750E+00     5.5710E-03     1.2090E-05     2.1701E-03
   709     4.4750E+00  4.4500E+00     5.6023E-03     1.2140E-05     2.1670E-03
   710     4.4500E+00  4.4250E+00     5.6338E-03     1.2160E-05     2.1584E-03
   711     4.4250E+00  4.4000E+00     5.6657E-03     1.2160E-05     2.1462E-03
   712     4.4000E+00  4.3750E+00     5.6980E-03     1.2130E-05     2.1288E-03
   713     4.3750E+00  4.3500E+00     5.7307E-03     1.2050E-05     2.1027E-03
   714     4.3500E+00  4.3250E+00     5.7637E-03     1.1930E-05     2.0698E-03
   715     4.3250E+00  4.3000E+00     5.7971E-03     1.1840E-05     2.0424E-03
   716     4.3000E+00  4.2750E+00     5.8309E-03     1.1830E-05     2.0288E-03
   717     4.2750E+00  4.2500E+00     5.8651E-03     1.1960E-05     2.0392E-03
   718     4.2500E+00  4.2250E+00     5.8997E-03     1.2210E-05     2.0696E-03
   719     4.2250E+00  4.2000E+00     5.9347E-03     1.2530E-05     2.1113E-03
   720     4.2000E+00  4.1750E+00     5.9702E-03     1.2840E-05     2.1507E-03
   721     4.1750E+00  4.1500E+00     6.0060E-03     1.3100E-05     2.1811E-03
   722     4.1500E+00  4.1250E+00     6.0423E-03     1.3320E-05     2.2045E-03
   723     4.1250E+00  4.1000E+00     6.0790E-03     1.3520E-05     2.2240E-03
   724     4.1000E+00  4.0750E+00     6.1162E-03     1.3720E-05     2.2432E-03
   725     4.0750E+00  4.0500E+00     6.1539E-03     1.3960E-05     2.2685E-03
   726     4.0500E+00  4.0250E+00     6.1920E-03     1.4280E-05     2.3062E-03
   727     4.0250E+00  4.0000E+00     6.2305E-03     1.4790E-05     2.3738E-03
   728     4.0000E+00  3.9750E+00     6.2696E-03     1.4850E-05     2.3686E-03
   729     3.9750E+00  3.9500E+00     6.3092E-03     1.4560E-05     2.3078E-03
   730     3.9500E+00  3.9250E+00     6.3492E-03     1.4220E-05     2.2396E-03
   731     3.9250E+00  3.9000E+00     6.3898E-03     1.4320E-05     2.2411E-03
   732     3.9000E+00  3.8750E+00     6.4309E-03     1.4530E-05     2.2594E-03
   733     3.8750E+00  3.8500E+00     6.4725E-03     1.4720E-05     2.2742E-03
   734     3.8500E+00  3.8250E+00     6.5147E-03     1.4830E-05     2.2764E-03
   735     3.8250E+00  3.8000E+00     6.5574E-03     1.4970E-05     2.2829E-03
   736     3.8000E+00  3.7750E+00     6.6007E-03     1.5150E-05     2.2952E-03
   737     3.7750E+00  3.7500E+00     6.6445E-03     1.5290E-05     2.3011E-03
   738     3.7500E+00  3.7250E+00     6.6890E-03     1.5420E-05     2.3053E-03
   739     3.7250E+00  3.7000E+00     6.7340E-03     1.5540E-05     2.3077E-03
   740     3.7000E+00  3.6750E+00     6.7797E-03     1.5670E-05     2.3113E-03
   741     3.6750E+00  3.6500E+00     6.8260E-03     1.5750E-05     2.3074E-03
   742     3.6500E+00  3.6250E+00     6.8729E-03     1.5870E-05     2.3091E-03
   743     3.6250E+00  3.6000E+00     6.9204E-03     1.5960E-05     2.3062E-03
   744     3.6000E+00  3.5750E+00     6.9687E-03     1.6110E-05     2.3118E-03
   745     3.5750E+00  3.5500E+00     7.0176E-03     1.6210E-05     2.3099E-03
   746     3.5500E+00  3.5250E+00     7.0672E-03     1.6360E-05     2.3149E-03
   747     3.5250E+00  3.5000E+00     7.1175E-03     1.6470E-05     2.3140E-03
   748     3.5000E+00  3.4750E+00     7.1685E-03     1.6620E-05     2.3185E-03
   749     3.4750E+00  3.4500E+00     7.2202E-03     1.6720E-05     2.3157E-03
   750     3.4500E+00  3.4250E+00     7.2728E-03     1.6850E-05     2.3169E-03
   751     3.4250E+00  3.4000E+00     7.3260E-03     1.7000E-05     2.3205E-03
   752     3.4000E+00  3.3750E+00     7.3801E-03     1.7070E-05     2.3130E-03
   753     3.3750E+00  3.3500E+00     7.4350E-03     1.7190E-05     2.3120E-03
   754     3.3500E+00  3.3250E+00     7.4907E-03     1.7330E-05     2.3135E-03
   755     3.3250E+00  3.3000E+00     7.5472E-03     1.7450E-05     2.3121E-03
   756     3.3000E+00  3.2750E+00     7.6046E-03     1.7530E-05     2.3052E-03
   757     3.2750E+00  3.2500E+00     7.6629E-03     1.7630E-05     2.3007E-03
   758     3.2500E+00  3.2250E+00     7.7220E-03     1.7750E-05     2.2986E-03
   759     3.2250E+00  3.2000E+00     7.7821E-03     1.7850E-05     2.2937E-03
   760     3.2000E+00  3.1750E+00     7.8432E-03     1.7910E-05     2.2835E-03
   761     3.1750E+00  3.1500E+00     7.9052E-03     1.8000E-05     2.2770E-03
   762     3.1500E+00  3.1250E+00     7.9682E-03     1.8100E-05     2.2715E-03
   763     3.1250E+00  3.1000E+00     8.0322E-03     1.8220E-05     2.2684E-03
   764     3.1000E+00  3.0750E+00     8.0972E-03     1.8340E-05     2.2650E-03
   765     3.0750E+00  3.0500E+00     8.1633E-03     1.8520E-05     2.2687E-03
   766     3.0500E+00  3.0250E+00     8.2305E-03     1.8740E-05     2.2769E-03
   767     3.0250E+00  3.0000E+00     8.2988E-03     1.8880E-05     2.2750E-03
   768     3.0000E+00  2.9750E+00     8.3682E-03     1.9070E-05     2.2789E-03
   769     2.9750E+00  2.9500E+00     8.4389E-03     1.9220E-05     2.2776E-03
   770     2.9500E+00  2.9250E+00     8.5107E-03     1.9410E-05     2.2807E-03
   771     2.9250E+00  2.9000E+00     8.5837E-03     1.9510E-05     2.2729E-03
   772     2.9000E+00  2.8750E+00     8.6581E-03     1.9630E-05     2.2673E-03
   773     2.8750E+00  2.8500E+00     8.7337E-03     1.9800E-05     2.2671E-03
   774     2.8500E+00  2.8250E+00     8.8106E-03     1.9880E-05     2.2564E-03
   775     2.8250E+00  2.8000E+00     8.8889E-03     1.9860E-05     2.2342E-03
   776     2.8000E+00  2.7750E+00     8.9687E-03     1.9570E-05     2.1820E-03
   777     2.7750E+00  2.7500E+00     9.0498E-03     1.8680E-05     2.0641E-03
   778     2.7500E+00  2.7250E+00     9.1325E-03     1.7020E-05     1.8637E-03
   779     2.7250E+00  2.7000E+00     9.2167E-03     1.5080E-05     1.6362E-03
   780     2.7000E+00  2.6750E+00     9.3024E-03     1.3760E-05     1.4792E-03
   781     2.6750E+00  2.6500E+00     9.3897E-03     1.3830E-05     1.4729E-03
   782     2.6500E+00  2.6250E+00     9.4787E-03     1.5300E-05     1.6141E-03
   783     2.6250E+00  2.6000E+00     9.5695E-03     1.7490E-05     1.8277E-03
   784     2.6000E+00  2.5750E+00     9.6619E-03     1.9580E-05     2.0265E-03
   785     2.5750E+00  2.5500E+00     9.7562E-03     2.0760E-05     2.1279E-03
   786     2.5500E+00  2.5250E+00     9.8523E-03     2.1480E-05     2.1802E-03
   787     2.5250E+00  2.5000E+00     9.9503E-03     2.2040E-05     2.2150E-03
   788     2.5000E+00  2.4750E+00     1.0050E-02     2.2350E-05     2.2238E-03
   789     2.4750E+00  2.4500E+00     1.0152E-02     2.2690E-05     2.2349E-03
   790     2.4500E+00  2.4250E+00     1.0257E-02     2.2960E-05     2.2386E-03
   791     2.4250E+00  2.4000E+00     1.0363E-02     2.3270E-05     2.2455E-03
   792     2.4000E+00  2.3750E+00     1.0471E-02     2.3510E-05     2.2452E-03
   793     2.3750E+00  2.3500E+00     1.0582E-02     2.3830E-05     2.2519E-03
   794     2.3500E+00  2.3250E+00     1.0695E-02     2.4050E-05     2.2487E-03
   795     2.3250E+00  2.3000E+00     1.0811E-02     2.4430E-05     2.2598E-03
   796     2.3000E+00  2.2750E+00     1.0929E-02     2.4700E-05     2.2600E-03
   797     2.2750E+00  2.2500E+00     1.1050E-02     2.5020E-05     2.2643E-03
   798     2.2500E+00  2.2250E+00     1.1173E-02     2.5290E-05     2.2634E-03
   799     2.2250E+00  2.2000E+00     1.1300E-02     2.5640E-05     2.2691E-03
   800     2.2000E+00  2.1750E+00     1.1429E-02     2.5990E-05     2.2741E-03
   801     2.1750E+00  2.1500E+00     1.1561E-02     2.6240E-05     2.2697E-03
   802     2.1500E+00  2.1250E+00     1.1696E-02     2.6570E-05     2.2717E-03
   803     2.1250E+00  2.1000E+00     1.1834E-02     2.6920E-05     2.2747E-03
   804     2.1000E+00  2.0750E+00     1.1976E-02     2.7210E-05     2.2720E-03
   805     2.0750E+00  2.0500E+00     1.2121E-02     2.7550E-05     2.2728E-03
   806     2.0500E+00  2.0250E+00     1.2270E-02     2.7850E-05     2.2697E-03
   807     2.0250E+00  2.0000E+00     1.2423E-02     2.8240E-05     2.2733E-03
   808     2.0000E+00  1.9750E+00     1.2579E-02     2.8500E-05     2.2657E-03
   809     1.9750E+00  1.9500E+00     1.2739E-02     2.8820E-05     2.2623E-03
   810     1.9500E+00  1.9250E+00     1.2903E-02     2.9150E-05     2.2591E-03
   811     1.9250E+00  1.9000E+00     1.3072E-02     2.9550E-05     2.2605E-03
   812     1.9000E+00  1.8750E+00     1.3245E-02     2.9950E-05     2.2612E-03
   813     1.8750E+00  1.8500E+00     1.3423E-02     3.0460E-05     2.2692E-03
   814     1.8500E+00  1.8250E+00     1.3606E-02     3.0870E-05     2.2689E-03
   815     1.8250E+00  1.8000E+00     1.3793E-02     3.1420E-05     2.2779E-03
   816     1.8000E+00  1.7750E+00     1.3986E-02     3.1780E-05     2.2722E-03
   817     1.7750E+00  1.7500E+00     1.4185E-02     3.2210E-05     2.2708E-03
   818     1.7500E+00  1.7250E+00     1.4389E-02     3.2650E-05     2.2691E-03
   819     1.7250E+00  1.7000E+00     1.4599E-02     3.3070E-05     2.2653E-03
   820     1.7000E+00  1.6750E+00     1.4815E-02     3.3620E-05     2.2693E-03
   821     1.6750E+00  1.6500E+00     1.5038E-02     3.3990E-05     2.2603E-03
   822     1.6500E+00  1.6250E+00     1.5267E-02     3.4450E-05     2.2564E-03
   823     1.6250E+00  1.6000E+00     1.5504E-02     3.4910E-05     2.2516E-03
   824     1.6000E+00  1.5750E+00     1.5748E-02     3.5340E-05     2.2440E-03
   825     1.5750E+00  1.5500E+00     1.6000E-02     3.5890E-05     2.2431E-03
   826     1.5500E+00  1.5250E+00     1.6261E-02     3.6220E-05     2.2275E-03
   827     1.5250E+00  1.5000E+00     1.6529E-02     3.6660E-05     2.2179E-03
   828     1.5000E+00  1.4750E+00     1.6807E-02     3.7060E-05     2.2050E-03
   829     1.4750E+00  1.4500E+00     1.7094E-02     3.7410E-05     2.1884E-03
   830     1.4500E+00  1.4250E+00     1.7392E-02     3.7820E-05     2.1746E-03
   831     1.4250E+00  1.4000E+00     1.7700E-02     3.8050E-05     2.1498E-03
   832     1.4000E+00  1.3750E+00     1.8019E-02     3.8120E-05     2.1156E-03
   833     1.3750E+00  1.3500E+00     1.8349E-02     3.8100E-05     2.0764E-03
   834     1.3500E+00  1.3250E+00     1.8692E-02     3.7770E-05     2.0206E-03
   835     1.3250E+00  1.3000E+00     1.9048E-02     3.7170E-05     1.9514E-03
   836     1.3000E+00  1.2750E+00     1.9418E-02     3.6020E-05     1.8550E-03
   837     1.2750E+00  1.2500E+00     1.9803E-02     3.4800E-05     1.7573E-03
   838     1.2500E+00  1.2250E+00     2.0203E-02     3.3510E-05     1.6587E-03
   839     1.2250E+00  1.2000E+00     2.0619E-02     3.1330E-05     1.5195E-03
   840     1.2000E+00  1.1750E+00     2.1053E-02     2.7600E-05     1.3110E-03
   841     1.1750E+00  1.1500E+00     2.1506E-02     2.1990E-05     1.0225E-03
   842     1.1500E+00  1.1250E+00     2.1979E-02     1.4000E-05     6.3697E-04
   843     1.1250E+00  1.1000E+00     2.2473E-02     6.6310E-06     2.9507E-04
   844     1.1000E+00  1.0750E+00     2.2990E-02     3.0190E-06     1.3132E-04
   845     1.0750E+00  1.0500E+00     2.3530E-02     1.9740E-06     8.3891E-05
   846     1.0500E+00  1.0250E+00     2.4098E-02     2.2270E-06     9.2416E-05
   847     1.0250E+00  1.0000E+00     2.4693E-02     4.1920E-06     1.6977E-04
   848     1.0000E+00  9.7500E-01     2.5318E-02     9.8020E-06     3.8716E-04
   849     9.7500E-01  9.5000E-01     2.5975E-02     1.8710E-05     7.2029E-04
   850     9.5000E-01  9.2500E-01     2.6668E-02     2.6510E-05     9.9407E-04
   851     9.2500E-01  9.0000E-01     2.7399E-02     3.2550E-05     1.1880E-03
   852     9.0000E-01  8.7500E-01     2.8171E-02     3.7510E-05     1.3315E-03
   853     8.7500E-01  8.5000E-01     2.8988E-02     4.1900E-05     1.4454E-03
   854     8.5000E-01  8.2500E-01     2.9853E-02     4.5630E-05     1.5285E-03
   855     8.2500E-01  8.0000E-01     3.0772E-02     4.9370E-05     1.6044E-03
   856     8.0000E-01  7.7500E-01     3.1749E-02     5.2630E-05     1.6577E-03
   857     7.7500E-01  7.5000E-01     3.2790E-02     5.5660E-05     1.6975E-03
   858     7.5000E-01  7.2500E-01     3.3902E-02     5.8800E-05     1.7344E-03
   859     7.2500E-01  7.0000E-01     3.5091E-02     6.2090E-05     1.7694E-03
   860     7.0000E-01  6.7500E-01     3.6368E-02     6.5280E-05     1.7950E-03
   861     6.7500E-01  6.5000E-01     3.7740E-02     6.8290E-05     1.8095E-03
   862     6.5000E-01  6.2500E-01     3.9221E-02     7.0760E-05     1.8041E-03
   863     6.2500E-01  6.0000E-01     4.0822E-02     7.3270E-05     1.7949E-03
   864     6.0000E-01  5.7500E-01     4.2560E-02     7.5620E-05     1.7768E-03
   865     5.7500E-01  5.5000E-01     4.4452E-02     7.8190E-05     1.7590E-03
   866     5.5000E-01  5.2481E-01     4.6882E-02     8.2022E-05     1.7495E-03
   867     5.2481E-01  5.0119E-01     4.6051E-02     7.9152E-05     1.7188E-03
   868     5.0119E-01  4.7863E-01     4.6057E-02     7.6947E-05     1.6707E-03
   869     4.7863E-01  4.5709E-01     4.6048E-02     7.3762E-05     1.6019E-03
   870     4.5709E-01  4.3652E-01     4.6046E-02     6.9511E-05     1.5096E-03
   871     4.3652E-01  4.1687E-01     4.6060E-02     6.4566E-05     1.4018E-03
   872     4.1687E-01  3.9811E-01     4.6046E-02     5.9285E-05     1.2875E-03
   873     3.9811E-01  3.8019E-01     4.6057E-02     5.0718E-05     1.1012E-03
   874     3.8019E-01  3.6308E-01     4.6048E-02     4.2718E-05     9.2769E-04
   875     3.6308E-01  3.4674E-01     4.6048E-02     3.6960E-05     8.0264E-04
   876     3.4674E-01  3.3113E-01     4.6064E-02     2.7723E-05     6.0183E-04
   877     3.3113E-01  3.1623E-01     4.6041E-02     2.3498E-05     5.1037E-04
   878     3.1623E-01  3.0200E-01     4.6043E-02     2.0622E-05     4.4789E-04
   879     3.0200E-01  2.8840E-01     4.6079E-02     1.9591E-05     4.2516E-04
   880     2.8840E-01  2.7542E-01     4.6051E-02     1.9402E-05     4.2131E-04
   881     2.7542E-01  2.6303E-01     4.6029E-02     2.4223E-05     5.2625E-04
   882     2.6303E-01  2.5119E-01     4.6058E-02     2.4404E-05     5.2985E-04
   883     2.5119E-01  2.3988E-01     4.6071E-02     3.3084E-05     7.1811E-04
   884     2.3988E-01  2.2909E-01     4.6024E-02     3.4046E-05     7.3975E-04
   885     2.2909E-01  2.1878E-01     4.6048E-02     4.1316E-05     8.9723E-04
   886     2.1878E-01  2.0893E-01     4.6067E-02     4.5996E-05     9.9845E-04
   887     2.0893E-01  1.9953E-01     4.6035E-02     4.6389E-05     1.0077E-03
   888     1.9953E-01  1.9055E-01     4.6050E-02     5.4316E-05     1.1795E-03
   889     1.9055E-01  1.8197E-01     4.6073E-02     5.8574E-05     1.2713E-03
   890     1.8197E-01  1.7378E-01     4.6052E-02     6.2098E-05     1.3484E-03
   891     1.7378E-01  1.6596E-01     4.6043E-02     6.5125E-05     1.4144E-03
   892     1.6596E-01  1.5849E-01     4.6055E-02     6.7704E-05     1.4701E-03
   893     1.5849E-01  1.5136E-01     4.6030E-02     7.0395E-05     1.5293E-03
   894     1.5136E-01  1.4454E-01     4.6105E-02     7.2760E-05     1.5781E-03
   895     1.4454E-01  1.3804E-01     4.6013E-02     7.3821E-05     1.6044E-03
   896     1.3804E-01  1.3183E-01     4.6030E-02     7.5342E-05     1.6368E-03
   897     1.3183E-01  1.2589E-01     4.6105E-02     7.6342E-05     1.6558E-03
   898     1.2589E-01  1.2023E-01     4.6002E-02     7.6552E-05     1.6641E-03
   899     1.2023E-01  1.1482E-01     4.6041E-02     7.6771E-05     1.6675E-03
   900     1.1482E-01  1.0965E-01     4.6072E-02     7.6755E-05     1.6660E-03
   901     1.0965E-01  1.0471E-01     4.6099E-02     7.5791E-05     1.6441E-03
   902     1.0471E-01  1.0000E-01     4.6024E-02     7.5669E-05     1.6441E-03
   903     1.0000E-01  9.5499E-02     4.6054E-02     7.3216E-05     1.5898E-03
   904     9.5499E-02  9.1201E-02     4.6050E-02     7.3209E-05     1.5898E-03
   905     9.1201E-02  8.7096E-02     4.6055E-02     7.0475E-05     1.5302E-03
   906     8.7096E-02  8.3176E-02     4.6052E-02     6.9362E-05     1.5062E-03
   907     8.3176E-02  7.9433E-02     4.6045E-02     6.8476E-05     1.4872E-03
   908     7.9433E-02  7.5858E-02     4.6051E-02     6.3697E-05     1.3832E-03
   909     7.5858E-02  7.2444E-02     4.6049E-02     6.3695E-05     1.3832E-03
   910     7.2444E-02  6.9183E-02     4.6059E-02     6.1818E-05     1.3422E-03
   911     6.9183E-02  6.6069E-02     4.6056E-02     5.6288E-05     1.2222E-03
   912     6.6069E-02  6.3096E-02     4.6042E-02     5.6272E-05     1.2222E-03
   913     6.3096E-02  6.0256E-02     4.6055E-02     5.6288E-05     1.2222E-03
   914     6.0256E-02  5.7544E-02     4.6052E-02     4.8025E-05     1.0428E-03
   915     5.7544E-02  5.4954E-02     4.6053E-02     4.7185E-05     1.0246E-03
   916     5.4954E-02  5.2481E-02     4.6045E-02     4.7176E-05     1.0246E-03
   917     5.2481E-02  5.0119E-02     4.6051E-02     4.7182E-05     1.0246E-03
   918     5.0119E-02  4.7863E-02     4.6057E-02     4.0017E-05     8.6885E-04
   919     4.7863E-02  4.5709E-02     4.6048E-02     3.9618E-05     8.6037E-04
   920     4.5709E-02  4.3652E-02     4.6046E-02     3.5964E-05     7.8104E-04
   921     4.3652E-02  4.1687E-02     4.6060E-02     3.4096E-05     7.4026E-04
   922     4.1687E-02  3.9811E-02     4.6046E-02     3.3505E-05     7.2764E-04
   923     3.9811E-02  3.8019E-02     4.6057E-02     2.8449E-05     6.1769E-04
   924     3.8019E-02  3.6308E-02     4.6048E-02     2.8443E-05     6.1768E-04
   925     3.6308E-02  3.4674E-02     4.6048E-02     2.7298E-05     5.9282E-04
   926     3.4674E-02  3.3113E-02     4.6064E-02     2.2818E-05     4.9535E-04
   927     3.3113E-02  3.1623E-02     4.6041E-02     2.2807E-05     4.9536E-04
   928     3.1623E-02  3.0200E-02     4.6043E-02     2.2808E-05     4.9537E-04
   929     3.0200E-02  2.8840E-02     4.6079E-02     1.8168E-05     3.9428E-04
   930     2.8840E-02  2.7542E-02     4.6051E-02     1.7373E-05     3.7725E-04
   931     2.7542E-02  2.6303E-02     4.6029E-02     1.7364E-05     3.7724E-04
   932     2.6303E-02  2.5119E-02     4.6058E-02     1.7375E-05     3.7724E-04
   933     2.5119E-02  2.3988E-02     4.6071E-02     1.2773E-05     2.7725E-04
   934     2.3988E-02  2.2909E-02     4.6024E-02     1.2231E-05     2.6575E-04
   935     2.2909E-02  2.1878E-02     4.6048E-02     1.2237E-05     2.6574E-04
   936     2.1878E-02  2.0893E-02     4.6067E-02     1.2242E-05     2.6574E-04
   937     2.0893E-02  1.9953E-02     4.6035E-02     1.2001E-05     2.6069E-04
   938     1.9953E-02  1.9055E-02     4.6050E-02     7.6787E-06     1.6675E-04
   939     1.9055E-02  1.8197E-02     4.6073E-02     7.6825E-06     1.6675E-04
   940     1.8197E-02  1.7378E-02     4.6052E-02     7.6790E-06     1.6675E-04
   941     1.7378E-02  1.6596E-02     4.6043E-02     7.6776E-06     1.6675E-04
   942     1.6596E-02  1.5849E-02     4.6055E-02     7.6796E-06     1.6675E-04
   943     1.5849E-02  1.5136E-02     4.6030E-02     7.6754E-06     1.6675E-04
   944     1.5136E-02  1.4454E-02     4.6105E-02     4.6801E-06     1.0151E-04
   945     1.4454E-02  1.3804E-02     4.6013E-02     3.9401E-06     8.5631E-05
   946     1.3804E-02  1.3183E-02     4.6030E-02     3.9416E-06     8.5631E-05
   947     1.3183E-02  1.2589E-02     4.6105E-02     3.9479E-06     8.5629E-05
   948     1.2589E-02  1.2023E-02     4.6002E-02     3.9391E-06     8.5629E-05
   949     1.2023E-02  1.1482E-02     4.6041E-02     3.9425E-06     8.5630E-05
   950     1.1482E-02  1.0965E-02     4.6072E-02     3.9452E-06     8.5631E-05
   951     1.0965E-02  1.0471E-02     4.6099E-02     3.9474E-06     8.5629E-05
   952     1.0471E-02  1.0000E-02     4.6024E-02     3.9411E-06     8.5631E-05
   953     1.0000E-02  9.5499E-03     4.6054E-02     1.3282E-06     2.8840E-05
   954     9.5499E-03  9.1201E-03     4.6050E-02     1.3281E-06     2.8840E-05
   955     9.1201E-03  8.7096E-03     4.6055E-02     1.3282E-06     2.8839E-05
   956     8.7096E-03  8.3176E-03     4.6052E-02     1.3281E-06     2.8839E-05
   957     8.3176E-03  7.9433E-03     4.6045E-02     1.3279E-06     2.8839E-05
   958     7.9433E-03  7.5858E-03     4.6051E-02     1.3281E-06     2.8840E-05
   959     7.5858E-03  7.2444E-03     4.6049E-02     1.3280E-06     2.8839E-05
   960     7.2444E-03  6.9183E-03     4.6059E-02     1.3283E-06     2.8839E-05
   961     6.9183E-03  6.6069E-03     4.6056E-02     1.3282E-06     2.8839E-05
   962     6.6069E-03  6.3096E-03     4.6042E-02     1.3278E-06     2.8839E-05
   963     6.3096E-03  6.0256E-03     4.6055E-02     1.3282E-06     2.8839E-05
   964     6.0256E-03  5.7544E-03     4.6052E-02     1.3281E-06     2.8839E-05
   965     5.7544E-03  5.4954E-03     4.6053E-02     1.3282E-06     2.8840E-05
   966     5.4954E-03  5.2481E-03     4.6045E-02     1.3279E-06     2.8839E-05
   967     5.2481E-03  5.0119E-03     4.6051E-02     1.3281E-06     2.8840E-05
   968     5.0119E-03  4.7863E-03     4.6057E-02     2.1165E-07     4.5954E-06
   969     4.7863E-03  4.5709E-03     4.6048E-02     1.5085E-07     3.2760E-06
   970     4.5709E-03  4.3652E-03     4.6046E-02     1.5084E-07     3.2758E-06
   971     4.3652E-03  4.1687E-03     4.6060E-02     1.5089E-07     3.2760E-06
   972     4.1687E-03  3.9811E-03     4.6046E-02     1.5084E-07     3.2758E-06
   973     3.9811E-03  3.8019E-03     4.6057E-02     1.5088E-07     3.2759E-06
   974     3.8019E-03  3.6308E-03     4.6048E-02     1.5085E-07     3.2759E-06
   975     3.6308E-03  3.4674E-03     4.6048E-02     1.5085E-07     3.2759E-06
   976     3.4674E-03  3.3113E-03     4.6064E-02     1.5090E-07     3.2759E-06
   977     3.3113E-03  3.1623E-03     4.6041E-02     1.5083E-07     3.2760E-06
   978     3.1623E-03  3.0200E-03     4.6043E-02     1.5083E-07     3.2759E-06
   979     3.0200E-03  2.8840E-03     4.6079E-02     1.5095E-07     3.2759E-06
   980     2.8840E-03  2.7542E-03     4.6051E-02     1.5086E-07     3.2759E-06
   981     2.7542E-03  2.6303E-03     4.6029E-02     1.5079E-07     3.2760E-06
   982     2.6303E-03  2.5119E-03     4.6058E-02     1.5088E-07     3.2758E-06
   983     2.5119E-03  2.3988E-03     4.6071E-02     1.5092E-07     3.2758E-06
   984     2.3988E-03  2.2909E-03     4.6024E-02     1.5077E-07     3.2759E-06
   985     2.2909E-03  2.1878E-03     4.6048E-02     1.5085E-07     3.2759E-06
   986     2.1878E-03  2.0893E-03     4.6067E-02     1.5091E-07     3.2759E-06
   987     2.0893E-03  1.9953E-03     4.6035E-02     1.5080E-07     3.2758E-06
   988     1.9953E-03  1.9055E-03     4.6050E-02     1.5085E-07     3.2758E-06
   989     1.9055E-03  1.8197E-03     4.6073E-02     1.5093E-07     3.2759E-06
   990     1.8197E-03  1.7378E-03     4.6052E-02     1.5086E-07     3.2759E-06
   991     1.7378E-03  1.6596E-03     4.6043E-02     1.5083E-07     3.2758E-06
   992     1.6596E-03  1.5849E-03     4.6055E-02     1.5087E-07     3.2758E-06
   993     1.5849E-03  1.5136E-03     4.6030E-02     1.5079E-07     3.2759E-06
   994     1.5136E-03  1.4454E-03     4.6105E-02     1.5103E-07     3.2758E-06
   995     1.4454E-03  1.3804E-03     4.6013E-02     1.5073E-07     3.2758E-06
   996     1.3804E-03  1.3183E-03     4.6030E-02     1.5079E-07     3.2759E-06
   997     1.3183E-03  1.2589E-03     4.6105E-02     1.5103E-07     3.2758E-06
   998     1.2589E-03  1.2023E-03     4.6002E-02     1.5070E-07     3.2759E-06
   999     1.2023E-03  1.1482E-03     4.6041E-02     1.5082E-07     3.2758E-06
  1000     1.1482E-03  1.0965E-03     4.6072E-02     1.5093E-07     3.2759E-06
  1001     1.0965E-03  1.0471E-03     4.6099E-02     1.5101E-07     3.2758E-06
  1002     1.0471E-03  1.0000E-03     4.6024E-02     1.5044E-07     3.2687E-06
  1003     1.0000E-03  9.5499E-04     4.6054E-02     0.0000E+00     0.0000E+00
  1004     9.5499E-04  9.1201E-04     4.6050E-02     0.0000E+00     0.0000E+00
  1005     9.1201E-04  8.7096E-04     4.6055E-02     0.0000E+00     0.0000E+00
  1006     8.7096E-04  8.3176E-04     4.6052E-02     0.0000E+00     0.0000E+00
  1007     8.3176E-04  7.9433E-04     4.6045E-02     0.0000E+00     0.0000E+00
  1008     7.9433E-04  7.5858E-04     4.6051E-02     0.0000E+00     0.0000E+00
  1009     7.5858E-04  7.2444E-04     4.6049E-02     0.0000E+00     0.0000E+00
  1010     7.2444E-04  6.9183E-04     4.6059E-02     0.0000E+00     0.0000E+00
  1011     6.9183E-04  6.6069E-04     4.6056E-02     0.0000E+00     0.0000E+00
  1012     6.6069E-04  6.3096E-04     4.6042E-02     0.0000E+00     0.0000E+00
  1013     6.3096E-04  6.0256E-04     4.6055E-02     0.0000E+00     0.0000E+00
  1014     6.0256E-04  5.7544E-04     4.6052E-02     0.0000E+00     0.0000E+00
  1015     5.7544E-04  5.4954E-04     4.6053E-02     0.0000E+00     0.0000E+00
  1016     5.4954E-04  5.2481E-04     4.6045E-02     0.0000E+00     0.0000E+00
  1017     5.2481E-04  5.0119E-04     4.6051E-02     0.0000E+00     0.0000E+00
  1018     5.0119E-04  4.7863E-04     4.6057E-02     0.0000E+00     0.0000E+00
  1019     4.7863E-04  4.5709E-04     4.6048E-02     0.0000E+00     0.0000E+00
  1020     4.5709E-04  4.3652E-04     4.6046E-02     0.0000E+00     0.0000E+00
  1021     4.3652E-04  4.1687E-04     4.6060E-02     0.0000E+00     0.0000E+00
  1022     4.1687E-04  3.9811E-04     4.6046E-02     0.0000E+00     0.0000E+00
  1023     3.9811E-04  3.8019E-04     4.6057E-02     0.0000E+00     0.0000E+00
  1024     3.8019E-04  3.6308E-04     4.6048E-02     0.0000E+00     0.0000E+00
  1025     3.6308E-04  3.4674E-04     4.6048E-02     0.0000E+00     0.0000E+00
  1026     3.4674E-04  3.3113E-04     4.6064E-02     0.0000E+00     0.0000E+00
  1027     3.3113E-04  3.1623E-04     4.6041E-02     0.0000E+00     0.0000E+00
  1028     3.1623E-04  3.0200E-04     4.6043E-02     0.0000E+00     0.0000E+00
  1029     3.0200E-04  2.8840E-04     4.6079E-02     0.0000E+00     0.0000E+00
  1030     2.8840E-04  2.7542E-04     4.6051E-02     0.0000E+00     0.0000E+00
  1031     2.7542E-04  2.6303E-04     4.6029E-02     0.0000E+00     0.0000E+00
  1032     2.6303E-04  2.5119E-04     4.6058E-02     0.0000E+00     0.0000E+00
  1033     2.5119E-04  2.3988E-04     4.6071E-02     0.0000E+00     0.0000E+00
  1034     2.3988E-04  2.2909E-04     4.6024E-02     0.0000E+00     0.0000E+00
  1035     2.2909E-04  2.1878E-04     4.6048E-02     0.0000E+00     0.0000E+00
  1036     2.1878E-04  2.0893E-04     4.6067E-02     0.0000E+00     0.0000E+00
  1037     2.0893E-04  1.9953E-04     4.6035E-02     0.0000E+00     0.0000E+00
  1038     1.9953E-04  1.9055E-04     4.6050E-02     0.0000E+00     0.0000E+00
  1039     1.9055E-04  1.8197E-04     4.6073E-02     0.0000E+00     0.0000E+00
  1040     1.8197E-04  1.7378E-04     4.6052E-02     0.0000E+00     0.0000E+00
  1041     1.7378E-04  1.6596E-04     4.6043E-02     0.0000E+00     0.0000E+00
  1042     1.6596E-04  1.5849E-04     4.6055E-02     0.0000E+00     0.0000E+00
  1043     1.5849E-04  1.5136E-04     4.6030E-02     0.0000E+00     0.0000E+00
  1044     1.5136E-04  1.4454E-04     4.6105E-02     0.0000E+00     0.0000E+00
  1045     1.4454E-04  1.3804E-04     4.6013E-02     0.0000E+00     0.0000E+00
  1046     1.3804E-04  1.3183E-04     4.6030E-02     0.0000E+00     0.0000E+00
  1047     1.3183E-04  1.2589E-04     4.6105E-02     0.0000E+00     0.0000E+00
  1048     1.2589E-04  1.2023E-04     4.6002E-02     0.0000E+00     0.0000E+00
  1049     1.2023E-04  1.1482E-04     4.6041E-02     0.0000E+00     0.0000E+00
  1050     1.1482E-04  1.0965E-04     4.6072E-02     0.0000E+00     0.0000E+00
  1051     1.0965E-04  1.0471E-04     4.6099E-02     0.0000E+00     0.0000E+00
  1052     1.0471E-04  1.0000E-04     4.6024E-02     0.0000E+00     0.0000E+00
  1053     1.0000E-04  9.5499E-05     4.6054E-02     0.0000E+00     0.0000E+00
  1054     9.5499E-05  9.1201E-05     4.6050E-02     0.0000E+00     0.0000E+00
  1055     9.1201E-05  8.7096E-05     4.6055E-02     0.0000E+00     0.0000E+00
  1056     8.7096E-05  8.3176E-05     4.6052E-02     0.0000E+00     0.0000E+00
  1057     8.3176E-05  7.9433E-05     4.6045E-02     0.0000E+00     0.0000E+00
  1058     7.9433E-05  7.5858E-05     4.6051E-02     0.0000E+00     0.0000E+00
  1059     7.5858E-05  7.2444E-05     4.6049E-02     0.0000E+00     0.0000E+00
  1060     7.2444E-05  6.9183E-05     4.6059E-02     0.0000E+00     0.0000E+00
  1061     6.9183E-05  6.6069E-05     4.6056E-02     0.0000E+00     0.0000E+00
  1062     6.6069E-05  6.3096E-05     4.6042E-02     0.0000E+00     0.0000E+00
  1063     6.3096E-05  6.0256E-05     4.6055E-02     0.0000E+00     0.0000E+00
  1064     6.0256E-05  5.7544E-05     4.6052E-02     0.0000E+00     0.0000E+00
  1065     5.7544E-05  5.4954E-05     4.6053E-02     0.0000E+00     0.0000E+00
  1066     5.4954E-05  5.2481E-05     4.6045E-02     0.0000E+00     0.0000E+00
  1067     5.2481E-05  5.0119E-05     4.6051E-02     0.0000E+00     0.0000E+00
  1068     5.0119E-05  4.7863E-05     4.6057E-02     0.0000E+00     0.0000E+00
  1069     4.7863E-05  4.5709E-05     4.6048E-02     0.0000E+00     0.0000E+00
  1070     4.5709E-05  4.3652E-05     4.6046E-02     0.0000E+00     0.0000E+00
  1071     4.3652E-05  4.1687E-05     4.6060E-02     0.0000E+00     0.0000E+00
  1072     4.1687E-05  3.9811E-05     4.6046E-02     0.0000E+00     0.0000E+00
  1073     3.9811E-05  3.8019E-05     4.6057E-02     0.0000E+00     0.0000E+00
  1074     3.8019E-05  3.6308E-05     4.6048E-02     0.0000E+00     0.0000E+00
  1075     3.6308E-05  3.4674E-05     4.6048E-02     0.0000E+00     0.0000E+00
  1076     3.4674E-05  3.3113E-05     4.6064E-02     0.0000E+00     0.0000E+00
  1077     3.3113E-05  3.1623E-05     4.6041E-02     0.0000E+00     0.0000E+00
  1078     3.1623E-05  3.0200E-05     4.6043E-02     0.0000E+00     0.0000E+00
  1079     3.0200E-05  2.8840E-05     4.6079E-02     0.0000E+00     0.0000E+00
  1080     2.8840E-05  2.7542E-05     4.6051E-02     0.0000E+00     0.0000E+00
  1081     2.7542E-05  2.6303E-05     4.6029E-02     0.0000E+00     0.0000E+00
  1082     2.6303E-05  2.5119E-05     4.6058E-02     0.0000E+00     0.0000E+00
  1083     2.5119E-05  2.3988E-05     4.6071E-02     0.0000E+00     0.0000E+00
  1084     2.3988E-05  2.2909E-05     4.6024E-02     0.0000E+00     0.0000E+00
  1085     2.2909E-05  2.1878E-05     4.6048E-02     0.0000E+00     0.0000E+00
  1086     2.1878E-05  2.0893E-05     4.6067E-02     0.0000E+00     0.0000E+00
  1087     2.0893E-05  1.9953E-05     4.6035E-02     0.0000E+00     0.0000E+00
  1088     1.9953E-05  1.9055E-05     4.6050E-02     0.0000E+00     0.0000E+00
  1089     1.9055E-05  1.8197E-05     4.6073E-02     0.0000E+00     0.0000E+00
  1090     1.8197E-05  1.7378E-05     4.6052E-02     0.0000E+00     0.0000E+00
  1091     1.7378E-05  1.6596E-05     4.6043E-02     0.0000E+00     0.0000E+00
  1092     1.6596E-05  1.5849E-05     4.6055E-02     0.0000E+00     0.0000E+00
  1093     1.5849E-05  1.5136E-05     4.6030E-02     0.0000E+00     0.0000E+00
  1094     1.5136E-05  1.4454E-05     4.6105E-02     0.0000E+00     0.0000E+00
  1095     1.4454E-05  1.3804E-05     4.6013E-02     0.0000E+00     0.0000E+00
  1096     1.3804E-05  1.3183E-05     4.6030E-02     0.0000E+00     0.0000E+00
  1097     1.3183E-05  1.2589E-05     4.6105E-02     0.0000E+00     0.0000E+00
  1098     1.2589E-05  1.2023E-05     4.6002E-02     0.0000E+00     0.0000E+00
  1099     1.2023E-05  1.1482E-05     4.6041E-02     0.0000E+00     0.0000E+00
  1100     1.1482E-05  1.0965E-05     4.6072E-02     0.0000E+00     0.0000E+00
  1101     1.0965E-05  1.0471E-05     4.6099E-02     0.0000E+00     0.0000E+00
  1102     1.0471E-05  1.0001E-03    -4.5592E+00     0.0000E+00     0.0000E+00
  TOTAL                                              8.7704E-02
