  GROUP      UPPER       LOWER         LETHARGY         DATA        DATA/LETHARGY

     1     1.0000E+09  9.5499E+08     4.6054E-02     0.0000E+00     0.0000E+00
     2     9.5499E+08  9.1201E+08     4.6050E-02     0.0000E+00     0.0000E+00
     3     9.1201E+08  8.7096E+08     4.6055E-02     0.0000E+00     0.0000E+00
     4     8.7096E+08  8.3176E+08     4.6052E-02     0.0000E+00     0.0000E+00
     5     8.3176E+08  7.9433E+08     4.6045E-02     0.0000E+00     0.0000E+00
     6     7.9433E+08  7.5858E+08     4.6051E-02     0.0000E+00     0.0000E+00
     7     7.5858E+08  7.2444E+08     4.6049E-02     0.0000E+00     0.0000E+00
     8     7.2444E+08  6.9183E+08     4.6059E-02     0.0000E+00     0.0000E+00
     9     6.9183E+08  6.6069E+08     4.6056E-02     0.0000E+00     0.0000E+00
    10     6.6069E+08  6.3096E+08     4.6042E-02     0.0000E+00     0.0000E+00
    11     6.3096E+08  6.0256E+08     4.6055E-02     0.0000E+00     0.0000E+00
    12     6.0256E+08  5.7544E+08     4.6052E-02     0.0000E+00     0.0000E+00
    13     5.7544E+08  5.4954E+08     4.6053E-02     0.0000E+00     0.0000E+00
    14     5.4954E+08  5.2481E+08     4.6045E-02     0.0000E+00     0.0000E+00
    15     5.2481E+08  5.0119E+08     4.6051E-02     0.0000E+00     0.0000E+00
    16     5.0119E+08  4.7863E+08     4.6057E-02     0.0000E+00     0.0000E+00
    17     4.7863E+08  4.5709E+08     4.6048E-02     0.0000E+00     0.0000E+00
    18     4.5709E+08  4.3652E+08     4.6046E-02     0.0000E+00     0.0000E+00
    19     4.3652E+08  4.1687E+08     4.6060E-02     0.0000E+00     0.0000E+00
    20     4.1687E+08  3.9811E+08     4.6046E-02     0.0000E+00     0.0000E+00
    21     3.9811E+08  3.8019E+08     4.6057E-02     0.0000E+00     0.0000E+00
    22     3.8019E+08  3.6308E+08     4.6048E-02     0.0000E+00     0.0000E+00
    23     3.6308E+08  3.4674E+08     4.6048E-02     0.0000E+00     0.0000E+00
    24     3.4674E+08  3.3113E+08     4.6064E-02     0.0000E+00     0.0000E+00
    25     3.3113E+08  3.1623E+08     4.6041E-02     0.0000E+00     0.0000E+00
    26     3.1623E+08  3.0200E+08     4.6043E-02     0.0000E+00     0.0000E+00
    27     3.0200E+08  2.8840E+08     4.6079E-02     0.0000E+00     0.0000E+00
    28     2.8840E+08  2.7542E+08     4.6051E-02     0.0000E+00     0.0000E+00
    29     2.7542E+08  2.6303E+08     4.6029E-02     0.0000E+00     0.0000E+00
    30     2.6303E+08  2.5119E+08     4.6058E-02     0.0000E+00     0.0000E+00
    31     2.5119E+08  2.3988E+08     4.6071E-02     0.0000E+00     0.0000E+00
    32     2.3988E+08  2.2909E+08     4.6024E-02     0.0000E+00     0.0000E+00
    33     2.2909E+08  2.1878E+08     4.6048E-02     0.0000E+00     0.0000E+00
    34     2.1878E+08  2.0893E+08     4.6067E-02     0.0000E+00     0.0000E+00
    35     2.0893E+08  1.9953E+08     4.6035E-02     0.0000E+00     0.0000E+00
    36     1.9953E+08  1.9055E+08     4.6050E-02     0.0000E+00     0.0000E+00
    37     1.9055E+08  1.8197E+08     4.6073E-02     0.0000E+00     0.0000E+00
    38     1.8197E+08  1.7378E+08     4.6052E-02     0.0000E+00     0.0000E+00
    39     1.7378E+08  1.6596E+08     4.6043E-02     0.0000E+00     0.0000E+00
    40     1.6596E+08  1.5849E+08     4.6055E-02     0.0000E+00     0.0000E+00
    41     1.5849E+08  1.5136E+08     4.6030E-02     0.0000E+00     0.0000E+00
    42     1.5136E+08  1.4454E+08     4.6105E-02     0.0000E+00     0.0000E+00
    43     1.4454E+08  1.3804E+08     4.6013E-02     0.0000E+00     0.0000E+00
    44     1.3804E+08  1.3183E+08     4.6030E-02     0.0000E+00     0.0000E+00
    45     1.3183E+08  1.2589E+08     4.6105E-02     0.0000E+00     0.0000E+00
    46     1.2589E+08  1.2023E+08     4.6002E-02     0.0000E+00     0.0000E+00
    47     1.2023E+08  1.1482E+08     4.6041E-02     0.0000E+00     0.0000E+00
    48     1.1482E+08  1.0965E+08     4.6072E-02     0.0000E+00     0.0000E+00
    49     1.0965E+08  1.0471E+08     4.6099E-02     0.0000E+00     0.0000E+00
    50     1.0471E+08  1.0000E+08     4.6024E-02     0.0000E+00     0.0000E+00
    51     1.0000E+08  9.5499E+07     4.6054E-02     0.0000E+00     0.0000E+00
    52     9.5499E+07  9.1201E+07     4.6050E-02     0.0000E+00     0.0000E+00
    53     9.1201E+07  8.7096E+07     4.6055E-02     0.0000E+00     0.0000E+00
    54     8.7096E+07  8.3176E+07     4.6052E-02     0.0000E+00     0.0000E+00
    55     8.3176E+07  7.9433E+07     4.6045E-02     0.0000E+00     0.0000E+00
    56     7.9433E+07  7.5858E+07     4.6051E-02     0.0000E+00     0.0000E+00
    57     7.5858E+07  7.2444E+07     4.6049E-02     0.0000E+00     0.0000E+00
    58     7.2444E+07  6.9183E+07     4.6059E-02     0.0000E+00     0.0000E+00
    59     6.9183E+07  6.6069E+07     4.6056E-02     0.0000E+00     0.0000E+00
    60     6.6069E+07  6.3096E+07     4.6042E-02     0.0000E+00     0.0000E+00
    61     6.3096E+07  6.0256E+07     4.6055E-02     0.0000E+00     0.0000E+00
    62     6.0256E+07  5.7544E+07     4.6052E-02     0.0000E+00     0.0000E+00
    63     5.7544E+07  5.4954E+07     4.6053E-02     0.0000E+00     0.0000E+00
    64     5.4954E+07  5.2481E+07     4.6045E-02     0.0000E+00     0.0000E+00
    65     5.2481E+07  5.0119E+07     4.6051E-02     0.0000E+00     0.0000E+00
    66     5.0119E+07  4.7863E+07     4.6057E-02     0.0000E+00     0.0000E+00
    67     4.7863E+07  4.5709E+07     4.6048E-02     0.0000E+00     0.0000E+00
    68     4.5709E+07  4.3652E+07     4.6046E-02     0.0000E+00     0.0000E+00
    69     4.3652E+07  4.1687E+07     4.6060E-02     0.0000E+00     0.0000E+00
    70     4.1687E+07  3.9811E+07     4.6046E-02     0.0000E+00     0.0000E+00
    71     3.9811E+07  3.8019E+07     4.6057E-02     0.0000E+00     0.0000E+00
    72     3.8019E+07  3.6308E+07     4.6048E-02     0.0000E+00     0.0000E+00
    73     3.6308E+07  3.4674E+07     4.6048E-02     0.0000E+00     0.0000E+00
    74     3.4674E+07  3.3113E+07     4.6064E-02     0.0000E+00     0.0000E+00
    75     3.3113E+07  3.1623E+07     4.6041E-02     0.0000E+00     0.0000E+00
    76     3.1623E+07  3.0200E+07     4.6043E-02     0.0000E+00     0.0000E+00
    77     3.0200E+07  3.0000E+07     6.6445E-03     0.0000E+00     0.0000E+00
    78     3.0000E+07  2.9800E+07     6.6890E-03     0.0000E+00     0.0000E+00
    79     2.9800E+07  2.9600E+07     6.7340E-03     0.0000E+00     0.0000E+00
    80     2.9600E+07  2.9400E+07     6.7797E-03     0.0000E+00     0.0000E+00
    81     2.9400E+07  2.9200E+07     6.8260E-03     0.0000E+00     0.0000E+00
    82     2.9200E+07  2.9000E+07     6.8729E-03     0.0000E+00     0.0000E+00
    83     2.9000E+07  2.8800E+07     6.9204E-03     0.0000E+00     0.0000E+00
    84     2.8800E+07  2.8600E+07     6.9687E-03     0.0000E+00     0.0000E+00
    85     2.8600E+07  2.8400E+07     7.0176E-03     0.0000E+00     0.0000E+00
    86     2.8400E+07  2.8200E+07     7.0672E-03     0.0000E+00     0.0000E+00
    87     2.8200E+07  2.8000E+07     7.1175E-03     0.0000E+00     0.0000E+00
    88     2.8000E+07  2.7800E+07     7.1685E-03     0.0000E+00     0.0000E+00
    89     2.7800E+07  2.7600E+07     7.2202E-03     0.0000E+00     0.0000E+00
    90     2.7600E+07  2.7400E+07     7.2728E-03     0.0000E+00     0.0000E+00
    91     2.7400E+07  2.7200E+07     7.3260E-03     0.0000E+00     0.0000E+00
    92     2.7200E+07  2.7000E+07     7.3801E-03     0.0000E+00     0.0000E+00
    93     2.7000E+07  2.6800E+07     7.4350E-03     0.0000E+00     0.0000E+00
    94     2.6800E+07  2.6600E+07     7.4907E-03     0.0000E+00     0.0000E+00
    95     2.6600E+07  2.6400E+07     7.5472E-03     0.0000E+00     0.0000E+00
    96     2.6400E+07  2.6200E+07     7.6046E-03     0.0000E+00     0.0000E+00
    97     2.6200E+07  2.6000E+07     7.6629E-03     0.0000E+00     0.0000E+00
    98     2.6000E+07  2.5800E+07     7.7220E-03     0.0000E+00     0.0000E+00
    99     2.5800E+07  2.5600E+07     7.7821E-03     0.0000E+00     0.0000E+00
   100     2.5600E+07  2.5400E+07     7.8432E-03     0.0000E+00     0.0000E+00
   101     2.5400E+07  2.5200E+07     7.9052E-03     0.0000E+00     0.0000E+00
   102     2.5200E+07  2.5000E+07     7.9682E-03     0.0000E+00     0.0000E+00
   103     2.5000E+07  2.4800E+07     8.0322E-03     0.0000E+00     0.0000E+00
   104     2.4800E+07  2.4600E+07     8.0972E-03     0.0000E+00     0.0000E+00
   105     2.4600E+07  2.4400E+07     8.1633E-03     0.0000E+00     0.0000E+00
   106     2.4400E+07  2.4200E+07     8.2305E-03     0.0000E+00     0.0000E+00
   107     2.4200E+07  2.4000E+07     8.2988E-03     0.0000E+00     0.0000E+00
   108     2.4000E+07  2.3800E+07     8.3682E-03     0.0000E+00     0.0000E+00
   109     2.3800E+07  2.3600E+07     8.4389E-03     0.0000E+00     0.0000E+00
   110     2.3600E+07  2.3400E+07     8.5107E-03     0.0000E+00     0.0000E+00
   111     2.3400E+07  2.3200E+07     8.5837E-03     0.0000E+00     0.0000E+00
   112     2.3200E+07  2.3000E+07     8.6581E-03     0.0000E+00     0.0000E+00
   113     2.3000E+07  2.2800E+07     8.7337E-03     0.0000E+00     0.0000E+00
   114     2.2800E+07  2.2600E+07     8.8106E-03     0.0000E+00     0.0000E+00
   115     2.2600E+07  2.2400E+07     8.8889E-03     0.0000E+00     0.0000E+00
   116     2.2400E+07  2.2200E+07     8.9687E-03     0.0000E+00     0.0000E+00
   117     2.2200E+07  2.2000E+07     9.0498E-03     0.0000E+00     0.0000E+00
   118     2.2000E+07  2.1800E+07     9.1325E-03     0.0000E+00     0.0000E+00
   119     2.1800E+07  2.1600E+07     9.2167E-03     0.0000E+00     0.0000E+00
   120     2.1600E+07  2.1400E+07     9.3024E-03     0.0000E+00     0.0000E+00
   121     2.1400E+07  2.1200E+07     9.3897E-03     0.0000E+00     0.0000E+00
   122     2.1200E+07  2.1000E+07     9.4787E-03     0.0000E+00     0.0000E+00
   123     2.1000E+07  2.0800E+07     9.5695E-03     0.0000E+00     0.0000E+00
   124     2.0800E+07  2.0600E+07     9.6619E-03     0.0000E+00     0.0000E+00
   125     2.0600E+07  2.0400E+07     9.7562E-03     0.0000E+00     0.0000E+00
   126     2.0400E+07  2.0200E+07     9.8523E-03     0.0000E+00     0.0000E+00
   127     2.0200E+07  2.0000E+07     9.9503E-03     0.0000E+00     0.0000E+00
   128     2.0000E+07  1.9800E+07     1.0050E-02     1.6447E-08     1.6365E-06
   129     1.9800E+07  1.9600E+07     1.0152E-02     1.6614E-08     1.6365E-06
   130     1.9600E+07  1.9400E+07     1.0257E-02     1.6784E-08     1.6364E-06
   131     1.9400E+07  1.9200E+07     1.0363E-02     1.6958E-08     1.6364E-06
   132     1.9200E+07  1.9000E+07     1.0471E-02     1.7136E-08     1.6365E-06
   133     1.9000E+07  1.8800E+07     1.0582E-02     1.7317E-08     1.6364E-06
   134     1.8800E+07  1.8600E+07     1.0695E-02     1.7502E-08     1.6364E-06
   135     1.8600E+07  1.8400E+07     1.0811E-02     1.7691E-08     1.6364E-06
   136     1.8400E+07  1.8200E+07     1.0929E-02     1.7885E-08     1.6365E-06
   137     1.8200E+07  1.8000E+07     1.1050E-02     1.8082E-08     1.6364E-06
   138     1.8000E+07  1.7800E+07     1.1173E-02     1.8284E-08     1.6364E-06
   139     1.7800E+07  1.7600E+07     1.1300E-02     1.8491E-08     1.6364E-06
   140     1.7600E+07  1.7400E+07     1.1429E-02     1.8702E-08     1.6364E-06
   141     1.7400E+07  1.7200E+07     1.1561E-02     3.4398E-08     2.9754E-06
   142     1.7200E+07  1.7000E+07     1.1696E-02     4.2822E-08     3.6612E-06
   143     1.7000E+07  1.6800E+07     1.1834E-02     5.1076E-08     4.3159E-06
   144     1.6800E+07  1.6600E+07     1.1976E-02     5.8740E-08     4.9047E-06
   145     1.6600E+07  1.6400E+07     1.2121E-02     7.2489E-08     5.9803E-06
   146     1.6400E+07  1.6200E+07     1.2270E-02     9.0415E-08     7.3687E-06
   147     1.6200E+07  1.6000E+07     1.2423E-02     9.1539E-08     7.3688E-06
   148     1.6000E+07  1.5800E+07     1.2579E-02     9.2690E-08     7.3688E-06
   149     1.5800E+07  1.5600E+07     1.2739E-02     1.1920E-07     9.3571E-06
   150     1.5600E+07  1.5400E+07     1.2903E-02     1.5667E-07     1.2142E-05
   151     1.5400E+07  1.5200E+07     1.3072E-02     1.5872E-07     1.2142E-05
   152     1.5200E+07  1.5000E+07     1.3245E-02     1.6082E-07     1.2142E-05
   153     1.5000E+07  1.4800E+07     1.3423E-02     2.0473E-07     1.5252E-05
   154     1.4800E+07  1.4600E+07     1.3606E-02     2.3673E-07     1.7399E-05
   155     1.4600E+07  1.4400E+07     1.3793E-02     2.9305E-07     2.1246E-05
   156     1.4400E+07  1.4200E+07     1.3986E-02     3.1496E-07     2.2519E-05
   157     1.4200E+07  1.4000E+07     1.4185E-02     4.0210E-07     2.8348E-05
   158     1.4000E+07  1.3800E+07     1.4389E-02     4.3251E-07     3.0059E-05
   159     1.3800E+07  1.3600E+07     1.4599E-02     5.2222E-07     3.5771E-05
   160     1.3600E+07  1.3400E+07     1.4815E-02     6.3182E-07     4.2647E-05
   161     1.3400E+07  1.3200E+07     1.5038E-02     7.4603E-07     4.9610E-05
   162     1.3200E+07  1.3000E+07     1.5267E-02     7.5742E-07     4.9610E-05
   163     1.3000E+07  1.2800E+07     1.5504E-02     8.2743E-07     5.3368E-05
   164     1.2800E+07  1.2600E+07     1.5748E-02     1.0754E-06     6.8286E-05
   165     1.2600E+07  1.2400E+07     1.6000E-02     1.2494E-06     7.8086E-05
   166     1.2400E+07  1.2200E+07     1.6261E-02     1.3981E-06     8.5981E-05
   167     1.2200E+07  1.2000E+07     1.6529E-02     1.8149E-06     1.0980E-04
   168     1.2000E+07  1.1800E+07     1.6807E-02     1.8454E-06     1.0980E-04
   169     1.1800E+07  1.1600E+07     1.7094E-02     1.9505E-06     1.1410E-04
   170     1.1600E+07  1.1400E+07     1.7392E-02     2.7339E-06     1.5720E-04
   171     1.1400E+07  1.1200E+07     1.7700E-02     2.7823E-06     1.5720E-04
   172     1.1200E+07  1.1000E+07     1.8019E-02     3.2428E-06     1.7997E-04
   173     1.1000E+07  1.0800E+07     1.8349E-02     4.4810E-06     2.4421E-04
   174     1.0800E+07  1.0600E+07     1.8692E-02     4.5647E-06     2.4420E-04
   175     1.0600E+07  1.0400E+07     1.9048E-02     5.4970E-06     2.8858E-04
   176     1.0400E+07  1.0200E+07     1.9418E-02     6.2608E-06     3.2242E-04
   177     1.0200E+07  1.0000E+07     1.9803E-02     6.3848E-06     3.2242E-04
   178     1.0000E+07  9.8000E+06     2.0203E-02     9.0913E-06     4.5000E-04
   179     9.8000E+06  9.6000E+06     2.0619E-02     9.2788E-06     4.5001E-04
   180     9.6000E+06  9.4000E+06     2.1053E-02     1.1548E-05     5.4851E-04
   181     9.4000E+06  9.2000E+06     2.1506E-02     1.3433E-05     6.2461E-04
   182     9.2000E+06  9.0000E+06     2.1979E-02     1.4677E-05     6.6778E-04
   183     9.0000E+06  8.8000E+06     2.2473E-02     1.8010E-05     8.0141E-04
   184     8.8000E+06  8.6000E+06     2.2990E-02     1.8602E-05     8.0915E-04
   185     8.6000E+06  8.4000E+06     2.3530E-02     2.3943E-05     1.0175E-03
   186     8.4000E+06  8.2000E+06     2.4098E-02     2.4520E-05     1.0175E-03
   187     8.2000E+06  8.0000E+06     2.4693E-02     3.2792E-05     1.3280E-03
   188     8.0000E+06  7.8000E+06     2.5318E-02     3.4149E-05     1.3488E-03
   189     7.8000E+06  7.6000E+06     2.5975E-02     4.3405E-05     1.6710E-03
   190     7.6000E+06  7.4000E+06     2.6668E-02     4.5511E-05     1.7066E-03
   191     7.4000E+06  7.2000E+06     2.7399E-02     5.6387E-05     2.0580E-03
   192     7.2000E+06  7.0000E+06     2.8171E-02     6.2008E-05     2.2011E-03
   193     7.0000E+06  6.8000E+06     2.8988E-02     7.7161E-05     2.6619E-03
   194     6.8000E+06  6.6000E+06     2.9853E-02     8.5835E-05     2.8753E-03
   195     6.6000E+06  6.4000E+06     3.0772E-02     1.0574E-04     3.4363E-03
   196     6.4000E+06  6.2000E+06     3.1749E-02     1.2360E-04     3.8931E-03
   197     6.2000E+06  6.0000E+06     3.2790E-02     1.3358E-04     4.0738E-03
   198     6.0000E+06  5.8000E+06     3.3902E-02     1.4653E-04     4.3222E-03
   199     5.8000E+06  5.6000E+06     3.5091E-02     1.6764E-04     4.7772E-03
   200     5.6000E+06  5.4000E+06     3.6368E-02     1.9511E-04     5.3649E-03
   201     5.4000E+06  5.2000E+06     3.7740E-02     2.2815E-04     6.0453E-03
   202     5.2000E+06  5.0000E+06     3.9221E-02     2.5329E-04     6.4581E-03
   203     5.0000E+06  4.7863E+06     4.3680E-02     3.1891E-04     7.3010E-03
   204     4.7863E+06  4.5709E+06     4.6048E-02     3.5516E-04     7.7129E-03
   205     4.5709E+06  4.3652E+06     4.6046E-02     3.8874E-04     8.4424E-03
   206     4.3652E+06  4.1687E+06     4.6060E-02     4.0596E-04     8.8138E-03
   207     4.1687E+06  3.9811E+06     4.6046E-02     4.1544E-04     9.0223E-03
   208     3.9811E+06  3.8019E+06     4.6057E-02     4.2695E-04     9.2700E-03
   209     3.8019E+06  3.6308E+06     4.6048E-02     4.3868E-04     9.5266E-03
   210     3.6308E+06  3.4674E+06     4.6048E-02     4.6829E-04     1.0170E-02
   211     3.4674E+06  3.3113E+06     4.6064E-02     4.7838E-04     1.0385E-02
   212     3.3113E+06  3.1623E+06     4.6041E-02     5.5853E-04     1.2131E-02
   213     3.1623E+06  3.0200E+06     4.6043E-02     6.6647E-04     1.4475E-02
   214     3.0200E+06  2.8840E+06     4.6079E-02     6.7100E-04     1.4562E-02
   215     2.8840E+06  2.7542E+06     4.6051E-02     7.1415E-04     1.5508E-02
   216     2.7542E+06  2.6303E+06     4.6029E-02     7.7429E-04     1.6822E-02
   217     2.6303E+06  2.5119E+06     4.6058E-02     7.9179E-04     1.7191E-02
   218     2.5119E+06  2.3988E+06     4.6071E-02     8.1162E-04     1.7617E-02
   219     2.3988E+06  2.2909E+06     4.6024E-02     8.7770E-04     1.9071E-02
   220     2.2909E+06  2.1878E+06     4.6048E-02     7.7565E-04     1.6844E-02
   221     2.1878E+06  2.0893E+06     4.6067E-02     7.3236E-04     1.5898E-02
   222     2.0893E+06  1.9953E+06     4.6035E-02     7.0682E-04     1.5354E-02
   223     1.9953E+06  1.9055E+06     4.6050E-02     6.8214E-04     1.4813E-02
   224     1.9055E+06  1.8197E+06     4.6073E-02     6.6302E-04     1.4391E-02
   225     1.8197E+06  1.7378E+06     4.6052E-02     7.7758E-04     1.6885E-02
   226     1.7378E+06  1.6596E+06     4.6043E-02     7.4776E-04     1.6240E-02
   227     1.6596E+06  1.5849E+06     4.6055E-02     7.1653E-04     1.5558E-02
   228     1.5849E+06  1.5136E+06     4.6030E-02     7.4517E-04     1.6189E-02
   229     1.5136E+06  1.4454E+06     4.6105E-02     7.7678E-04     1.6848E-02
   230     1.4454E+06  1.3804E+06     4.6013E-02     7.6873E-04     1.6707E-02
   231     1.3804E+06  1.3183E+06     4.6030E-02     6.8205E-04     1.4817E-02
   232     1.3183E+06  1.2589E+06     4.6105E-02     7.0249E-04     1.5237E-02
   233     1.2589E+06  1.2023E+06     4.6002E-02     7.8231E-04     1.7006E-02
   234     1.2023E+06  1.1482E+06     4.6041E-02     7.6095E-04     1.6528E-02
   235     1.1482E+06  1.0965E+06     4.6072E-02     6.8793E-04     1.4932E-02
   236     1.0965E+06  1.0471E+06     4.6099E-02     5.7895E-04     1.2559E-02
   237     1.0471E+06  1.0000E+06     4.6024E-02     5.7802E-04     1.2559E-02
   238     1.0000E+06  9.5499E+05     4.6054E-02     5.4427E-04     1.1818E-02
   239     9.5499E+05  9.1201E+05     4.6050E-02     6.3106E-04     1.3704E-02
   240     9.1201E+05  8.7096E+05     4.6055E-02     6.9956E-04     1.5190E-02
   241     8.7096E+05  8.3176E+05     4.6052E-02     7.9576E-04     1.7280E-02
   242     8.3176E+05  7.9433E+05     4.6045E-02     8.8089E-04     1.9131E-02
   243     7.9433E+05  7.5858E+05     4.6051E-02     8.7440E-04     1.8988E-02
   244     7.5858E+05  7.2444E+05     4.6049E-02     8.2118E-04     1.7833E-02
   245     7.2444E+05  6.9183E+05     4.6059E-02     7.7964E-04     1.6927E-02
   246     6.9183E+05  6.6069E+05     4.6056E-02     7.5634E-04     1.6422E-02
   247     6.6069E+05  6.3096E+05     4.6042E-02     7.3636E-04     1.5993E-02
   248     6.3096E+05  6.0256E+05     4.6055E-02     7.1654E-04     1.5558E-02
   249     6.0256E+05  5.7544E+05     4.6052E-02     6.9636E-04     1.5121E-02
   250     5.7544E+05  5.4954E+05     4.6053E-02     6.7568E-04     1.4672E-02
   251     5.4954E+05  5.2481E+05     4.6045E-02     6.5452E-04     1.4215E-02
   252     5.2481E+05  5.0119E+05     4.6051E-02     6.3237E-04     1.3732E-02
   253     5.0119E+05  4.7863E+05     4.6057E-02     5.3561E-04     1.1629E-02
   254     4.7863E+05  4.5709E+05     4.6048E-02     5.1940E-04     1.1280E-02
   255     4.5709E+05  4.3652E+05     4.6046E-02     4.3418E-04     9.4292E-03
   256     4.3652E+05  4.1687E+05     4.6060E-02     3.9496E-04     8.5749E-03
   257     4.1687E+05  3.9811E+05     4.6046E-02     4.3372E-04     9.4193E-03
   258     3.9811E+05  3.8019E+05     4.6057E-02     4.7103E-04     1.0227E-02
   259     3.8019E+05  3.6308E+05     4.6048E-02     4.9413E-04     1.0731E-02
   260     3.6308E+05  3.4674E+05     4.6048E-02     5.3828E-04     1.1690E-02
   261     3.4674E+05  3.3113E+05     4.6064E-02     5.3996E-04     1.1722E-02
   262     3.3113E+05  3.1623E+05     4.6041E-02     5.4694E-04     1.1879E-02
   263     3.1623E+05  3.0200E+05     4.6043E-02     5.4696E-04     1.1879E-02
   264     3.0200E+05  2.8840E+05     4.6079E-02     5.1126E-04     1.1095E-02
   265     2.8840E+05  2.7542E+05     4.6051E-02     4.9717E-04     1.0796E-02
   266     2.7542E+05  2.6303E+05     4.6029E-02     4.7412E-04     1.0300E-02
   267     2.6303E+05  2.5119E+05     4.6058E-02     4.6984E-04     1.0201E-02
   268     2.5119E+05  2.3988E+05     4.6071E-02     4.5309E-04     9.8346E-03
   269     2.3988E+05  2.2909E+05     4.6024E-02     4.3689E-04     9.4927E-03
   270     2.2909E+05  2.1878E+05     4.6048E-02     4.2677E-04     9.2679E-03
   271     2.1878E+05  2.0893E+05     4.6067E-02     4.1671E-04     9.0457E-03
   272     2.0893E+05  1.9953E+05     4.6035E-02     4.0558E-04     8.8103E-03
   273     1.9953E+05  1.9055E+05     4.6050E-02     3.9493E-04     8.5761E-03
   274     1.9055E+05  1.8197E+05     4.6073E-02     3.8463E-04     8.3483E-03
   275     1.8197E+05  1.7378E+05     4.6052E-02     3.7542E-04     8.1521E-03
   276     1.7378E+05  1.6596E+05     4.6043E-02     3.6662E-04     7.9625E-03
   277     1.6596E+05  1.5849E+05     4.6055E-02     3.5861E-04     7.7865E-03
   278     1.5849E+05  1.5136E+05     4.6030E-02     3.5101E-04     7.6256E-03
   279     1.5136E+05  1.4454E+05     4.6105E-02     3.4397E-04     7.4606E-03
   280     1.4454E+05  1.3804E+05     4.6013E-02     3.3562E-04     7.2941E-03
   281     1.3804E+05  1.3183E+05     4.6030E-02     3.2824E-04     7.1310E-03
   282     1.3183E+05  1.2589E+05     4.6105E-02     3.2173E-04     6.9782E-03
   283     1.2589E+05  1.2023E+05     4.6002E-02     3.1440E-04     6.8345E-03
   284     1.2023E+05  1.1482E+05     4.6041E-02     3.0840E-04     6.6984E-03
   285     1.1482E+05  1.0965E+05     4.6072E-02     3.0200E-04     6.5549E-03
   286     1.0965E+05  1.0471E+05     4.6099E-02     2.9585E-04     6.4177E-03
   287     1.0471E+05  1.0000E+05     4.6024E-02     2.9538E-04     6.4179E-03
   288     1.0000E+05  9.5499E+04     4.6054E-02     2.8740E-04     6.2404E-03
   289     9.5499E+04  9.1201E+04     4.6050E-02     2.8119E-04     6.1062E-03
   290     9.1201E+04  8.7096E+04     4.6055E-02     2.8122E-04     6.1062E-03
   291     8.7096E+04  8.3176E+04     4.6052E-02     2.7401E-04     5.9500E-03
   292     8.3176E+04  7.9433E+04     4.6045E-02     2.6578E-04     5.7722E-03
   293     7.9433E+04  7.5858E+04     4.6051E-02     2.6379E-04     5.7282E-03
   294     7.5858E+04  7.2444E+04     4.6049E-02     2.6378E-04     5.7282E-03
   295     7.2444E+04  6.9183E+04     4.6059E-02     2.5336E-04     5.5008E-03
   296     6.9183E+04  6.6069E+04     4.6056E-02     2.5039E-04     5.4367E-03
   297     6.6069E+04  6.3096E+04     4.6042E-02     2.4853E-04     5.3979E-03
   298     6.3096E+04  6.0256E+04     4.6055E-02     2.4860E-04     5.3979E-03
   299     6.0256E+04  5.7544E+04     4.6052E-02     2.4858E-04     5.3978E-03
   300     5.7544E+04  5.4954E+04     4.6053E-02     2.4146E-04     5.2430E-03
   301     5.4954E+04  5.2481E+04     4.6045E-02     2.3716E-04     5.1506E-03
   302     5.2481E+04  5.0119E+04     4.6051E-02     2.3057E-04     5.0068E-03
   303     5.0119E+04  4.7863E+04     4.6057E-02     2.3058E-04     5.0064E-03
   304     4.7863E+04  4.5709E+04     4.6048E-02     2.2717E-04     4.9334E-03
   305     4.5709E+04  4.3652E+04     4.6046E-02     2.1865E-04     4.7485E-03
   306     4.3652E+04  4.1687E+04     4.6060E-02     2.1871E-04     4.7484E-03
   307     4.1687E+04  3.9811E+04     4.6046E-02     2.1943E-04     4.7654E-03
   308     3.9811E+04  3.8019E+04     4.6057E-02     2.2008E-04     4.7784E-03
   309     3.8019E+04  3.6308E+04     4.6048E-02     2.2003E-04     4.7783E-03
   310     3.6308E+04  3.4674E+04     4.6048E-02     2.2003E-04     4.7783E-03
   311     3.4674E+04  3.3113E+04     4.6064E-02     2.1426E-04     4.6513E-03
   312     3.3113E+04  3.1623E+04     4.6041E-02     2.1188E-04     4.6020E-03
   313     3.1623E+04  3.0200E+04     4.6043E-02     2.0876E-04     4.5340E-03
   314     3.0200E+04  2.8840E+04     4.6079E-02     2.0893E-04     4.5342E-03
   315     2.8840E+04  2.7542E+04     4.6051E-02     2.0576E-04     4.4681E-03
   316     2.7542E+04  2.6303E+04     4.6029E-02     2.0376E-04     4.4268E-03
   317     2.6303E+04  2.5119E+04     4.6058E-02     2.0303E-04     4.4081E-03
   318     2.5119E+04  2.3988E+04     4.6071E-02     2.0003E-04     4.3418E-03
   319     2.3988E+04  2.2909E+04     4.6024E-02     1.9897E-04     4.3232E-03
   320     2.2909E+04  2.1878E+04     4.6048E-02     2.0006E-04     4.3446E-03
   321     2.1878E+04  2.0893E+04     4.6067E-02     1.9397E-04     4.2106E-03
   322     2.0893E+04  1.9953E+04     4.6035E-02     1.9382E-04     4.2103E-03
   323     1.9953E+04  1.9055E+04     4.6050E-02     1.9311E-04     4.1935E-03
   324     1.9055E+04  1.8197E+04     4.6073E-02     1.9126E-04     4.1513E-03
   325     1.8197E+04  1.7378E+04     4.6052E-02     1.9117E-04     4.1512E-03
   326     1.7378E+04  1.6596E+04     4.6043E-02     1.9113E-04     4.1511E-03
   327     1.6596E+04  1.5849E+04     4.6055E-02     1.9118E-04     4.1511E-03
   328     1.5849E+04  1.5136E+04     4.6030E-02     1.9108E-04     4.1512E-03
   329     1.5136E+04  1.4454E+04     4.6105E-02     1.8673E-04     4.0501E-03
   330     1.4454E+04  1.3804E+04     4.6013E-02     1.8556E-04     4.0328E-03
   331     1.3804E+04  1.3183E+04     4.6030E-02     1.8563E-04     4.0328E-03
   332     1.3183E+04  1.2589E+04     4.6105E-02     1.8593E-04     4.0328E-03
   333     1.2589E+04  1.2023E+04     4.6002E-02     1.8551E-04     4.0327E-03
   334     1.2023E+04  1.1482E+04     4.6041E-02     1.8460E-04     4.0095E-03
   335     1.1482E+04  1.0965E+04     4.6072E-02     1.8327E-04     3.9779E-03
   336     1.0965E+04  1.0471E+04     4.6099E-02     1.8257E-04     3.9604E-03
   337     1.0471E+04  1.0000E+04     4.6024E-02     1.7990E-04     3.9088E-03
   338     1.0000E+04  9.5499E+03     4.6054E-02     1.8002E-04     3.9089E-03
   339     9.5499E+03  9.1201E+03     4.6050E-02     1.8000E-04     3.9088E-03
   340     9.1201E+03  8.7096E+03     4.6055E-02     1.7877E-04     3.8817E-03
   341     8.7096E+03  8.3176E+03     4.6052E-02     1.7875E-04     3.8815E-03
   342     8.3176E+03  7.9433E+03     4.6045E-02     1.7768E-04     3.8588E-03
   343     7.9433E+03  7.5858E+03     4.6051E-02     1.7506E-04     3.8015E-03
   344     7.5858E+03  7.2444E+03     4.6049E-02     1.7506E-04     3.8016E-03
   345     7.2444E+03  6.9183E+03     4.6059E-02     1.7720E-04     3.8473E-03
   346     6.9183E+03  6.6069E+03     4.6056E-02     1.7879E-04     3.8821E-03
   347     6.6069E+03  6.3096E+03     4.6042E-02     1.7873E-04     3.8819E-03
   348     6.3096E+03  6.0256E+03     4.6055E-02     1.7451E-04     3.7891E-03
   349     6.0256E+03  5.7544E+03     4.6052E-02     1.7376E-04     3.7731E-03
   350     5.7544E+03  5.4954E+03     4.6053E-02     1.7389E-04     3.7758E-03
   351     5.4954E+03  5.2481E+03     4.6045E-02     1.7459E-04     3.7917E-03
   352     5.2481E+03  5.0119E+03     4.6051E-02     1.7461E-04     3.7917E-03
   353     5.0119E+03  4.7863E+03     4.6057E-02     1.7426E-04     3.7835E-03
   354     4.7863E+03  4.5709E+03     4.6048E-02     1.7371E-04     3.7724E-03
   355     4.5709E+03  4.3652E+03     4.6046E-02     1.7370E-04     3.7723E-03
   356     4.3652E+03  4.1687E+03     4.6060E-02     1.6500E-04     3.5823E-03
   357     4.1687E+03  3.9811E+03     4.6046E-02     1.6139E-04     3.5050E-03
   358     3.9811E+03  3.8019E+03     4.6057E-02     1.6143E-04     3.5050E-03
   359     3.8019E+03  3.6308E+03     4.6048E-02     1.8024E-04     3.9142E-03
   360     3.6308E+03  3.4674E+03     4.6048E-02     1.8031E-04     3.9157E-03
   361     3.4674E+03  3.3113E+03     4.6064E-02     1.7770E-04     3.8577E-03
   362     3.3113E+03  3.1623E+03     4.6041E-02     1.7082E-04     3.7102E-03
   363     3.1623E+03  3.0200E+03     4.6043E-02     1.7083E-04     3.7102E-03
   364     3.0200E+03  2.8840E+03     4.6079E-02     1.6498E-04     3.5804E-03
   365     2.8840E+03  2.7542E+03     4.6051E-02     1.6032E-04     3.4813E-03
   366     2.7542E+03  2.6303E+03     4.6029E-02     1.6025E-04     3.4815E-03
   367     2.6303E+03  2.5119E+03     4.6058E-02     1.7400E-04     3.7778E-03
   368     2.5119E+03  2.3988E+03     4.6071E-02     1.7639E-04     3.8287E-03
   369     2.3988E+03  2.2909E+03     4.6024E-02     1.7506E-04     3.8037E-03
   370     2.2909E+03  2.1878E+03     4.6048E-02     1.6803E-04     3.6490E-03
   371     2.1878E+03  2.0893E+03     4.6067E-02     1.6810E-04     3.6490E-03
   372     2.0893E+03  1.9953E+03     4.6035E-02     1.6764E-04     3.6416E-03
   373     1.9953E+03  1.9055E+03     4.6050E-02     1.6724E-04     3.6317E-03
   374     1.9055E+03  1.8197E+03     4.6073E-02     1.6732E-04     3.6316E-03
   375     1.8197E+03  1.7378E+03     4.6052E-02     1.6581E-04     3.6005E-03
   376     1.7378E+03  1.6596E+03     4.6043E-02     1.6519E-04     3.5877E-03
   377     1.6596E+03  1.5849E+03     4.6055E-02     1.6524E-04     3.5879E-03
   378     1.5849E+03  1.5136E+03     4.6030E-02     1.6548E-04     3.5950E-03
   379     1.5136E+03  1.4454E+03     4.6105E-02     1.6575E-04     3.5951E-03
   380     1.4454E+03  1.3804E+03     4.6013E-02     1.6528E-04     3.5920E-03
   381     1.3804E+03  1.3183E+03     4.6030E-02     1.6499E-04     3.5844E-03
   382     1.3183E+03  1.2589E+03     4.6105E-02     1.6526E-04     3.5844E-03
   383     1.2589E+03  1.2023E+03     4.6002E-02     1.6407E-04     3.5666E-03
   384     1.2023E+03  1.1482E+03     4.6041E-02     1.6359E-04     3.5531E-03
   385     1.1482E+03  1.0965E+03     4.6072E-02     1.6370E-04     3.5531E-03
   386     1.0965E+03  1.0471E+03     4.6099E-02     1.6337E-04     3.5439E-03
   387     1.0471E+03  1.0000E+03     4.6024E-02     1.6304E-04     3.5425E-03
   388     1.0000E+03  9.5499E+02     4.6054E-02     1.6231E-04     3.5243E-03
   389     9.5499E+02  9.1201E+02     4.6050E-02     1.5713E-04     3.4122E-03
   390     9.1201E+02  8.7096E+02     4.6055E-02     1.5715E-04     3.4122E-03
   391     8.7096E+02  8.3176E+02     4.6052E-02     1.6032E-04     3.4813E-03
   392     8.3176E+02  7.9433E+02     4.6045E-02     1.6460E-04     3.5748E-03
   393     7.9433E+02  7.5858E+02     4.6051E-02     1.6462E-04     3.5748E-03
   394     7.5858E+02  7.2444E+02     4.6049E-02     1.5683E-04     3.4057E-03
   395     7.2444E+02  6.9183E+02     4.6059E-02     1.5367E-04     3.3364E-03
   396     6.9183E+02  6.6069E+02     4.6056E-02     1.5366E-04     3.3364E-03
   397     6.6069E+02  6.3096E+02     4.6042E-02     1.6345E-04     3.5500E-03
   398     6.3096E+02  6.0256E+02     4.6055E-02     1.6353E-04     3.5507E-03
   399     6.0256E+02  5.7544E+02     4.6052E-02     1.6110E-04     3.4982E-03
   400     5.7544E+02  5.4954E+02     4.6053E-02     1.5501E-04     3.3659E-03
   401     5.4954E+02  5.2481E+02     4.6045E-02     1.5498E-04     3.3658E-03
   402     5.2481E+02  5.0119E+02     4.6051E-02     1.5792E-04     3.4292E-03
   403     5.0119E+02  4.7863E+02     4.6057E-02     1.6015E-04     3.4772E-03
   404     4.7863E+02  4.5709E+02     4.6048E-02     1.6012E-04     3.4773E-03
   405     4.5709E+02  4.3652E+02     4.6046E-02     1.5648E-04     3.3983E-03
   406     4.3652E+02  4.1687E+02     4.6060E-02     1.5590E-04     3.3847E-03
   407     4.1687E+02  3.9811E+02     4.6046E-02     1.5600E-04     3.3879E-03
   408     3.9811E+02  3.8019E+02     4.6057E-02     1.5694E-04     3.4075E-03
   409     3.8019E+02  3.6308E+02     4.6048E-02     1.5691E-04     3.4075E-03
   410     3.6308E+02  3.4674E+02     4.6048E-02     1.5707E-04     3.4110E-03
   411     3.4674E+02  3.3113E+02     4.6064E-02     1.5733E-04     3.4155E-03
   412     3.3113E+02  3.1623E+02     4.6041E-02     1.5726E-04     3.4156E-03
   413     3.1623E+02  3.0200E+02     4.6043E-02     1.5204E-04     3.3021E-03
   414     3.0200E+02  2.8840E+02     4.6079E-02     1.5000E-04     3.2553E-03
   415     2.8840E+02  2.7542E+02     4.6051E-02     1.4991E-04     3.2553E-03
   416     2.7542E+02  2.6303E+02     4.6029E-02     1.5206E-04     3.3036E-03
   417     2.6303E+02  2.5119E+02     4.6058E-02     1.5216E-04     3.3036E-03
   418     2.5119E+02  2.3988E+02     4.6071E-02     1.5150E-04     3.2884E-03
   419     2.3988E+02  2.2909E+02     4.6024E-02     1.4952E-04     3.2487E-03
   420     2.2909E+02  2.1878E+02     4.6048E-02     1.4960E-04     3.2488E-03
   421     2.1878E+02  2.0893E+02     4.6067E-02     1.4755E-04     3.2029E-03
   422     2.0893E+02  1.9953E+02     4.6035E-02     1.4587E-04     3.1687E-03
   423     1.9953E+02  1.9055E+02     4.6050E-02     1.4792E-04     3.2122E-03
   424     1.9055E+02  1.8197E+02     4.6073E-02     1.4999E-04     3.2555E-03
   425     1.8197E+02  1.7378E+02     4.6052E-02     1.4992E-04     3.2555E-03
   426     1.7378E+02  1.6596E+02     4.6043E-02     1.4881E-04     3.2320E-03
   427     1.6596E+02  1.5849E+02     4.6055E-02     1.4873E-04     3.2294E-03
   428     1.5849E+02  1.5136E+02     4.6030E-02     1.4865E-04     3.2294E-03
   429     1.5136E+02  1.4454E+02     4.6105E-02     1.5056E-04     3.2656E-03
   430     1.4454E+02  1.3804E+02     4.6013E-02     1.5130E-04     3.2882E-03
   431     1.3804E+02  1.3183E+02     4.6030E-02     1.5136E-04     3.2883E-03
   432     1.3183E+02  1.2589E+02     4.6105E-02     1.4599E-04     3.1665E-03
   433     1.2589E+02  1.2023E+02     4.6002E-02     1.4342E-04     3.1177E-03
   434     1.2023E+02  1.1482E+02     4.6041E-02     1.4354E-04     3.1177E-03
   435     1.1482E+02  1.0965E+02     4.6072E-02     1.4317E-04     3.1075E-03
   436     1.0965E+02  1.0471E+02     4.6099E-02     1.4198E-04     3.0799E-03
   437     1.0471E+02  1.0000E+02     4.6024E-02     1.4175E-04     3.0799E-03
   438     1.0000E+02  9.5499E+01     4.6054E-02     1.4184E-04     3.0798E-03
   439     9.5499E+01  9.1201E+01     4.6050E-02     1.4183E-04     3.0799E-03
   440     9.1201E+01  8.7096E+01     4.6055E-02     1.4070E-04     3.0550E-03
   441     8.7096E+01  8.3176E+01     4.6052E-02     1.3983E-04     3.0363E-03
   442     8.3176E+01  7.9433E+01     4.6045E-02     1.3981E-04     3.0364E-03
   443     7.9433E+01  7.5858E+01     4.6051E-02     1.3982E-04     3.0362E-03
   444     7.5858E+01  7.2444E+01     4.6049E-02     1.3813E-04     2.9996E-03
   445     7.2444E+01  6.9183E+01     4.6059E-02     1.3797E-04     2.9955E-03
   446     6.9183E+01  6.6069E+01     4.6056E-02     1.3796E-04     2.9955E-03
   447     6.6069E+01  6.3096E+01     4.6042E-02     1.3792E-04     2.9955E-03
   448     6.3096E+01  6.0256E+01     4.6055E-02     1.3796E-04     2.9955E-03
   449     6.0256E+01  5.7544E+01     4.6052E-02     1.3795E-04     2.9955E-03
   450     5.7544E+01  5.4954E+01     4.6053E-02     1.3795E-04     2.9954E-03
   451     5.4954E+01  5.2481E+01     4.6045E-02     1.3793E-04     2.9955E-03
   452     5.2481E+01  5.0119E+01     4.6051E-02     1.3795E-04     2.9956E-03
   453     5.0119E+01  4.7863E+01     4.6057E-02     1.3777E-04     2.9913E-03
   454     4.7863E+01  4.5709E+01     4.6048E-02     1.2637E-04     2.7443E-03
   455     4.5709E+01  4.3652E+01     4.6046E-02     1.2636E-04     2.7442E-03
   456     4.3652E+01  4.1687E+01     4.6060E-02     1.2640E-04     2.7443E-03
   457     4.1687E+01  3.9811E+01     4.6046E-02     1.2636E-04     2.7442E-03
   458     3.9811E+01  3.8019E+01     4.6057E-02     1.2639E-04     2.7442E-03
   459     3.8019E+01  3.6308E+01     4.6048E-02     1.2637E-04     2.7443E-03
   460     3.6308E+01  3.4674E+01     4.6048E-02     1.2637E-04     2.7443E-03
   461     3.4674E+01  3.3113E+01     4.6064E-02     1.2641E-04     2.7442E-03
   462     3.3113E+01  3.1623E+01     4.6041E-02     1.2635E-04     2.7443E-03
   463     3.1623E+01  3.0200E+01     4.6043E-02     1.2635E-04     2.7442E-03
   464     3.0200E+01  2.8840E+01     4.6079E-02     1.2645E-04     2.7442E-03
   465     2.8840E+01  2.7542E+01     4.6051E-02     1.2531E-04     2.7211E-03
   466     2.7542E+01  2.6303E+01     4.6029E-02     1.1775E-04     2.5582E-03
   467     2.6303E+01  2.5119E+01     4.6058E-02     1.1782E-04     2.5581E-03
   468     2.5119E+01  2.3988E+01     4.6071E-02     1.1785E-04     2.5580E-03
   469     2.3988E+01  2.2909E+01     4.6024E-02     1.1773E-04     2.5580E-03
   470     2.2909E+01  2.1878E+01     4.6048E-02     1.1780E-04     2.5582E-03
   471     2.1878E+01  2.0893E+01     4.6067E-02     1.1785E-04     2.5582E-03
   472     2.0893E+01  1.9953E+01     4.6035E-02     1.1776E-04     2.5581E-03
   473     1.9953E+01  1.9055E+01     4.6050E-02     1.1780E-04     2.5581E-03
   474     1.9055E+01  1.8197E+01     4.6073E-02     1.1786E-04     2.5581E-03
   475     1.8197E+01  1.7378E+01     4.6052E-02     1.1781E-04     2.5582E-03
   476     1.7378E+01  1.6596E+01     4.6043E-02     1.1778E-04     2.5580E-03
   477     1.6596E+01  1.5849E+01     4.6055E-02     1.1882E-04     2.5799E-03
   478     1.5849E+01  1.5136E+01     4.6030E-02     1.2262E-04     2.6639E-03
   479     1.5136E+01  1.4454E+01     4.6105E-02     1.2281E-04     2.6637E-03
   480     1.4454E+01  1.3804E+01     4.6013E-02     1.2257E-04     2.6638E-03
   481     1.3804E+01  1.3183E+01     4.6030E-02     1.2262E-04     2.6639E-03
   482     1.3183E+01  1.2589E+01     4.6105E-02     1.2281E-04     2.6637E-03
   483     1.2589E+01  1.2023E+01     4.6002E-02     1.2254E-04     2.6638E-03
   484     1.2023E+01  1.1482E+01     4.6041E-02     1.2264E-04     2.6637E-03
   485     1.1482E+01  1.0965E+01     4.6072E-02     1.2273E-04     2.6639E-03
   486     1.0965E+01  1.0471E+01     4.6099E-02     1.2280E-04     2.6638E-03
   487     1.0471E+01  1.0000E+01     4.6024E-02     1.2260E-04     2.6638E-03
   488     1.0000E+01  9.9750E+00     2.5031E-03     6.9459E-06     2.7749E-03
   489     9.9750E+00  9.9500E+00     2.5094E-03     6.9772E-06     2.7804E-03
   490     9.9500E+00  9.9250E+00     2.5157E-03     7.0049E-06     2.7844E-03
   491     9.9250E+00  9.9000E+00     2.5221E-03     7.0332E-06     2.7887E-03
   492     9.9000E+00  9.8750E+00     2.5284E-03     7.0599E-06     2.7922E-03
   493     9.8750E+00  9.8500E+00     2.5349E-03     7.0859E-06     2.7954E-03
   494     9.8500E+00  9.8250E+00     2.5413E-03     7.1122E-06     2.7986E-03
   495     9.8250E+00  9.8000E+00     2.5478E-03     7.1329E-06     2.7997E-03
   496     9.8000E+00  9.7750E+00     2.5543E-03     7.1532E-06     2.8005E-03
   497     9.7750E+00  9.7500E+00     2.5608E-03     7.1709E-06     2.8002E-03
   498     9.7500E+00  9.7250E+00     2.5674E-03     7.1889E-06     2.8001E-03
   499     9.7250E+00  9.7000E+00     2.5740E-03     7.2072E-06     2.8000E-03
   500     9.7000E+00  9.6750E+00     2.5806E-03     7.2239E-06     2.7993E-03
   501     9.6750E+00  9.6500E+00     2.5873E-03     7.2402E-06     2.7983E-03
   502     9.6500E+00  9.6250E+00     2.5940E-03     7.2559E-06     2.7971E-03
   503     9.6250E+00  9.6000E+00     2.6008E-03     7.2729E-06     2.7964E-03
   504     9.6000E+00  9.5750E+00     2.6076E-03     7.2902E-06     2.7958E-03
   505     9.5750E+00  9.5500E+00     2.6144E-03     7.3029E-06     2.7934E-03
   506     9.5500E+00  9.5250E+00     2.6212E-03     7.3192E-06     2.7923E-03
   507     9.5250E+00  9.5000E+00     2.6281E-03     7.3319E-06     2.7898E-03
   508     9.5000E+00  9.4750E+00     2.6350E-03     7.3429E-06     2.7866E-03
   509     9.4750E+00  9.4500E+00     2.6420E-03     7.3502E-06     2.7820E-03
   510     9.4500E+00  9.4250E+00     2.6490E-03     7.3539E-06     2.7761E-03
   511     9.4250E+00  9.4000E+00     2.6560E-03     7.3542E-06     2.7689E-03
   512     9.4000E+00  9.3750E+00     2.6631E-03     7.3519E-06     2.7606E-03
   513     9.3750E+00  9.3500E+00     2.6702E-03     7.3479E-06     2.7518E-03
   514     9.3500E+00  9.3250E+00     2.6774E-03     7.3462E-06     2.7438E-03
   515     9.3250E+00  9.3000E+00     2.6846E-03     7.3479E-06     2.7371E-03
   516     9.3000E+00  9.2750E+00     2.6918E-03     7.3582E-06     2.7336E-03
   517     9.2750E+00  9.2500E+00     2.6991E-03     7.3749E-06     2.7324E-03
   518     9.2500E+00  9.2250E+00     2.7064E-03     7.3999E-06     2.7343E-03
   519     9.2250E+00  9.2000E+00     2.7137E-03     7.4292E-06     2.7377E-03
   520     9.2000E+00  9.1750E+00     2.7211E-03     7.4589E-06     2.7411E-03
   521     9.1750E+00  9.1500E+00     2.7285E-03     7.4882E-06     2.7444E-03
   522     9.1500E+00  9.1250E+00     2.7360E-03     7.5119E-06     2.7456E-03
   523     9.1250E+00  9.1000E+00     2.7435E-03     7.5289E-06     2.7443E-03
   524     9.1000E+00  9.0750E+00     2.7510E-03     7.5392E-06     2.7405E-03
   525     9.0750E+00  9.0500E+00     2.7586E-03     7.5399E-06     2.7332E-03
   526     9.0500E+00  9.0250E+00     2.7663E-03     7.5312E-06     2.7225E-03
   527     9.0250E+00  9.0000E+00     2.7739E-03     7.5119E-06     2.7080E-03
   528     9.0000E+00  8.9750E+00     2.7816E-03     7.4799E-06     2.6890E-03
   529     8.9750E+00  8.9500E+00     2.7894E-03     7.4342E-06     2.6652E-03
   530     8.9500E+00  8.9250E+00     2.7972E-03     7.3709E-06     2.6351E-03
   531     8.9250E+00  8.9000E+00     2.8051E-03     7.2932E-06     2.6000E-03
   532     8.9000E+00  8.8750E+00     2.8129E-03     7.2039E-06     2.5610E-03
   533     8.8750E+00  8.8500E+00     2.8209E-03     7.1099E-06     2.5205E-03
   534     8.8500E+00  8.8250E+00     2.8289E-03     7.0242E-06     2.4831E-03
   535     8.8250E+00  8.8000E+00     2.8369E-03     6.9559E-06     2.4520E-03
   536     8.8000E+00  8.7750E+00     2.8450E-03     6.9182E-06     2.4317E-03
   537     8.7750E+00  8.7500E+00     2.8531E-03     6.9159E-06     2.4240E-03
   538     8.7500E+00  8.7250E+00     2.8612E-03     6.9509E-06     2.4293E-03
   539     8.7250E+00  8.7000E+00     2.8694E-03     7.0192E-06     2.4462E-03
   540     8.7000E+00  8.6750E+00     2.8777E-03     7.1109E-06     2.4710E-03
   541     8.6750E+00  8.6500E+00     2.8860E-03     7.2182E-06     2.5011E-03
   542     8.6500E+00  8.6250E+00     2.8944E-03     7.3309E-06     2.5328E-03
   543     8.6250E+00  8.6000E+00     2.9028E-03     7.4419E-06     2.5637E-03
   544     8.6000E+00  8.5750E+00     2.9112E-03     7.5472E-06     2.5925E-03
   545     8.5750E+00  8.5500E+00     2.9197E-03     7.6419E-06     2.6173E-03
   546     8.5500E+00  8.5250E+00     2.9283E-03     7.7282E-06     2.6392E-03
   547     8.5250E+00  8.5000E+00     2.9369E-03     7.8019E-06     2.6565E-03
   548     8.5000E+00  8.4750E+00     2.9455E-03     7.8629E-06     2.6695E-03
   549     8.4750E+00  8.4500E+00     2.9542E-03     7.9122E-06     2.6783E-03
   550     8.4500E+00  8.4250E+00     2.9630E-03     7.9489E-06     2.6828E-03
   551     8.4250E+00  8.4000E+00     2.9718E-03     7.9742E-06     2.6833E-03
   552     8.4000E+00  8.3750E+00     2.9806E-03     7.9889E-06     2.6803E-03
   553     8.3750E+00  8.3500E+00     2.9895E-03     7.9919E-06     2.6733E-03
   554     8.3500E+00  8.3250E+00     2.9985E-03     7.9842E-06     2.6627E-03
   555     8.3250E+00  8.3000E+00     3.0075E-03     7.9639E-06     2.6480E-03
   556     8.3000E+00  8.2750E+00     3.0166E-03     7.9312E-06     2.6292E-03
   557     8.2750E+00  8.2500E+00     3.0257E-03     7.8829E-06     2.6053E-03
   558     8.2500E+00  8.2250E+00     3.0349E-03     7.8199E-06     2.5767E-03
   559     8.2250E+00  8.2000E+00     3.0441E-03     7.7432E-06     2.5436E-03
   560     8.2000E+00  8.1750E+00     3.0534E-03     7.6549E-06     2.5070E-03
   561     8.1750E+00  8.1500E+00     3.0628E-03     7.5602E-06     2.4684E-03
   562     8.1500E+00  8.1250E+00     3.0722E-03     7.4659E-06     2.4301E-03
   563     8.1250E+00  8.1000E+00     3.0817E-03     7.3799E-06     2.3948E-03
   564     8.1000E+00  8.0750E+00     3.0912E-03     7.3102E-06     2.3648E-03
   565     8.0750E+00  8.0500E+00     3.1008E-03     7.2599E-06     2.3413E-03
   566     8.0500E+00  8.0250E+00     3.1104E-03     7.2322E-06     2.3252E-03
   567     8.0250E+00  8.0000E+00     3.1201E-03     7.2249E-06     2.3156E-03
   568     8.0000E+00  7.9750E+00     3.1299E-03     7.2310E-06     2.3103E-03
   569     7.9750E+00  7.9500E+00     3.1397E-03     7.2410E-06     2.3063E-03
   570     7.9500E+00  7.9250E+00     3.1496E-03     7.2459E-06     2.3006E-03
   571     7.9250E+00  7.9000E+00     3.1596E-03     7.2410E-06     2.2918E-03
   572     7.9000E+00  7.8750E+00     3.1696E-03     7.2290E-06     2.2807E-03
   573     7.8750E+00  7.8500E+00     3.1797E-03     7.2220E-06     2.2713E-03
   574     7.8500E+00  7.8250E+00     3.1898E-03     7.2340E-06     2.2679E-03
   575     7.8250E+00  7.8000E+00     3.2000E-03     7.2889E-06     2.2778E-03
   576     7.8000E+00  7.7750E+00     3.2103E-03     7.3470E-06     2.2886E-03
   577     7.7750E+00  7.7500E+00     3.2206E-03     7.4680E-06     2.3188E-03
   578     7.7500E+00  7.7250E+00     3.2310E-03     7.6000E-06     2.3522E-03
   579     7.7250E+00  7.7000E+00     3.2415E-03     7.7350E-06     2.3862E-03
   580     7.7000E+00  7.6750E+00     3.2520E-03     7.8639E-06     2.4181E-03
   581     7.6750E+00  7.6500E+00     3.2626E-03     7.9800E-06     2.4459E-03
   582     7.6500E+00  7.6250E+00     3.2733E-03     8.0800E-06     2.4684E-03
   583     7.6250E+00  7.6000E+00     3.2841E-03     8.1640E-06     2.4859E-03
   584     7.6000E+00  7.5750E+00     3.2949E-03     8.2310E-06     2.4981E-03
   585     7.5750E+00  7.5500E+00     3.3058E-03     8.2829E-06     2.5056E-03
   586     7.5500E+00  7.5250E+00     3.3168E-03     8.3200E-06     2.5085E-03
   587     7.5250E+00  7.5000E+00     3.3278E-03     8.3420E-06     2.5068E-03
   588     7.5000E+00  7.4750E+00     3.3389E-03     8.3510E-06     2.5011E-03
   589     7.4750E+00  7.4500E+00     3.3501E-03     8.3510E-06     2.4928E-03
   590     7.4500E+00  7.4250E+00     3.3613E-03     8.3409E-06     2.4814E-03
   591     7.4250E+00  7.4000E+00     3.3727E-03     8.3240E-06     2.4681E-03
   592     7.4000E+00  7.3750E+00     3.3841E-03     8.3000E-06     2.4526E-03
   593     7.3750E+00  7.3500E+00     3.3956E-03     8.2690E-06     2.4352E-03
   594     7.3500E+00  7.3250E+00     3.4072E-03     8.2280E-06     2.4149E-03
   595     7.3250E+00  7.3000E+00     3.4188E-03     8.1769E-06     2.3917E-03
   596     7.3000E+00  7.2750E+00     3.4305E-03     8.1130E-06     2.3649E-03
   597     7.2750E+00  7.2500E+00     3.4423E-03     8.0340E-06     2.3339E-03
   598     7.2500E+00  7.2250E+00     3.4542E-03     7.9370E-06     2.2978E-03
   599     7.2250E+00  7.2000E+00     3.4662E-03     7.8180E-06     2.2555E-03
   600     7.2000E+00  7.1750E+00     3.4783E-03     7.6769E-06     2.2071E-03
   601     7.1750E+00  7.1500E+00     3.4904E-03     7.5110E-06     2.1519E-03
   602     7.1500E+00  7.1250E+00     3.5026E-03     7.3230E-06     2.0907E-03
   603     7.1250E+00  7.1000E+00     3.5149E-03     7.1130E-06     2.0236E-03
   604     7.1000E+00  7.0750E+00     3.5273E-03     6.8800E-06     1.9505E-03
   605     7.0750E+00  7.0500E+00     3.5398E-03     6.6199E-06     1.8701E-03
   606     7.0500E+00  7.0250E+00     3.5524E-03     6.3270E-06     1.7810E-03
   607     7.0250E+00  7.0000E+00     3.5651E-03     5.9890E-06     1.6799E-03
   608     7.0000E+00  6.9750E+00     3.5778E-03     5.5910E-06     1.5627E-03
   609     6.9750E+00  6.9500E+00     3.5907E-03     5.1090E-06     1.4229E-03
   610     6.9500E+00  6.9250E+00     3.6036E-03     4.5059E-06     1.2504E-03
   611     6.9250E+00  6.9000E+00     3.6166E-03     3.7380E-06     1.0336E-03
   612     6.9000E+00  6.8750E+00     3.6298E-03     2.8120E-06     7.7471E-04
   613     6.8750E+00  6.8500E+00     3.6430E-03     1.8670E-06     5.1249E-04
   614     6.8500E+00  6.8250E+00     3.6563E-03     1.1120E-06     3.0413E-04
   615     6.8250E+00  6.8000E+00     3.6697E-03     6.3239E-07     1.7233E-04
   616     6.8000E+00  6.7750E+00     3.6832E-03     3.6710E-07     9.9668E-05
   617     6.7750E+00  6.7500E+00     3.6969E-03     2.2810E-07     6.1701E-05
   618     6.7500E+00  6.7250E+00     3.7106E-03     1.5630E-07     4.2123E-05
   619     6.7250E+00  6.7000E+00     3.7244E-03     1.1990E-07     3.2193E-05
   620     6.7000E+00  6.6750E+00     3.7383E-03     1.0410E-07     2.7847E-05
   621     6.6750E+00  6.6500E+00     3.7523E-03     1.0240E-07     2.7290E-05
   622     6.6500E+00  6.6250E+00     3.7665E-03     1.1410E-07     3.0294E-05
   623     6.6250E+00  6.6000E+00     3.7807E-03     1.4390E-07     3.8062E-05
   624     6.6000E+00  6.5750E+00     3.7951E-03     2.0370E-07     5.3675E-05
   625     6.5750E+00  6.5500E+00     3.8095E-03     3.2010E-07     8.4026E-05
   626     6.5500E+00  6.5250E+00     3.8241E-03     5.4520E-07     1.4257E-04
   627     6.5250E+00  6.5000E+00     3.8388E-03     9.8470E-07     2.5651E-04
   628     6.5000E+00  6.4750E+00     3.8536E-03     1.6940E-06     4.3959E-04
   629     6.4750E+00  6.4500E+00     3.8685E-03     2.6260E-06     6.7882E-04
   630     6.4500E+00  6.4250E+00     3.8835E-03     3.5469E-06     9.1333E-04
   631     6.4250E+00  6.4000E+00     3.8986E-03     4.2900E-06     1.1004E-03
   632     6.4000E+00  6.3750E+00     3.9139E-03     4.8610E-06     1.2420E-03
   633     6.3750E+00  6.3500E+00     3.9293E-03     5.3320E-06     1.3570E-03
   634     6.3500E+00  6.3250E+00     3.9448E-03     5.7540E-06     1.4586E-03
   635     6.3250E+00  6.3000E+00     3.9604E-03     6.1439E-06     1.5513E-03
   636     6.3000E+00  6.2750E+00     3.9761E-03     6.5000E-06     1.6347E-03
   637     6.2750E+00  6.2500E+00     3.9920E-03     6.8170E-06     1.7077E-03
   638     6.2500E+00  6.2250E+00     4.0080E-03     7.0920E-06     1.7695E-03
   639     6.2250E+00  6.2000E+00     4.0242E-03     7.3250E-06     1.8203E-03
   640     6.2000E+00  6.1750E+00     4.0404E-03     7.5179E-06     1.8607E-03
   641     6.1750E+00  6.1500E+00     4.0568E-03     7.6740E-06     1.8916E-03
   642     6.1500E+00  6.1250E+00     4.0733E-03     7.7920E-06     1.9129E-03
   643     6.1250E+00  6.1000E+00     4.0900E-03     7.8710E-06     1.9245E-03
   644     6.1000E+00  6.0750E+00     4.1068E-03     7.9080E-06     1.9256E-03
   645     6.0750E+00  6.0500E+00     4.1237E-03     7.9019E-06     1.9162E-03
   646     6.0500E+00  6.0250E+00     4.1408E-03     7.8580E-06     1.8977E-03
   647     6.0250E+00  6.0000E+00     4.1580E-03     7.7910E-06     1.8737E-03
   648     6.0000E+00  5.9750E+00     4.1754E-03     7.7030E-06     1.8449E-03
   649     5.9750E+00  5.9500E+00     4.1929E-03     7.6280E-06     1.8193E-03
   650     5.9500E+00  5.9250E+00     4.2105E-03     7.5809E-06     1.8005E-03
   651     5.9250E+00  5.9000E+00     4.2283E-03     7.5760E-06     1.7917E-03
   652     5.9000E+00  5.8750E+00     4.2463E-03     7.6220E-06     1.7950E-03
   653     5.8750E+00  5.8500E+00     4.2644E-03     7.7210E-06     1.8106E-03
   654     5.8500E+00  5.8250E+00     4.2827E-03     7.8500E-06     1.8330E-03
   655     5.8250E+00  5.8000E+00     4.3011E-03     8.0059E-06     1.8614E-03
   656     5.8000E+00  5.7750E+00     4.3197E-03     8.1670E-06     1.8907E-03
   657     5.7750E+00  5.7500E+00     4.3384E-03     8.3150E-06     1.9166E-03
   658     5.7500E+00  5.7250E+00     4.3573E-03     8.4380E-06     1.9365E-03
   659     5.7250E+00  5.7000E+00     4.3764E-03     8.5110E-06     1.9448E-03
   660     5.7000E+00  5.6750E+00     4.3956E-03     8.5429E-06     1.9435E-03
   661     5.6750E+00  5.6500E+00     4.4150E-03     8.5250E-06     1.9309E-03
   662     5.6500E+00  5.6250E+00     4.4346E-03     8.4470E-06     1.9048E-03
   663     5.6250E+00  5.6000E+00     4.4544E-03     8.2810E-06     1.8591E-03
   664     5.6000E+00  5.5750E+00     4.4743E-03     7.9800E-06     1.7835E-03
   665     5.5750E+00  5.5500E+00     4.4944E-03     7.4909E-06     1.6667E-03
   666     5.5500E+00  5.5250E+00     4.5147E-03     6.8490E-06     1.5171E-03
   667     5.5250E+00  5.5000E+00     4.5352E-03     6.1660E-06     1.3596E-03
   668     5.5000E+00  5.4750E+00     4.5558E-03     5.5970E-06     1.2285E-03
   669     5.4750E+00  5.4500E+00     4.5767E-03     5.2600E-06     1.1493E-03
   670     5.4500E+00  5.4250E+00     4.5977E-03     5.2139E-06     1.1340E-03
   671     5.4250E+00  5.4000E+00     4.6189E-03     5.4580E-06     1.1817E-03
   672     5.4000E+00  5.3750E+00     4.6404E-03     5.9640E-06     1.2852E-03
   673     5.3750E+00  5.3500E+00     4.6620E-03     6.6400E-06     1.4243E-03
   674     5.3500E+00  5.3250E+00     4.6838E-03     7.3560E-06     1.5705E-03
   675     5.3250E+00  5.3000E+00     4.7059E-03     7.9989E-06     1.6998E-03
   676     5.3000E+00  5.2750E+00     4.7281E-03     8.5010E-06     1.7980E-03
   677     5.2750E+00  5.2500E+00     4.7506E-03     8.8760E-06     1.8684E-03
   678     5.2500E+00  5.2250E+00     4.7733E-03     9.1470E-06     1.9163E-03
   679     5.2250E+00  5.2000E+00     4.7962E-03     9.3530E-06     1.9501E-03
   680     5.2000E+00  5.1750E+00     4.8193E-03     9.5239E-06     1.9762E-03
   681     5.1750E+00  5.1500E+00     4.8426E-03     9.7180E-06     2.0068E-03
   682     5.1500E+00  5.1250E+00     4.8662E-03     9.9600E-06     2.0468E-03
   683     5.1250E+00  5.1000E+00     4.8900E-03     1.0250E-05     2.0961E-03
   684     5.1000E+00  5.0750E+00     4.9140E-03     1.0570E-05     2.1510E-03
   685     5.0750E+00  5.0500E+00     4.9383E-03     1.0870E-05     2.2012E-03
   686     5.0500E+00  5.0250E+00     4.9628E-03     1.1130E-05     2.2427E-03
   687     5.0250E+00  5.0000E+00     4.9875E-03     1.1340E-05     2.2737E-03
   688     5.0000E+00  4.9750E+00     5.0125E-03     1.1510E-05     2.2962E-03
   689     4.9750E+00  4.9500E+00     5.0378E-03     1.1640E-05     2.3105E-03
   690     4.9500E+00  4.9250E+00     5.0633E-03     1.1730E-05     2.3167E-03
   691     4.9250E+00  4.9000E+00     5.0891E-03     1.1800E-05     2.3187E-03
   692     4.9000E+00  4.8750E+00     5.1151E-03     1.1860E-05     2.3186E-03
   693     4.8750E+00  4.8500E+00     5.1414E-03     1.1920E-05     2.3184E-03
   694     4.8500E+00  4.8250E+00     5.1680E-03     1.2020E-05     2.3259E-03
   695     4.8250E+00  4.8000E+00     5.1948E-03     1.2140E-05     2.3369E-03
   696     4.8000E+00  4.7750E+00     5.2219E-03     1.2290E-05     2.3535E-03
   697     4.7750E+00  4.7500E+00     5.2494E-03     1.2430E-05     2.3679E-03
   698     4.7500E+00  4.7250E+00     5.2771E-03     1.2570E-05     2.3820E-03
   699     4.7250E+00  4.7000E+00     5.3051E-03     1.2680E-05     2.3902E-03
   700     4.7000E+00  4.6750E+00     5.3333E-03     1.2770E-05     2.3944E-03
   701     4.6750E+00  4.6500E+00     5.3619E-03     1.2850E-05     2.3965E-03
   702     4.6500E+00  4.6250E+00     5.3908E-03     1.2920E-05     2.3967E-03
   703     4.6250E+00  4.6000E+00     5.4201E-03     1.2980E-05     2.3948E-03
   704     4.6000E+00  4.5750E+00     5.4496E-03     1.3060E-05     2.3965E-03
   705     4.5750E+00  4.5500E+00     5.4795E-03     1.3120E-05     2.3944E-03
   706     4.5500E+00  4.5250E+00     5.5097E-03     1.3180E-05     2.3922E-03
   707     4.5250E+00  4.5000E+00     5.5402E-03     1.3230E-05     2.3880E-03
   708     4.5000E+00  4.4750E+00     5.5710E-03     1.3250E-05     2.3784E-03
   709     4.4750E+00  4.4500E+00     5.6023E-03     1.3220E-05     2.3598E-03
   710     4.4500E+00  4.4250E+00     5.6338E-03     1.3170E-05     2.3377E-03
   711     4.4250E+00  4.4000E+00     5.6657E-03     1.3100E-05     2.3121E-03
   712     4.4000E+00  4.3750E+00     5.6980E-03     1.3030E-05     2.2868E-03
   713     4.3750E+00  4.3500E+00     5.7307E-03     1.2990E-05     2.2667E-03
   714     4.3500E+00  4.3250E+00     5.7637E-03     1.2990E-05     2.2538E-03
   715     4.3250E+00  4.3000E+00     5.7971E-03     1.3050E-05     2.2511E-03
   716     4.3000E+00  4.2750E+00     5.8309E-03     1.3200E-05     2.2638E-03
   717     4.2750E+00  4.2500E+00     5.8651E-03     1.3440E-05     2.2915E-03
   718     4.2500E+00  4.2250E+00     5.8997E-03     1.3730E-05     2.3272E-03
   719     4.2250E+00  4.2000E+00     5.9347E-03     1.4050E-05     2.3674E-03
   720     4.2000E+00  4.1750E+00     5.9702E-03     1.4350E-05     2.4036E-03
   721     4.1750E+00  4.1500E+00     6.0060E-03     1.4620E-05     2.4342E-03
   722     4.1500E+00  4.1250E+00     6.0423E-03     1.4850E-05     2.4577E-03
   723     4.1250E+00  4.1000E+00     6.0790E-03     1.5070E-05     2.4790E-03
   724     4.1000E+00  4.0750E+00     6.1162E-03     1.5300E-05     2.5015E-03
   725     4.0750E+00  4.0500E+00     6.1539E-03     1.5580E-05     2.5317E-03
   726     4.0500E+00  4.0250E+00     6.1920E-03     1.5940E-05     2.5743E-03
   727     4.0250E+00  4.0000E+00     6.2305E-03     1.6490E-05     2.6466E-03
   728     4.0000E+00  3.9750E+00     6.2696E-03     1.6500E-05     2.6317E-03
   729     3.9750E+00  3.9500E+00     6.3092E-03     1.6180E-05     2.5645E-03
   730     3.9500E+00  3.9250E+00     6.3492E-03     1.5800E-05     2.4885E-03
   731     3.9250E+00  3.9000E+00     6.3898E-03     1.5870E-05     2.4836E-03
   732     3.9000E+00  3.8750E+00     6.4309E-03     1.6070E-05     2.4989E-03
   733     3.8750E+00  3.8500E+00     6.4725E-03     1.6250E-05     2.5106E-03
   734     3.8500E+00  3.8250E+00     6.5147E-03     1.6390E-05     2.5159E-03
   735     3.8250E+00  3.8000E+00     6.5574E-03     1.6580E-05     2.5284E-03
   736     3.8000E+00  3.7750E+00     6.6007E-03     1.6810E-05     2.5467E-03
   737     3.7750E+00  3.7500E+00     6.6445E-03     1.6980E-05     2.5555E-03
   738     3.7500E+00  3.7250E+00     6.6890E-03     1.7120E-05     2.5594E-03
   739     3.7250E+00  3.7000E+00     6.7340E-03     1.7230E-05     2.5586E-03
   740     3.7000E+00  3.6750E+00     6.7797E-03     1.7330E-05     2.5562E-03
   741     3.6750E+00  3.6500E+00     6.8260E-03     1.7360E-05     2.5432E-03
   742     3.6500E+00  3.6250E+00     6.8729E-03     1.7450E-05     2.5390E-03
   743     3.6250E+00  3.6000E+00     6.9204E-03     1.7530E-05     2.5331E-03
   744     3.6000E+00  3.5750E+00     6.9687E-03     1.7690E-05     2.5385E-03
   745     3.5750E+00  3.5500E+00     7.0176E-03     1.7830E-05     2.5408E-03
   746     3.5500E+00  3.5250E+00     7.0672E-03     1.8020E-05     2.5498E-03
   747     3.5250E+00  3.5000E+00     7.1175E-03     1.8160E-05     2.5515E-03
   748     3.5000E+00  3.4750E+00     7.1685E-03     1.8320E-05     2.5556E-03
   749     3.4750E+00  3.4500E+00     7.2202E-03     1.8420E-05     2.5512E-03
   750     3.4500E+00  3.4250E+00     7.2728E-03     1.8530E-05     2.5479E-03
   751     3.4250E+00  3.4000E+00     7.3260E-03     1.8680E-05     2.5498E-03
   752     3.4000E+00  3.3750E+00     7.3801E-03     1.8740E-05     2.5393E-03
   753     3.3750E+00  3.3500E+00     7.4350E-03     1.8870E-05     2.5380E-03
   754     3.3500E+00  3.3250E+00     7.4907E-03     1.9020E-05     2.5392E-03
   755     3.3250E+00  3.3000E+00     7.5472E-03     1.9170E-05     2.5400E-03
   756     3.3000E+00  3.2750E+00     7.6046E-03     1.9280E-05     2.5353E-03
   757     3.2750E+00  3.2500E+00     7.6629E-03     1.9410E-05     2.5330E-03
   758     3.2500E+00  3.2250E+00     7.7220E-03     1.9550E-05     2.5317E-03
   759     3.2250E+00  3.2000E+00     7.7821E-03     1.9690E-05     2.5302E-03
   760     3.2000E+00  3.1750E+00     7.8432E-03     1.9760E-05     2.5194E-03
   761     3.1750E+00  3.1500E+00     7.9052E-03     1.9870E-05     2.5135E-03
   762     3.1500E+00  3.1250E+00     7.9682E-03     1.9990E-05     2.5087E-03
   763     3.1250E+00  3.1000E+00     8.0322E-03     2.0150E-05     2.5087E-03
   764     3.1000E+00  3.0750E+00     8.0972E-03     2.0320E-05     2.5095E-03
   765     3.0750E+00  3.0500E+00     8.1633E-03     2.0560E-05     2.5186E-03
   766     3.0500E+00  3.0250E+00     8.2305E-03     2.0830E-05     2.5308E-03
   767     3.0250E+00  3.0000E+00     8.2988E-03     2.1010E-05     2.5317E-03
   768     3.0000E+00  2.9750E+00     8.3682E-03     2.1250E-05     2.5394E-03
   769     2.9750E+00  2.9500E+00     8.4389E-03     2.1440E-05     2.5406E-03
   770     2.9500E+00  2.9250E+00     8.5107E-03     2.1690E-05     2.5486E-03
   771     2.9250E+00  2.9000E+00     8.5837E-03     2.1840E-05     2.5443E-03
   772     2.9000E+00  2.8750E+00     8.6581E-03     2.2040E-05     2.5456E-03
   773     2.8750E+00  2.8500E+00     8.7337E-03     2.2260E-05     2.5488E-03
   774     2.8500E+00  2.8250E+00     8.8106E-03     2.2430E-05     2.5458E-03
   775     2.8250E+00  2.8000E+00     8.8889E-03     2.2530E-05     2.5346E-03
   776     2.8000E+00  2.7750E+00     8.9687E-03     2.2490E-05     2.5076E-03
   777     2.7750E+00  2.7500E+00     9.0498E-03     2.2140E-05     2.4465E-03
   778     2.7500E+00  2.7250E+00     9.1325E-03     2.1390E-05     2.3422E-03
   779     2.7250E+00  2.7000E+00     9.2167E-03     2.0450E-05     2.2188E-03
   780     2.7000E+00  2.6750E+00     9.3024E-03     1.9800E-05     2.1285E-03
   781     2.6750E+00  2.6500E+00     9.3897E-03     1.9930E-05     2.1225E-03
   782     2.6500E+00  2.6250E+00     9.4787E-03     2.0910E-05     2.2060E-03
   783     2.6250E+00  2.6000E+00     9.5695E-03     2.2220E-05     2.3220E-03
   784     2.6000E+00  2.5750E+00     9.6619E-03     2.3450E-05     2.4271E-03
   785     2.5750E+00  2.5500E+00     9.7562E-03     2.4150E-05     2.4754E-03
   786     2.5500E+00  2.5250E+00     9.8523E-03     2.4610E-05     2.4979E-03
   787     2.5250E+00  2.5000E+00     9.9503E-03     2.5030E-05     2.5155E-03
   788     2.5000E+00  2.4750E+00     1.0050E-02     2.5230E-05     2.5104E-03
   789     2.4750E+00  2.4500E+00     1.0152E-02     2.5530E-05     2.5147E-03
   790     2.4500E+00  2.4250E+00     1.0257E-02     2.5830E-05     2.5184E-03
   791     2.4250E+00  2.4000E+00     1.0363E-02     2.6200E-05     2.5283E-03
   792     2.4000E+00  2.3750E+00     1.0471E-02     2.6570E-05     2.5374E-03
   793     2.3750E+00  2.3500E+00     1.0582E-02     2.6990E-05     2.5505E-03
   794     2.3500E+00  2.3250E+00     1.0695E-02     2.7290E-05     2.5516E-03
   795     2.3250E+00  2.3000E+00     1.0811E-02     2.7730E-05     2.5650E-03
   796     2.3000E+00  2.2750E+00     1.0929E-02     2.8040E-05     2.5656E-03
   797     2.2750E+00  2.2500E+00     1.1050E-02     2.8410E-05     2.5711E-03
   798     2.2500E+00  2.2250E+00     1.1173E-02     2.8720E-05     2.5704E-03
   799     2.2250E+00  2.2000E+00     1.1300E-02     2.9110E-05     2.5762E-03
   800     2.2000E+00  2.1750E+00     1.1429E-02     2.9500E-05     2.5812E-03
   801     2.1750E+00  2.1500E+00     1.1561E-02     2.9780E-05     2.5759E-03
   802     2.1500E+00  2.1250E+00     1.1696E-02     3.0140E-05     2.5769E-03
   803     2.1250E+00  2.1000E+00     1.1834E-02     3.0500E-05     2.5772E-03
   804     2.1000E+00  2.0750E+00     1.1976E-02     3.0760E-05     2.5684E-03
   805     2.0750E+00  2.0500E+00     1.2121E-02     3.1070E-05     2.5632E-03
   806     2.0500E+00  2.0250E+00     1.2270E-02     3.1370E-05     2.5566E-03
   807     2.0250E+00  2.0000E+00     1.2423E-02     3.1830E-05     2.5623E-03
   808     2.0000E+00  1.9750E+00     1.2579E-02     3.3060E-05     2.6282E-03
   809     1.9750E+00  1.9500E+00     1.2739E-02     3.3570E-05     2.6352E-03
   810     1.9500E+00  1.9250E+00     1.2903E-02     3.4090E-05     2.6419E-03
   811     1.9250E+00  1.9000E+00     1.3072E-02     3.4620E-05     2.6484E-03
   812     1.9000E+00  1.8750E+00     1.3245E-02     3.5080E-05     2.6485E-03
   813     1.8750E+00  1.8500E+00     1.3423E-02     3.5620E-05     2.6537E-03
   814     1.8500E+00  1.8250E+00     1.3606E-02     3.6080E-05     2.6518E-03
   815     1.8250E+00  1.8000E+00     1.3793E-02     3.6680E-05     2.6593E-03
   816     1.8000E+00  1.7750E+00     1.3986E-02     3.7060E-05     2.6497E-03
   817     1.7750E+00  1.7500E+00     1.4185E-02     3.7540E-05     2.6465E-03
   818     1.7500E+00  1.7250E+00     1.4389E-02     3.8060E-05     2.6451E-03
   819     1.7250E+00  1.7000E+00     1.4599E-02     3.8610E-05     2.6447E-03
   820     1.7000E+00  1.6750E+00     1.4815E-02     3.9340E-05     2.6554E-03
   821     1.6750E+00  1.6500E+00     1.5038E-02     3.9880E-05     2.6520E-03
   822     1.6500E+00  1.6250E+00     1.5267E-02     4.0510E-05     2.6534E-03
   823     1.6250E+00  1.6000E+00     1.5504E-02     4.1120E-05     2.6522E-03
   824     1.6000E+00  1.5750E+00     1.5748E-02     4.1670E-05     2.6460E-03
   825     1.5750E+00  1.5500E+00     1.6000E-02     4.2290E-05     2.6431E-03
   826     1.5500E+00  1.5250E+00     1.6261E-02     4.2620E-05     2.6211E-03
   827     1.5250E+00  1.5000E+00     1.6529E-02     4.2970E-05     2.5996E-03
   828     1.5000E+00  1.4750E+00     1.6807E-02     4.3330E-05     2.5781E-03
   829     1.4750E+00  1.4500E+00     1.7094E-02     4.3820E-05     2.5634E-03
   830     1.4500E+00  1.4250E+00     1.7392E-02     4.4460E-05     2.5564E-03
   831     1.4250E+00  1.4000E+00     1.7700E-02     4.4750E-05     2.5283E-03
   832     1.4000E+00  1.3750E+00     1.8019E-02     4.4640E-05     2.4775E-03
   833     1.3750E+00  1.3500E+00     1.8349E-02     4.4500E-05     2.4252E-03
   834     1.3500E+00  1.3250E+00     1.8692E-02     4.4550E-05     2.3834E-03
   835     1.3250E+00  1.3000E+00     1.9048E-02     4.4970E-05     2.3609E-03
   836     1.3000E+00  1.2750E+00     1.9418E-02     4.5250E-05     2.3303E-03
   837     1.2750E+00  1.2500E+00     1.9803E-02     4.5400E-05     2.2926E-03
   838     1.2500E+00  1.2250E+00     2.0203E-02     4.5600E-05     2.2571E-03
   839     1.2250E+00  1.2000E+00     2.0619E-02     4.5520E-05     2.2076E-03
   840     1.2000E+00  1.1750E+00     2.1053E-02     4.4840E-05     2.1298E-03
   841     1.1750E+00  1.1500E+00     2.1506E-02     4.2410E-05     1.9720E-03
   842     1.1500E+00  1.1250E+00     2.1979E-02     3.6300E-05     1.6516E-03
   843     1.1250E+00  1.1000E+00     2.2473E-02     2.5450E-05     1.1325E-03
   844     1.1000E+00  1.0750E+00     2.2990E-02     1.5380E-05     6.6900E-04
   845     1.0750E+00  1.0500E+00     2.3530E-02     1.1170E-05     4.7470E-04
   846     1.0500E+00  1.0250E+00     2.4098E-02     1.2330E-05     5.1167E-04
   847     1.0250E+00  1.0000E+00     2.4693E-02     1.9730E-05     7.9902E-04
   848     1.0000E+00  9.7500E-01     2.5318E-02     3.2970E-05     1.3022E-03
   849     9.7500E-01  9.5000E-01     2.5975E-02     4.4590E-05     1.7166E-03
   850     9.5000E-01  9.2500E-01     2.6668E-02     5.2110E-05     1.9540E-03
   851     9.2500E-01  9.0000E-01     2.7399E-02     5.7030E-05     2.0815E-03
   852     9.0000E-01  8.7500E-01     2.8171E-02     6.1060E-05     2.1675E-03
   853     8.7500E-01  8.5000E-01     2.8988E-02     6.4870E-05     2.2379E-03
   854     8.5000E-01  8.2500E-01     2.9853E-02     6.8060E-05     2.2798E-03
   855     8.2500E-01  8.0000E-01     3.0772E-02     7.1760E-05     2.3320E-03
   856     8.0000E-01  7.7500E-01     3.1749E-02     7.5050E-05     2.3639E-03
   857     7.7500E-01  7.5000E-01     3.2790E-02     7.8260E-05     2.3867E-03
   858     7.5000E-01  7.2500E-01     3.3902E-02     8.1820E-05     2.4135E-03
   859     7.2500E-01  7.0000E-01     3.5091E-02     8.5710E-05     2.4425E-03
   860     7.0000E-01  6.7500E-01     3.6368E-02     8.9630E-05     2.4646E-03
   861     6.7500E-01  6.5000E-01     3.7740E-02     9.3470E-05     2.4767E-03
   862     6.5000E-01  6.2500E-01     3.9221E-02     9.6880E-05     2.4701E-03
   863     6.2500E-01  6.0000E-01     4.0822E-02     1.0240E-04     2.5085E-03
   864     6.0000E-01  5.7500E-01     4.2560E-02     1.0770E-04     2.5306E-03
   865     5.7500E-01  5.5000E-01     4.4452E-02     1.1330E-04     2.5488E-03
   866     5.5000E-01  5.2481E-01     4.6882E-02     1.1992E-04     2.5579E-03
   867     5.2481E-01  5.0119E-01     4.6051E-02     1.1742E-04     2.5498E-03
   868     5.0119E-01  4.7863E-01     4.6057E-02     1.1745E-04     2.5501E-03
   869     4.7863E-01  4.5709E-01     4.6048E-02     1.1787E-04     2.5597E-03
   870     4.5709E-01  4.3652E-01     4.6046E-02     1.1768E-04     2.5557E-03
   871     4.3652E-01  4.1687E-01     4.6060E-02     1.1689E-04     2.5378E-03
   872     4.1687E-01  3.9811E-01     4.6046E-02     1.1556E-04     2.5097E-03
   873     3.9811E-01  3.8019E-01     4.6057E-02     1.1254E-04     2.4435E-03
   874     3.8019E-01  3.6308E-01     4.6048E-02     1.0831E-04     2.3521E-03
   875     3.6308E-01  3.4674E-01     4.6048E-02     1.0553E-04     2.2917E-03
   876     3.4674E-01  3.3113E-01     4.6064E-02     1.0169E-04     2.2076E-03
   877     3.3113E-01  3.1623E-01     4.6041E-02     9.6992E-05     2.1066E-03
   878     3.1623E-01  3.0200E-01     4.6043E-02     9.3820E-05     2.0377E-03
   879     3.0200E-01  2.8840E-01     4.6079E-02     9.8833E-05     2.1449E-03
   880     2.8840E-01  2.7542E-01     4.6051E-02     9.9606E-05     2.1629E-03
   881     2.7542E-01  2.6303E-01     4.6029E-02     1.1354E-04     2.4667E-03
   882     2.6303E-01  2.5119E-01     4.6058E-02     1.1409E-04     2.4771E-03
   883     2.5119E-01  2.3988E-01     4.6071E-02     1.3472E-04     2.9242E-03
   884     2.3988E-01  2.2909E-01     4.6024E-02     1.3694E-04     2.9754E-03
   885     2.2909E-01  2.1878E-01     4.6048E-02     1.5254E-04     3.3126E-03
   886     2.1878E-01  2.0893E-01     4.6067E-02     1.6259E-04     3.5294E-03
   887     2.0893E-01  1.9953E-01     4.6035E-02     1.6335E-04     3.5484E-03
   888     1.9953E-01  1.9055E-01     4.6050E-02     1.7974E-04     3.9032E-03
   889     1.9055E-01  1.8197E-01     4.6073E-02     1.9634E-04     4.2615E-03
   890     1.8197E-01  1.7378E-01     4.6052E-02     2.0452E-04     4.4411E-03
   891     1.7378E-01  1.6596E-01     4.6043E-02     2.1116E-04     4.5861E-03
   892     1.6596E-01  1.5849E-01     4.6055E-02     2.1684E-04     4.7083E-03
   893     1.5849E-01  1.5136E-01     4.6030E-02     2.2267E-04     4.8375E-03
   894     1.5136E-01  1.4454E-01     4.6105E-02     2.2779E-04     4.9407E-03
   895     1.4454E-01  1.3804E-01     4.6013E-02     2.2972E-04     4.9925E-03
   896     1.3804E-01  1.3183E-01     4.6030E-02     2.3261E-04     5.0534E-03
   897     1.3183E-01  1.2589E-01     4.6105E-02     2.3416E-04     5.0789E-03
   898     1.2589E-01  1.2023E-01     4.6002E-02     2.3414E-04     5.0898E-03
   899     1.2023E-01  1.1482E-01     4.6041E-02     2.3319E-04     5.0648E-03
   900     1.1482E-01  1.0965E-01     4.6072E-02     2.3297E-04     5.0566E-03
   901     1.0965E-01  1.0471E-01     4.6099E-02     2.2878E-04     4.9628E-03
   902     1.0471E-01  1.0000E-01     4.6024E-02     2.2841E-04     4.9628E-03
   903     1.0000E-01  9.5499E-02     4.6054E-02     2.2498E-04     4.8851E-03
   904     9.5499E-02  9.1201E-02     4.6050E-02     2.2496E-04     4.8851E-03
   905     9.1201E-02  8.7096E-02     4.6055E-02     2.1636E-04     4.6979E-03
   906     8.7096E-02  8.3176E-02     4.6052E-02     2.1286E-04     4.6222E-03
   907     8.3176E-02  7.9433E-02     4.6045E-02     2.1021E-04     4.5653E-03
   908     7.9433E-02  7.5858E-02     4.6051E-02     1.9592E-04     4.2544E-03
   909     7.5858E-02  7.2444E-02     4.6049E-02     1.9591E-04     4.2544E-03
   910     7.2444E-02  6.9183E-02     4.6059E-02     1.9037E-04     4.1332E-03
   911     6.9183E-02  6.6069E-02     4.6056E-02     1.7403E-04     3.7787E-03
   912     6.6069E-02  6.3096E-02     4.6042E-02     1.7398E-04     3.7787E-03
   913     6.3096E-02  6.0256E-02     4.6055E-02     1.7403E-04     3.7787E-03
   914     6.0256E-02  5.7544E-02     4.6052E-02     1.4971E-04     3.2509E-03
   915     5.7544E-02  5.4954E-02     4.6053E-02     1.4724E-04     3.1972E-03
   916     5.4954E-02  5.2481E-02     4.6045E-02     1.4721E-04     3.1971E-03
   917     5.2481E-02  5.0119E-02     4.6051E-02     1.4723E-04     3.1971E-03
   918     5.0119E-02  4.7863E-02     4.6057E-02     1.2584E-04     2.7322E-03
   919     4.7863E-02  4.5709E-02     4.6048E-02     1.2465E-04     2.7070E-03
   920     4.5709E-02  4.3652E-02     4.6046E-02     1.1364E-04     2.4680E-03
   921     4.3652E-02  4.1687E-02     4.6060E-02     1.0801E-04     2.3450E-03
   922     4.1687E-02  3.9811E-02     4.6046E-02     1.0622E-04     2.3068E-03
   923     3.9811E-02  3.8019E-02     4.6057E-02     9.0886E-05     1.9733E-03
   924     3.8019E-02  3.6308E-02     4.6048E-02     9.0867E-05     1.9733E-03
   925     3.6308E-02  3.4674E-02     4.6048E-02     8.7359E-05     1.8971E-03
   926     3.4674E-02  3.3113E-02     4.6064E-02     7.3631E-05     1.5984E-03
   927     3.3113E-02  3.1623E-02     4.6041E-02     7.3594E-05     1.5984E-03
   928     3.1623E-02  3.0200E-02     4.6043E-02     7.3596E-05     1.5984E-03
   929     3.0200E-02  2.8840E-02     4.6079E-02     5.9243E-05     1.2857E-03
   930     2.8840E-02  2.7542E-02     4.6051E-02     5.6780E-05     1.2330E-03
   931     2.7542E-02  2.6303E-02     4.6029E-02     5.6753E-05     1.2330E-03
   932     2.6303E-02  2.5119E-02     4.6058E-02     5.6790E-05     1.2330E-03
   933     2.5119E-02  2.3988E-02     4.6071E-02     4.2354E-05     9.1932E-04
   934     2.3988E-02  2.2909E-02     4.6024E-02     4.0652E-05     8.8328E-04
   935     2.2909E-02  2.1878E-02     4.6048E-02     4.0674E-05     8.8329E-04
   936     2.1878E-02  2.0893E-02     4.6067E-02     4.0691E-05     8.8329E-04
   937     2.0893E-02  1.9953E-02     4.6035E-02     3.9918E-05     8.6713E-04
   938     1.9953E-02  1.9055E-02     4.6050E-02     2.6108E-05     5.6695E-04
   939     1.9055E-02  1.8197E-02     4.6073E-02     2.6121E-05     5.6695E-04
   940     1.8197E-02  1.7378E-02     4.6052E-02     2.6109E-05     5.6695E-04
   941     1.7378E-02  1.6596E-02     4.6043E-02     2.6104E-05     5.6694E-04
   942     1.6596E-02  1.5849E-02     4.6055E-02     2.6111E-05     5.6695E-04
   943     1.5849E-02  1.5136E-02     4.6030E-02     2.6097E-05     5.6695E-04
   944     1.5136E-02  1.4454E-02     4.6105E-02     1.6292E-05     3.5337E-04
   945     1.4454E-02  1.3804E-02     4.6013E-02     1.3867E-05     3.0137E-04
   946     1.3804E-02  1.3183E-02     4.6030E-02     1.3873E-05     3.0139E-04
   947     1.3183E-02  1.2589E-02     4.6105E-02     1.3895E-05     3.0138E-04
   948     1.2589E-02  1.2023E-02     4.6002E-02     1.3864E-05     3.0138E-04
   949     1.2023E-02  1.1482E-02     4.6041E-02     1.3876E-05     3.0138E-04
   950     1.1482E-02  1.0965E-02     4.6072E-02     1.3885E-05     3.0137E-04
   951     1.0965E-02  1.0471E-02     4.6099E-02     1.3893E-05     3.0137E-04
   952     1.0471E-02  1.0000E-02     4.6024E-02     1.3871E-05     3.0138E-04
   953     1.0000E-02  9.5499E-03     4.6054E-02     4.9420E-06     1.0731E-04
   954     9.5499E-03  9.1201E-03     4.6050E-02     4.9415E-06     1.0731E-04
   955     9.1201E-03  8.7096E-03     4.6055E-02     4.9420E-06     1.0731E-04
   956     8.7096E-03  8.3176E-03     4.6052E-02     4.9417E-06     1.0731E-04
   957     8.3176E-03  7.9433E-03     4.6045E-02     4.9410E-06     1.0731E-04
   958     7.9433E-03  7.5858E-03     4.6051E-02     4.9416E-06     1.0731E-04
   959     7.5858E-03  7.2444E-03     4.6049E-02     4.9414E-06     1.0731E-04
   960     7.2444E-03  6.9183E-03     4.6059E-02     4.9425E-06     1.0731E-04
   961     6.9183E-03  6.6069E-03     4.6056E-02     4.9421E-06     1.0731E-04
   962     6.6069E-03  6.3096E-03     4.6042E-02     4.9407E-06     1.0731E-04
   963     6.3096E-03  6.0256E-03     4.6055E-02     4.9421E-06     1.0731E-04
   964     6.0256E-03  5.7544E-03     4.6052E-02     4.9418E-06     1.0731E-04
   965     5.7544E-03  5.4954E-03     4.6053E-02     4.9419E-06     1.0731E-04
   966     5.4954E-03  5.2481E-03     4.6045E-02     4.9410E-06     1.0731E-04
   967     5.2481E-03  5.0119E-03     4.6051E-02     4.9416E-06     1.0731E-04
   968     5.0119E-03  4.7863E-03     4.6057E-02     8.5600E-07     1.8585E-05
   969     4.7863E-03  4.5709E-03     4.6048E-02     6.3349E-07     1.3757E-05
   970     4.5709E-03  4.3652E-03     4.6046E-02     6.3347E-07     1.3757E-05
   971     4.3652E-03  4.1687E-03     4.6060E-02     6.3365E-07     1.3757E-05
   972     4.1687E-03  3.9811E-03     4.6046E-02     6.3347E-07     1.3757E-05
   973     3.9811E-03  3.8019E-03     4.6057E-02     6.3362E-07     1.3757E-05
   974     3.8019E-03  3.6308E-03     4.6048E-02     6.3349E-07     1.3757E-05
   975     3.6308E-03  3.4674E-03     4.6048E-02     6.3349E-07     1.3757E-05
   976     3.4674E-03  3.3113E-03     4.6064E-02     6.3372E-07     1.3757E-05
   977     3.3113E-03  3.1623E-03     4.6041E-02     6.3340E-07     1.3757E-05
   978     3.1623E-03  3.0200E-03     4.6043E-02     6.3342E-07     1.3757E-05
   979     3.0200E-03  2.8840E-03     4.6079E-02     6.3391E-07     1.3757E-05
   980     2.8840E-03  2.7542E-03     4.6051E-02     6.3354E-07     1.3757E-05
   981     2.7542E-03  2.6303E-03     4.6029E-02     6.3323E-07     1.3757E-05
   982     2.6303E-03  2.5119E-03     4.6058E-02     6.3364E-07     1.3757E-05
   983     2.5119E-03  2.3988E-03     4.6071E-02     6.3380E-07     1.3757E-05
   984     2.3988E-03  2.2909E-03     4.6024E-02     6.3316E-07     1.3757E-05
   985     2.2909E-03  2.1878E-03     4.6048E-02     6.3350E-07     1.3757E-05
   986     2.1878E-03  2.0893E-03     4.6067E-02     6.3376E-07     1.3757E-05
   987     2.0893E-03  1.9953E-03     4.6035E-02     6.3331E-07     1.3757E-05
   988     1.9953E-03  1.9055E-03     4.6050E-02     6.3352E-07     1.3757E-05
   989     1.9055E-03  1.8197E-03     4.6073E-02     6.3383E-07     1.3757E-05
   990     1.8197E-03  1.7378E-03     4.6052E-02     6.3354E-07     1.3757E-05
   991     1.7378E-03  1.6596E-03     4.6043E-02     6.3343E-07     1.3757E-05
   992     1.6596E-03  1.5849E-03     4.6055E-02     6.3359E-07     1.3757E-05
   993     1.5849E-03  1.5136E-03     4.6030E-02     6.3325E-07     1.3757E-05
   994     1.5136E-03  1.4454E-03     4.6105E-02     6.3427E-07     1.3757E-05
   995     1.4454E-03  1.3804E-03     4.6013E-02     6.3301E-07     1.3757E-05
   996     1.3804E-03  1.3183E-03     4.6030E-02     6.3325E-07     1.3757E-05
   997     1.3183E-03  1.2589E-03     4.6105E-02     6.3427E-07     1.3757E-05
   998     1.2589E-03  1.2023E-03     4.6002E-02     6.3286E-07     1.3757E-05
   999     1.2023E-03  1.1482E-03     4.6041E-02     6.3339E-07     1.3757E-05
  1000     1.1482E-03  1.0965E-03     4.6072E-02     6.3383E-07     1.3757E-05
  1001     1.0965E-03  1.0471E-03     4.6099E-02     6.3419E-07     1.3757E-05
  1002     1.0471E-03  1.0000E-03     4.6024E-02     6.3179E-07     1.3727E-05
  1003     1.0000E-03  9.5499E-04     4.6054E-02     0.0000E+00     0.0000E+00
  1004     9.5499E-04  9.1201E-04     4.6050E-02     0.0000E+00     0.0000E+00
  1005     9.1201E-04  8.7096E-04     4.6055E-02     0.0000E+00     0.0000E+00
  1006     8.7096E-04  8.3176E-04     4.6052E-02     0.0000E+00     0.0000E+00
  1007     8.3176E-04  7.9433E-04     4.6045E-02     0.0000E+00     0.0000E+00
  1008     7.9433E-04  7.5858E-04     4.6051E-02     0.0000E+00     0.0000E+00
  1009     7.5858E-04  7.2444E-04     4.6049E-02     0.0000E+00     0.0000E+00
  1010     7.2444E-04  6.9183E-04     4.6059E-02     0.0000E+00     0.0000E+00
  1011     6.9183E-04  6.6069E-04     4.6056E-02     0.0000E+00     0.0000E+00
  1012     6.6069E-04  6.3096E-04     4.6042E-02     0.0000E+00     0.0000E+00
  1013     6.3096E-04  6.0256E-04     4.6055E-02     0.0000E+00     0.0000E+00
  1014     6.0256E-04  5.7544E-04     4.6052E-02     0.0000E+00     0.0000E+00
  1015     5.7544E-04  5.4954E-04     4.6053E-02     0.0000E+00     0.0000E+00
  1016     5.4954E-04  5.2481E-04     4.6045E-02     0.0000E+00     0.0000E+00
  1017     5.2481E-04  5.0119E-04     4.6051E-02     0.0000E+00     0.0000E+00
  1018     5.0119E-04  4.7863E-04     4.6057E-02     0.0000E+00     0.0000E+00
  1019     4.7863E-04  4.5709E-04     4.6048E-02     0.0000E+00     0.0000E+00
  1020     4.5709E-04  4.3652E-04     4.6046E-02     0.0000E+00     0.0000E+00
  1021     4.3652E-04  4.1687E-04     4.6060E-02     0.0000E+00     0.0000E+00
  1022     4.1687E-04  3.9811E-04     4.6046E-02     0.0000E+00     0.0000E+00
  1023     3.9811E-04  3.8019E-04     4.6057E-02     0.0000E+00     0.0000E+00
  1024     3.8019E-04  3.6308E-04     4.6048E-02     0.0000E+00     0.0000E+00
  1025     3.6308E-04  3.4674E-04     4.6048E-02     0.0000E+00     0.0000E+00
  1026     3.4674E-04  3.3113E-04     4.6064E-02     0.0000E+00     0.0000E+00
  1027     3.3113E-04  3.1623E-04     4.6041E-02     0.0000E+00     0.0000E+00
  1028     3.1623E-04  3.0200E-04     4.6043E-02     0.0000E+00     0.0000E+00
  1029     3.0200E-04  2.8840E-04     4.6079E-02     0.0000E+00     0.0000E+00
  1030     2.8840E-04  2.7542E-04     4.6051E-02     0.0000E+00     0.0000E+00
  1031     2.7542E-04  2.6303E-04     4.6029E-02     0.0000E+00     0.0000E+00
  1032     2.6303E-04  2.5119E-04     4.6058E-02     0.0000E+00     0.0000E+00
  1033     2.5119E-04  2.3988E-04     4.6071E-02     0.0000E+00     0.0000E+00
  1034     2.3988E-04  2.2909E-04     4.6024E-02     0.0000E+00     0.0000E+00
  1035     2.2909E-04  2.1878E-04     4.6048E-02     0.0000E+00     0.0000E+00
  1036     2.1878E-04  2.0893E-04     4.6067E-02     0.0000E+00     0.0000E+00
  1037     2.0893E-04  1.9953E-04     4.6035E-02     0.0000E+00     0.0000E+00
  1038     1.9953E-04  1.9055E-04     4.6050E-02     0.0000E+00     0.0000E+00
  1039     1.9055E-04  1.8197E-04     4.6073E-02     0.0000E+00     0.0000E+00
  1040     1.8197E-04  1.7378E-04     4.6052E-02     0.0000E+00     0.0000E+00
  1041     1.7378E-04  1.6596E-04     4.6043E-02     0.0000E+00     0.0000E+00
  1042     1.6596E-04  1.5849E-04     4.6055E-02     0.0000E+00     0.0000E+00
  1043     1.5849E-04  1.5136E-04     4.6030E-02     0.0000E+00     0.0000E+00
  1044     1.5136E-04  1.4454E-04     4.6105E-02     0.0000E+00     0.0000E+00
  1045     1.4454E-04  1.3804E-04     4.6013E-02     0.0000E+00     0.0000E+00
  1046     1.3804E-04  1.3183E-04     4.6030E-02     0.0000E+00     0.0000E+00
  1047     1.3183E-04  1.2589E-04     4.6105E-02     0.0000E+00     0.0000E+00
  1048     1.2589E-04  1.2023E-04     4.6002E-02     0.0000E+00     0.0000E+00
  1049     1.2023E-04  1.1482E-04     4.6041E-02     0.0000E+00     0.0000E+00
  1050     1.1482E-04  1.0965E-04     4.6072E-02     0.0000E+00     0.0000E+00
  1051     1.0965E-04  1.0471E-04     4.6099E-02     0.0000E+00     0.0000E+00
  1052     1.0471E-04  1.0000E-04     4.6024E-02     0.0000E+00     0.0000E+00
  1053     1.0000E-04  9.5499E-05     4.6054E-02     0.0000E+00     0.0000E+00
  1054     9.5499E-05  9.1201E-05     4.6050E-02     0.0000E+00     0.0000E+00
  1055     9.1201E-05  8.7096E-05     4.6055E-02     0.0000E+00     0.0000E+00
  1056     8.7096E-05  8.3176E-05     4.6052E-02     0.0000E+00     0.0000E+00
  1057     8.3176E-05  7.9433E-05     4.6045E-02     0.0000E+00     0.0000E+00
  1058     7.9433E-05  7.5858E-05     4.6051E-02     0.0000E+00     0.0000E+00
  1059     7.5858E-05  7.2444E-05     4.6049E-02     0.0000E+00     0.0000E+00
  1060     7.2444E-05  6.9183E-05     4.6059E-02     0.0000E+00     0.0000E+00
  1061     6.9183E-05  6.6069E-05     4.6056E-02     0.0000E+00     0.0000E+00
  1062     6.6069E-05  6.3096E-05     4.6042E-02     0.0000E+00     0.0000E+00
  1063     6.3096E-05  6.0256E-05     4.6055E-02     0.0000E+00     0.0000E+00
  1064     6.0256E-05  5.7544E-05     4.6052E-02     0.0000E+00     0.0000E+00
  1065     5.7544E-05  5.4954E-05     4.6053E-02     0.0000E+00     0.0000E+00
  1066     5.4954E-05  5.2481E-05     4.6045E-02     0.0000E+00     0.0000E+00
  1067     5.2481E-05  5.0119E-05     4.6051E-02     0.0000E+00     0.0000E+00
  1068     5.0119E-05  4.7863E-05     4.6057E-02     0.0000E+00     0.0000E+00
  1069     4.7863E-05  4.5709E-05     4.6048E-02     0.0000E+00     0.0000E+00
  1070     4.5709E-05  4.3652E-05     4.6046E-02     0.0000E+00     0.0000E+00
  1071     4.3652E-05  4.1687E-05     4.6060E-02     0.0000E+00     0.0000E+00
  1072     4.1687E-05  3.9811E-05     4.6046E-02     0.0000E+00     0.0000E+00
  1073     3.9811E-05  3.8019E-05     4.6057E-02     0.0000E+00     0.0000E+00
  1074     3.8019E-05  3.6308E-05     4.6048E-02     0.0000E+00     0.0000E+00
  1075     3.6308E-05  3.4674E-05     4.6048E-02     0.0000E+00     0.0000E+00
  1076     3.4674E-05  3.3113E-05     4.6064E-02     0.0000E+00     0.0000E+00
  1077     3.3113E-05  3.1623E-05     4.6041E-02     0.0000E+00     0.0000E+00
  1078     3.1623E-05  3.0200E-05     4.6043E-02     0.0000E+00     0.0000E+00
  1079     3.0200E-05  2.8840E-05     4.6079E-02     0.0000E+00     0.0000E+00
  1080     2.8840E-05  2.7542E-05     4.6051E-02     0.0000E+00     0.0000E+00
  1081     2.7542E-05  2.6303E-05     4.6029E-02     0.0000E+00     0.0000E+00
  1082     2.6303E-05  2.5119E-05     4.6058E-02     0.0000E+00     0.0000E+00
  1083     2.5119E-05  2.3988E-05     4.6071E-02     0.0000E+00     0.0000E+00
  1084     2.3988E-05  2.2909E-05     4.6024E-02     0.0000E+00     0.0000E+00
  1085     2.2909E-05  2.1878E-05     4.6048E-02     0.0000E+00     0.0000E+00
  1086     2.1878E-05  2.0893E-05     4.6067E-02     0.0000E+00     0.0000E+00
  1087     2.0893E-05  1.9953E-05     4.6035E-02     0.0000E+00     0.0000E+00
  1088     1.9953E-05  1.9055E-05     4.6050E-02     0.0000E+00     0.0000E+00
  1089     1.9055E-05  1.8197E-05     4.6073E-02     0.0000E+00     0.0000E+00
  1090     1.8197E-05  1.7378E-05     4.6052E-02     0.0000E+00     0.0000E+00
  1091     1.7378E-05  1.6596E-05     4.6043E-02     0.0000E+00     0.0000E+00
  1092     1.6596E-05  1.5849E-05     4.6055E-02     0.0000E+00     0.0000E+00
  1093     1.5849E-05  1.5136E-05     4.6030E-02     0.0000E+00     0.0000E+00
  1094     1.5136E-05  1.4454E-05     4.6105E-02     0.0000E+00     0.0000E+00
  1095     1.4454E-05  1.3804E-05     4.6013E-02     0.0000E+00     0.0000E+00
  1096     1.3804E-05  1.3183E-05     4.6030E-02     0.0000E+00     0.0000E+00
  1097     1.3183E-05  1.2589E-05     4.6105E-02     0.0000E+00     0.0000E+00
  1098     1.2589E-05  1.2023E-05     4.6002E-02     0.0000E+00     0.0000E+00
  1099     1.2023E-05  1.1482E-05     4.6041E-02     0.0000E+00     0.0000E+00
  1100     1.1482E-05  1.0965E-05     4.6072E-02     0.0000E+00     0.0000E+00
  1101     1.0965E-05  1.0471E-05     4.6099E-02     0.0000E+00     0.0000E+00
  1102     1.0471E-05  1.0001E-03    -4.5592E+00     0.0000E+00     0.0000E+00
  TOTAL                                              1.0054E-01
