  GROUP      UPPER       LOWER         LETHARGY         DATA        DATA/LETHARGY

     1     1.0000E+09  9.5499E+08     4.6054E-02     0.0000E+00     0.0000E+00
     2     9.5499E+08  9.1201E+08     4.6050E-02     0.0000E+00     0.0000E+00
     3     9.1201E+08  8.7096E+08     4.6055E-02     0.0000E+00     0.0000E+00
     4     8.7096E+08  8.3176E+08     4.6052E-02     0.0000E+00     0.0000E+00
     5     8.3176E+08  7.9433E+08     4.6045E-02     0.0000E+00     0.0000E+00
     6     7.9433E+08  7.5858E+08     4.6051E-02     0.0000E+00     0.0000E+00
     7     7.5858E+08  7.2444E+08     4.6049E-02     0.0000E+00     0.0000E+00
     8     7.2444E+08  6.9183E+08     4.6059E-02     0.0000E+00     0.0000E+00
     9     6.9183E+08  6.6069E+08     4.6056E-02     0.0000E+00     0.0000E+00
    10     6.6069E+08  6.3096E+08     4.6042E-02     0.0000E+00     0.0000E+00
    11     6.3096E+08  6.0256E+08     4.6055E-02     0.0000E+00     0.0000E+00
    12     6.0256E+08  5.7544E+08     4.6052E-02     0.0000E+00     0.0000E+00
    13     5.7544E+08  5.4954E+08     4.6053E-02     0.0000E+00     0.0000E+00
    14     5.4954E+08  5.2481E+08     4.6045E-02     0.0000E+00     0.0000E+00
    15     5.2481E+08  5.0119E+08     4.6051E-02     0.0000E+00     0.0000E+00
    16     5.0119E+08  4.7863E+08     4.6057E-02     0.0000E+00     0.0000E+00
    17     4.7863E+08  4.5709E+08     4.6048E-02     0.0000E+00     0.0000E+00
    18     4.5709E+08  4.3652E+08     4.6046E-02     0.0000E+00     0.0000E+00
    19     4.3652E+08  4.1687E+08     4.6060E-02     0.0000E+00     0.0000E+00
    20     4.1687E+08  3.9811E+08     4.6046E-02     0.0000E+00     0.0000E+00
    21     3.9811E+08  3.8019E+08     4.6057E-02     0.0000E+00     0.0000E+00
    22     3.8019E+08  3.6308E+08     4.6048E-02     0.0000E+00     0.0000E+00
    23     3.6308E+08  3.4674E+08     4.6048E-02     0.0000E+00     0.0000E+00
    24     3.4674E+08  3.3113E+08     4.6064E-02     0.0000E+00     0.0000E+00
    25     3.3113E+08  3.1623E+08     4.6041E-02     0.0000E+00     0.0000E+00
    26     3.1623E+08  3.0200E+08     4.6043E-02     0.0000E+00     0.0000E+00
    27     3.0200E+08  2.8840E+08     4.6079E-02     0.0000E+00     0.0000E+00
    28     2.8840E+08  2.7542E+08     4.6051E-02     0.0000E+00     0.0000E+00
    29     2.7542E+08  2.6303E+08     4.6029E-02     0.0000E+00     0.0000E+00
    30     2.6303E+08  2.5119E+08     4.6058E-02     0.0000E+00     0.0000E+00
    31     2.5119E+08  2.3988E+08     4.6071E-02     0.0000E+00     0.0000E+00
    32     2.3988E+08  2.2909E+08     4.6024E-02     0.0000E+00     0.0000E+00
    33     2.2909E+08  2.1878E+08     4.6048E-02     0.0000E+00     0.0000E+00
    34     2.1878E+08  2.0893E+08     4.6067E-02     0.0000E+00     0.0000E+00
    35     2.0893E+08  1.9953E+08     4.6035E-02     0.0000E+00     0.0000E+00
    36     1.9953E+08  1.9055E+08     4.6050E-02     0.0000E+00     0.0000E+00
    37     1.9055E+08  1.8197E+08     4.6073E-02     0.0000E+00     0.0000E+00
    38     1.8197E+08  1.7378E+08     4.6052E-02     0.0000E+00     0.0000E+00
    39     1.7378E+08  1.6596E+08     4.6043E-02     0.0000E+00     0.0000E+00
    40     1.6596E+08  1.5849E+08     4.6055E-02     0.0000E+00     0.0000E+00
    41     1.5849E+08  1.5136E+08     4.6030E-02     0.0000E+00     0.0000E+00
    42     1.5136E+08  1.4454E+08     4.6105E-02     0.0000E+00     0.0000E+00
    43     1.4454E+08  1.3804E+08     4.6013E-02     0.0000E+00     0.0000E+00
    44     1.3804E+08  1.3183E+08     4.6030E-02     0.0000E+00     0.0000E+00
    45     1.3183E+08  1.2589E+08     4.6105E-02     0.0000E+00     0.0000E+00
    46     1.2589E+08  1.2023E+08     4.6002E-02     0.0000E+00     0.0000E+00
    47     1.2023E+08  1.1482E+08     4.6041E-02     0.0000E+00     0.0000E+00
    48     1.1482E+08  1.0965E+08     4.6072E-02     0.0000E+00     0.0000E+00
    49     1.0965E+08  1.0471E+08     4.6099E-02     0.0000E+00     0.0000E+00
    50     1.0471E+08  1.0000E+08     4.6024E-02     0.0000E+00     0.0000E+00
    51     1.0000E+08  9.5499E+07     4.6054E-02     0.0000E+00     0.0000E+00
    52     9.5499E+07  9.1201E+07     4.6050E-02     0.0000E+00     0.0000E+00
    53     9.1201E+07  8.7096E+07     4.6055E-02     0.0000E+00     0.0000E+00
    54     8.7096E+07  8.3176E+07     4.6052E-02     0.0000E+00     0.0000E+00
    55     8.3176E+07  7.9433E+07     4.6045E-02     0.0000E+00     0.0000E+00
    56     7.9433E+07  7.5858E+07     4.6051E-02     0.0000E+00     0.0000E+00
    57     7.5858E+07  7.2444E+07     4.6049E-02     0.0000E+00     0.0000E+00
    58     7.2444E+07  6.9183E+07     4.6059E-02     0.0000E+00     0.0000E+00
    59     6.9183E+07  6.6069E+07     4.6056E-02     0.0000E+00     0.0000E+00
    60     6.6069E+07  6.3096E+07     4.6042E-02     0.0000E+00     0.0000E+00
    61     6.3096E+07  6.0256E+07     4.6055E-02     0.0000E+00     0.0000E+00
    62     6.0256E+07  5.7544E+07     4.6052E-02     0.0000E+00     0.0000E+00
    63     5.7544E+07  5.4954E+07     4.6053E-02     0.0000E+00     0.0000E+00
    64     5.4954E+07  5.2481E+07     4.6045E-02     0.0000E+00     0.0000E+00
    65     5.2481E+07  5.0119E+07     4.6051E-02     0.0000E+00     0.0000E+00
    66     5.0119E+07  4.7863E+07     4.6057E-02     0.0000E+00     0.0000E+00
    67     4.7863E+07  4.5709E+07     4.6048E-02     0.0000E+00     0.0000E+00
    68     4.5709E+07  4.3652E+07     4.6046E-02     0.0000E+00     0.0000E+00
    69     4.3652E+07  4.1687E+07     4.6060E-02     0.0000E+00     0.0000E+00
    70     4.1687E+07  3.9811E+07     4.6046E-02     0.0000E+00     0.0000E+00
    71     3.9811E+07  3.8019E+07     4.6057E-02     0.0000E+00     0.0000E+00
    72     3.8019E+07  3.6308E+07     4.6048E-02     0.0000E+00     0.0000E+00
    73     3.6308E+07  3.4674E+07     4.6048E-02     0.0000E+00     0.0000E+00
    74     3.4674E+07  3.3113E+07     4.6064E-02     0.0000E+00     0.0000E+00
    75     3.3113E+07  3.1623E+07     4.6041E-02     0.0000E+00     0.0000E+00
    76     3.1623E+07  3.0200E+07     4.6043E-02     0.0000E+00     0.0000E+00
    77     3.0200E+07  3.0000E+07     6.6445E-03     0.0000E+00     0.0000E+00
    78     3.0000E+07  2.9800E+07     6.6890E-03     0.0000E+00     0.0000E+00
    79     2.9800E+07  2.9600E+07     6.7340E-03     0.0000E+00     0.0000E+00
    80     2.9600E+07  2.9400E+07     6.7797E-03     0.0000E+00     0.0000E+00
    81     2.9400E+07  2.9200E+07     6.8260E-03     0.0000E+00     0.0000E+00
    82     2.9200E+07  2.9000E+07     6.8729E-03     0.0000E+00     0.0000E+00
    83     2.9000E+07  2.8800E+07     6.9204E-03     0.0000E+00     0.0000E+00
    84     2.8800E+07  2.8600E+07     6.9687E-03     0.0000E+00     0.0000E+00
    85     2.8600E+07  2.8400E+07     7.0176E-03     0.0000E+00     0.0000E+00
    86     2.8400E+07  2.8200E+07     7.0672E-03     0.0000E+00     0.0000E+00
    87     2.8200E+07  2.8000E+07     7.1175E-03     0.0000E+00     0.0000E+00
    88     2.8000E+07  2.7800E+07     7.1685E-03     0.0000E+00     0.0000E+00
    89     2.7800E+07  2.7600E+07     7.2202E-03     0.0000E+00     0.0000E+00
    90     2.7600E+07  2.7400E+07     7.2728E-03     0.0000E+00     0.0000E+00
    91     2.7400E+07  2.7200E+07     7.3260E-03     0.0000E+00     0.0000E+00
    92     2.7200E+07  2.7000E+07     7.3801E-03     0.0000E+00     0.0000E+00
    93     2.7000E+07  2.6800E+07     7.4350E-03     0.0000E+00     0.0000E+00
    94     2.6800E+07  2.6600E+07     7.4907E-03     0.0000E+00     0.0000E+00
    95     2.6600E+07  2.6400E+07     7.5472E-03     0.0000E+00     0.0000E+00
    96     2.6400E+07  2.6200E+07     7.6046E-03     0.0000E+00     0.0000E+00
    97     2.6200E+07  2.6000E+07     7.6629E-03     0.0000E+00     0.0000E+00
    98     2.6000E+07  2.5800E+07     7.7220E-03     0.0000E+00     0.0000E+00
    99     2.5800E+07  2.5600E+07     7.7821E-03     0.0000E+00     0.0000E+00
   100     2.5600E+07  2.5400E+07     7.8432E-03     0.0000E+00     0.0000E+00
   101     2.5400E+07  2.5200E+07     7.9052E-03     0.0000E+00     0.0000E+00
   102     2.5200E+07  2.5000E+07     7.9682E-03     0.0000E+00     0.0000E+00
   103     2.5000E+07  2.4800E+07     8.0322E-03     0.0000E+00     0.0000E+00
   104     2.4800E+07  2.4600E+07     8.0972E-03     0.0000E+00     0.0000E+00
   105     2.4600E+07  2.4400E+07     8.1633E-03     0.0000E+00     0.0000E+00
   106     2.4400E+07  2.4200E+07     8.2305E-03     0.0000E+00     0.0000E+00
   107     2.4200E+07  2.4000E+07     8.2988E-03     0.0000E+00     0.0000E+00
   108     2.4000E+07  2.3800E+07     8.3682E-03     0.0000E+00     0.0000E+00
   109     2.3800E+07  2.3600E+07     8.4389E-03     0.0000E+00     0.0000E+00
   110     2.3600E+07  2.3400E+07     8.5107E-03     0.0000E+00     0.0000E+00
   111     2.3400E+07  2.3200E+07     8.5837E-03     0.0000E+00     0.0000E+00
   112     2.3200E+07  2.3000E+07     8.6581E-03     0.0000E+00     0.0000E+00
   113     2.3000E+07  2.2800E+07     8.7337E-03     0.0000E+00     0.0000E+00
   114     2.2800E+07  2.2600E+07     8.8106E-03     0.0000E+00     0.0000E+00
   115     2.2600E+07  2.2400E+07     8.8889E-03     0.0000E+00     0.0000E+00
   116     2.2400E+07  2.2200E+07     8.9687E-03     0.0000E+00     0.0000E+00
   117     2.2200E+07  2.2000E+07     9.0498E-03     0.0000E+00     0.0000E+00
   118     2.2000E+07  2.1800E+07     9.1325E-03     0.0000E+00     0.0000E+00
   119     2.1800E+07  2.1600E+07     9.2167E-03     0.0000E+00     0.0000E+00
   120     2.1600E+07  2.1400E+07     9.3024E-03     0.0000E+00     0.0000E+00
   121     2.1400E+07  2.1200E+07     9.3897E-03     0.0000E+00     0.0000E+00
   122     2.1200E+07  2.1000E+07     9.4787E-03     0.0000E+00     0.0000E+00
   123     2.1000E+07  2.0800E+07     9.5695E-03     0.0000E+00     0.0000E+00
   124     2.0800E+07  2.0600E+07     9.6619E-03     0.0000E+00     0.0000E+00
   125     2.0600E+07  2.0400E+07     9.7562E-03     0.0000E+00     0.0000E+00
   126     2.0400E+07  2.0200E+07     9.8523E-03     0.0000E+00     0.0000E+00
   127     2.0200E+07  2.0000E+07     9.9503E-03     0.0000E+00     0.0000E+00
   128     2.0000E+07  1.9800E+07     1.0050E-02     2.5769E-08     2.5640E-06
   129     1.9800E+07  1.9600E+07     1.0152E-02     2.6030E-08     2.5639E-06
   130     1.9600E+07  1.9400E+07     1.0257E-02     2.6297E-08     2.5639E-06
   131     1.9400E+07  1.9200E+07     1.0363E-02     2.6570E-08     2.5640E-06
   132     1.9200E+07  1.9000E+07     1.0471E-02     2.6848E-08     2.5640E-06
   133     1.9000E+07  1.8800E+07     1.0582E-02     2.7132E-08     2.5640E-06
   134     1.8800E+07  1.8600E+07     1.0695E-02     2.7422E-08     2.5639E-06
   135     1.8600E+07  1.8400E+07     1.0811E-02     2.7719E-08     2.5640E-06
   136     1.8400E+07  1.8200E+07     1.0929E-02     2.8022E-08     2.5640E-06
   137     1.8200E+07  1.8000E+07     1.1050E-02     2.8331E-08     2.5639E-06
   138     1.8000E+07  1.7800E+07     1.1173E-02     2.8648E-08     2.5640E-06
   139     1.7800E+07  1.7600E+07     1.1300E-02     2.8971E-08     2.5639E-06
   140     1.7600E+07  1.7400E+07     1.1429E-02     2.9303E-08     2.5640E-06
   141     1.7400E+07  1.7200E+07     1.1561E-02     5.2671E-08     4.5560E-06
   142     1.7200E+07  1.7000E+07     1.1696E-02     6.5220E-08     5.5762E-06
   143     1.7000E+07  1.6800E+07     1.1834E-02     7.7261E-08     6.5285E-06
   144     1.6800E+07  1.6600E+07     1.1976E-02     8.8444E-08     7.3850E-06
   145     1.6600E+07  1.6400E+07     1.2121E-02     1.0827E-07     8.9322E-06
   146     1.6400E+07  1.6200E+07     1.2270E-02     1.3410E-07     1.0929E-05
   147     1.6200E+07  1.6000E+07     1.2423E-02     1.3577E-07     1.0929E-05
   148     1.6000E+07  1.5800E+07     1.2579E-02     1.3748E-07     1.0930E-05
   149     1.5800E+07  1.5600E+07     1.2739E-02     1.7506E-07     1.3742E-05
   150     1.5600E+07  1.5400E+07     1.2903E-02     2.2817E-07     1.7683E-05
   151     1.5400E+07  1.5200E+07     1.3072E-02     2.3115E-07     1.7683E-05
   152     1.5200E+07  1.5000E+07     1.3245E-02     2.3421E-07     1.7683E-05
   153     1.5000E+07  1.4800E+07     1.3423E-02     2.9577E-07     2.2035E-05
   154     1.4800E+07  1.4600E+07     1.3606E-02     3.4066E-07     2.5038E-05
   155     1.4600E+07  1.4400E+07     1.3793E-02     4.1889E-07     3.0369E-05
   156     1.4400E+07  1.4200E+07     1.3986E-02     4.4943E-07     3.2134E-05
   157     1.4200E+07  1.4000E+07     1.4185E-02     5.6954E-07     4.0152E-05
   158     1.4000E+07  1.3800E+07     1.4389E-02     6.1120E-07     4.2478E-05
   159     1.3800E+07  1.3600E+07     1.4599E-02     7.3324E-07     5.0226E-05
   160     1.3600E+07  1.3400E+07     1.4815E-02     8.8120E-07     5.9480E-05
   161     1.3400E+07  1.3200E+07     1.5038E-02     1.0354E-06     6.8853E-05
   162     1.3200E+07  1.3000E+07     1.5267E-02     1.0512E-06     6.8852E-05
   163     1.3000E+07  1.2800E+07     1.5504E-02     1.1453E-06     7.3870E-05
   164     1.2800E+07  1.2600E+07     1.5748E-02     1.4773E-06     9.3807E-05
   165     1.2600E+07  1.2400E+07     1.6000E-02     1.7085E-06     1.0678E-04
   166     1.2400E+07  1.2200E+07     1.6261E-02     1.9050E-06     1.1715E-04
   167     1.2200E+07  1.2000E+07     1.6529E-02     2.4424E-06     1.4776E-04
   168     1.2000E+07  1.1800E+07     1.6807E-02     2.4834E-06     1.4776E-04
   169     1.1800E+07  1.1600E+07     1.7094E-02     2.6212E-06     1.5334E-04
   170     1.1600E+07  1.1400E+07     1.7392E-02     3.6389E-06     2.0923E-04
   171     1.1400E+07  1.1200E+07     1.7700E-02     3.7033E-06     2.0923E-04
   172     1.1200E+07  1.1000E+07     1.8019E-02     4.2991E-06     2.3859E-04
   173     1.1000E+07  1.0800E+07     1.8349E-02     5.8976E-06     3.2141E-04
   174     1.0800E+07  1.0600E+07     1.8692E-02     6.0078E-06     3.2141E-04
   175     1.0600E+07  1.0400E+07     1.9048E-02     7.1787E-06     3.7687E-04
   176     1.0400E+07  1.0200E+07     1.9418E-02     8.1395E-06     4.1917E-04
   177     1.0200E+07  1.0000E+07     1.9803E-02     8.3007E-06     4.1917E-04
   178     1.0000E+07  9.8000E+06     2.0203E-02     1.1693E-05     5.7878E-04
   179     9.8000E+06  9.6000E+06     2.0619E-02     1.1935E-05     5.7883E-04
   180     9.6000E+06  9.4000E+06     2.1053E-02     1.4754E-05     7.0079E-04
   181     9.4000E+06  9.2000E+06     2.1506E-02     1.7098E-05     7.9503E-04
   182     9.2000E+06  9.0000E+06     2.1979E-02     1.8628E-05     8.4754E-04
   183     9.0000E+06  8.8000E+06     2.2473E-02     2.2702E-05     1.0102E-03
   184     8.8000E+06  8.6000E+06     2.2990E-02     2.3439E-05     1.0196E-03
   185     8.6000E+06  8.4000E+06     2.3530E-02     2.9915E-05     1.2713E-03
   186     8.4000E+06  8.2000E+06     2.4098E-02     3.0636E-05     1.2713E-03
   187     8.2000E+06  8.0000E+06     2.4693E-02     4.0619E-05     1.6450E-03
   188     8.0000E+06  7.8000E+06     2.5318E-02     4.2281E-05     1.6700E-03
   189     7.8000E+06  7.6000E+06     2.5975E-02     5.3352E-05     2.0539E-03
   190     7.6000E+06  7.4000E+06     2.6668E-02     5.5896E-05     2.0960E-03
   191     7.4000E+06  7.2000E+06     2.7399E-02     6.8717E-05     2.5080E-03
   192     7.2000E+06  7.0000E+06     2.8171E-02     7.5393E-05     2.6763E-03
   193     7.0000E+06  6.8000E+06     2.8988E-02     9.3277E-05     3.2178E-03
   194     6.8000E+06  6.6000E+06     2.9853E-02     1.0352E-04     3.4677E-03
   195     6.6000E+06  6.4000E+06     3.0772E-02     1.2690E-04     4.1239E-03
   196     6.4000E+06  6.2000E+06     3.1749E-02     1.4758E-04     4.6484E-03
   197     6.2000E+06  6.0000E+06     3.2790E-02     1.5920E-04     4.8552E-03
   198     6.0000E+06  5.8000E+06     3.3902E-02     1.7419E-04     5.1381E-03
   199     5.8000E+06  5.6000E+06     3.5091E-02     1.9866E-04     5.6612E-03
   200     5.6000E+06  5.4000E+06     3.6368E-02     2.3044E-04     6.3364E-03
   201     5.4000E+06  5.2000E+06     3.7740E-02     2.6865E-04     7.1184E-03
   202     5.2000E+06  5.0000E+06     3.9221E-02     2.9769E-04     7.5901E-03
   203     5.0000E+06  4.7863E+06     4.3680E-02     3.7130E-04     8.5004E-03
   204     4.7863E+06  4.5709E+06     4.6048E-02     4.1209E-04     8.9492E-03
   205     4.5709E+06  4.3652E+06     4.6046E-02     4.4959E-04     9.7639E-03
   206     4.3652E+06  4.1687E+06     4.6060E-02     4.6888E-04     1.0180E-02
   207     4.1687E+06  3.9811E+06     4.6046E-02     4.7905E-04     1.0404E-02
   208     3.9811E+06  3.8019E+06     4.6057E-02     4.9143E-04     1.0670E-02
   209     3.8019E+06  3.6308E+06     4.6048E-02     5.0420E-04     1.0949E-02
   210     3.6308E+06  3.4674E+06     4.6048E-02     5.3643E-04     1.1649E-02
   211     3.4674E+06  3.3113E+06     4.6064E-02     5.4762E-04     1.1888E-02
   212     3.3113E+06  3.1623E+06     4.6041E-02     6.3638E-04     1.3822E-02
   213     3.1623E+06  3.0200E+06     4.6043E-02     7.5455E-04     1.6388E-02
   214     3.0200E+06  2.8840E+06     4.6079E-02     7.5776E-04     1.6445E-02
   215     2.8840E+06  2.7542E+06     4.6051E-02     8.0448E-04     1.7469E-02
   216     2.7542E+06  2.6303E+06     4.6029E-02     8.6986E-04     1.8898E-02
   217     2.6303E+06  2.5119E+06     4.6058E-02     8.8749E-04     1.9269E-02
   218     2.5119E+06  2.3988E+06     4.6071E-02     9.0741E-04     1.9696E-02
   219     2.3988E+06  2.2909E+06     4.6024E-02     9.7705E-04     2.1229E-02
   220     2.2909E+06  2.1878E+06     4.6048E-02     8.6505E-04     1.8786E-02
   221     2.1878E+06  2.0893E+06     4.6067E-02     8.1757E-04     1.7747E-02
   222     2.0893E+06  1.9953E+06     4.6035E-02     7.8932E-04     1.7146E-02
   223     1.9953E+06  1.9055E+06     4.6050E-02     7.6218E-04     1.6551E-02
   224     1.9055E+06  1.8197E+06     4.6073E-02     7.4101E-04     1.6083E-02
   225     1.8197E+06  1.7378E+06     4.6052E-02     8.6525E-04     1.8789E-02
   226     1.7378E+06  1.6596E+06     4.6043E-02     8.3180E-04     1.8066E-02
   227     1.6596E+06  1.5849E+06     4.6055E-02     7.9753E-04     1.7317E-02
   228     1.5849E+06  1.5136E+06     4.6030E-02     8.2809E-04     1.7990E-02
   229     1.5136E+06  1.4454E+06     4.6105E-02     8.6170E-04     1.8690E-02
   230     1.4454E+06  1.3804E+06     4.6013E-02     8.5209E-04     1.8519E-02
   231     1.3804E+06  1.3183E+06     4.6030E-02     7.5752E-04     1.6457E-02
   232     1.3183E+06  1.2589E+06     4.6105E-02     7.7933E-04     1.6903E-02
   233     1.2589E+06  1.2023E+06     4.6002E-02     8.6498E-04     1.8803E-02
   234     1.2023E+06  1.1482E+06     4.6041E-02     8.4054E-04     1.8256E-02
   235     1.1482E+06  1.0965E+06     4.6072E-02     7.6066E-04     1.6510E-02
   236     1.0965E+06  1.0471E+06     4.6099E-02     6.4233E-04     1.3934E-02
   237     1.0471E+06  1.0000E+06     4.6024E-02     6.4129E-04     1.3934E-02
   238     1.0000E+06  9.5499E+05     4.6054E-02     6.3635E-04     1.3817E-02
   239     9.5499E+05  9.1201E+05     4.6050E-02     7.3482E-04     1.5957E-02
   240     9.1201E+05  8.7096E+05     4.6055E-02     8.1144E-04     1.7619E-02
   241     8.7096E+05  8.3176E+05     4.6052E-02     9.1935E-04     1.9963E-02
   242     8.3176E+05  7.9433E+05     4.6045E-02     1.0142E-03     2.2026E-02
   243     7.9433E+05  7.5858E+05     4.6051E-02     1.0045E-03     2.1813E-02
   244     7.5858E+05  7.2444E+05     4.6049E-02     9.4183E-04     2.0453E-02
   245     7.2444E+05  6.9183E+05     4.6059E-02     8.9283E-04     1.9385E-02
   246     6.9183E+05  6.6069E+05     4.6056E-02     8.6492E-04     1.8780E-02
   247     6.6069E+05  6.3096E+05     4.6042E-02     8.4119E-04     1.8270E-02
   248     6.3096E+05  6.0256E+05     4.6055E-02     8.1781E-04     1.7757E-02
   249     6.0256E+05  5.7544E+05     4.6052E-02     7.9441E-04     1.7250E-02
   250     5.7544E+05  5.4954E+05     4.6053E-02     7.7046E-04     1.6730E-02
   251     5.4954E+05  5.2481E+05     4.6045E-02     7.4589E-04     1.6199E-02
   252     5.2481E+05  5.0119E+05     4.6051E-02     7.2017E-04     1.5639E-02
   253     5.0119E+05  4.7863E+05     4.6057E-02     6.1131E-04     1.3273E-02
   254     4.7863E+05  4.5709E+05     4.6048E-02     5.9307E-04     1.2880E-02
   255     4.5709E+05  4.3652E+05     4.6046E-02     4.9695E-04     1.0792E-02
   256     4.3652E+05  4.1687E+05     4.6060E-02     4.5272E-04     9.8290E-03
   257     4.1687E+05  3.9811E+05     4.6046E-02     4.9671E-04     1.0787E-02
   258     3.9811E+05  3.8019E+05     4.6057E-02     5.3874E-04     1.1697E-02
   259     3.8019E+05  3.6308E+05     4.6048E-02     5.6409E-04     1.2250E-02
   260     3.6308E+05  3.4674E+05     4.6048E-02     6.1334E-04     1.3320E-02
   261     3.4674E+05  3.3113E+05     4.6064E-02     6.1496E-04     1.3350E-02
   262     3.3113E+05  3.1623E+05     4.6041E-02     6.2153E-04     1.3499E-02
   263     3.1623E+05  3.0200E+05     4.6043E-02     6.2155E-04     1.3499E-02
   264     3.0200E+05  2.8840E+05     4.6079E-02     5.8019E-04     1.2591E-02
   265     2.8840E+05  2.7542E+05     4.6051E-02     5.6356E-04     1.2238E-02
   266     2.7542E+05  2.6303E+05     4.6029E-02     5.3696E-04     1.1666E-02
   267     2.6303E+05  2.5119E+05     4.6058E-02     5.3202E-04     1.1551E-02
   268     2.5119E+05  2.3988E+05     4.6071E-02     5.1286E-04     1.1132E-02
   269     2.3988E+05  2.2909E+05     4.6024E-02     4.9418E-04     1.0737E-02
   270     2.2909E+05  2.1878E+05     4.6048E-02     4.8229E-04     1.0474E-02
   271     2.1878E+05  2.0893E+05     4.6067E-02     4.7059E-04     1.0215E-02
   272     2.0893E+05  1.9953E+05     4.6035E-02     4.5791E-04     9.9471E-03
   273     1.9953E+05  1.9055E+05     4.6050E-02     4.4577E-04     9.6801E-03
   274     1.9055E+05  1.8197E+05     4.6073E-02     4.3400E-04     9.4199E-03
   275     1.8197E+05  1.7378E+05     4.6052E-02     4.2347E-04     9.1955E-03
   276     1.7378E+05  1.6596E+05     4.6043E-02     4.1326E-04     8.9755E-03
   277     1.6596E+05  1.5849E+05     4.6055E-02     4.0400E-04     8.7721E-03
   278     1.5849E+05  1.5136E+05     4.6030E-02     3.9548E-04     8.5917E-03
   279     1.5136E+05  1.4454E+05     4.6105E-02     3.8720E-04     8.3983E-03
   280     1.4454E+05  1.3804E+05     4.6013E-02     3.7767E-04     8.2079E-03
   281     1.3804E+05  1.3183E+05     4.6030E-02     3.6937E-04     8.0245E-03
   282     1.3183E+05  1.2589E+05     4.6105E-02     3.6185E-04     7.8484E-03
   283     1.2589E+05  1.2023E+05     4.6002E-02     3.5341E-04     7.6825E-03
   284     1.2023E+05  1.1482E+05     4.6041E-02     3.4657E-04     7.5274E-03
   285     1.1482E+05  1.0965E+05     4.6072E-02     3.3919E-04     7.3621E-03
   286     1.0965E+05  1.0471E+05     4.6099E-02     3.3211E-04     7.2043E-03
   287     1.0471E+05  1.0000E+05     4.6024E-02     3.3157E-04     7.2042E-03
   288     1.0000E+05  9.5499E+04     4.6054E-02     3.2254E-04     7.0035E-03
   289     9.5499E+04  9.1201E+04     4.6050E-02     3.1552E-04     6.8517E-03
   290     9.1201E+04  8.7096E+04     4.6055E-02     3.1556E-04     6.8518E-03
   291     8.7096E+04  8.3176E+04     4.6052E-02     3.0708E-04     6.6681E-03
   292     8.3176E+04  7.9433E+04     4.6045E-02     2.9825E-04     6.4774E-03
   293     7.9433E+04  7.5858E+04     4.6051E-02     2.9538E-04     6.4142E-03
   294     7.5858E+04  7.2444E+04     4.6049E-02     2.9538E-04     6.4144E-03
   295     7.2444E+04  6.9183E+04     4.6059E-02     2.8395E-04     6.1650E-03
   296     6.9183E+04  6.6069E+04     4.6056E-02     2.8046E-04     6.0896E-03
   297     6.6069E+04  6.3096E+04     4.6042E-02     2.7810E-04     6.0401E-03
   298     6.3096E+04  6.0256E+04     4.6055E-02     2.7818E-04     6.0401E-03
   299     6.0256E+04  5.7544E+04     4.6052E-02     2.7816E-04     6.0401E-03
   300     5.7544E+04  5.4954E+04     4.6053E-02     2.7013E-04     5.8656E-03
   301     5.4954E+04  5.2481E+04     4.6045E-02     2.6528E-04     5.7613E-03
   302     5.2481E+04  5.0119E+04     4.6051E-02     2.5787E-04     5.5997E-03
   303     5.0119E+04  4.7863E+04     4.6057E-02     2.5788E-04     5.5991E-03
   304     4.7863E+04  4.5709E+04     4.6048E-02     2.5414E-04     5.5191E-03
   305     4.5709E+04  4.3652E+04     4.6046E-02     2.4480E-04     5.3164E-03
   306     4.3652E+04  4.1687E+04     4.6060E-02     2.4488E-04     5.3166E-03
   307     4.1687E+04  3.9811E+04     4.6046E-02     2.4515E-04     5.3240E-03
   308     3.9811E+04  3.8019E+04     4.6057E-02     2.4547E-04     5.3297E-03
   309     3.8019E+04  3.6308E+04     4.6048E-02     2.4543E-04     5.3299E-03
   310     3.6308E+04  3.4674E+04     4.6048E-02     2.4543E-04     5.3299E-03
   311     3.4674E+04  3.3113E+04     4.6064E-02     2.3907E-04     5.1899E-03
   312     3.3113E+04  3.1623E+04     4.6041E-02     2.3642E-04     5.1350E-03
   313     3.1623E+04  3.0200E+04     4.6043E-02     2.3278E-04     5.0557E-03
   314     3.0200E+04  2.8840E+04     4.6079E-02     2.3297E-04     5.0559E-03
   315     2.8840E+04  2.7542E+04     4.6051E-02     2.2958E-04     4.9853E-03
   316     2.7542E+04  2.6303E+04     4.6029E-02     2.2748E-04     4.9421E-03
   317     2.6303E+04  2.5119E+04     4.6058E-02     2.2651E-04     4.9179E-03
   318     2.5119E+04  2.3988E+04     4.6071E-02     2.2328E-04     4.8465E-03
   319     2.3988E+04  2.2909E+04     4.6024E-02     2.2190E-04     4.8214E-03
   320     2.2909E+04  2.1878E+04     4.6048E-02     2.2296E-04     4.8419E-03
   321     2.1878E+04  2.0893E+04     4.6067E-02     2.1646E-04     4.6988E-03
   322     2.0893E+04  1.9953E+04     4.6035E-02     2.1629E-04     4.6984E-03
   323     1.9953E+04  1.9055E+04     4.6050E-02     2.1585E-04     4.6873E-03
   324     1.9055E+04  1.8197E+04     4.6073E-02     2.1466E-04     4.6591E-03
   325     1.8197E+04  1.7378E+04     4.6052E-02     2.1456E-04     4.6591E-03
   326     1.7378E+04  1.6596E+04     4.6043E-02     2.1452E-04     4.6591E-03
   327     1.6596E+04  1.5849E+04     4.6055E-02     2.1457E-04     4.6590E-03
   328     1.5849E+04  1.5136E+04     4.6030E-02     2.1446E-04     4.6591E-03
   329     1.5136E+04  1.4454E+04     4.6105E-02     2.0968E-04     4.5479E-03
   330     1.4454E+04  1.3804E+04     4.6013E-02     2.0838E-04     4.5287E-03
   331     1.3804E+04  1.3183E+04     4.6030E-02     2.0846E-04     4.5288E-03
   332     1.3183E+04  1.2589E+04     4.6105E-02     2.0880E-04     4.5288E-03
   333     1.2589E+04  1.2023E+04     4.6002E-02     2.0833E-04     4.5287E-03
   334     1.2023E+04  1.1482E+04     4.6041E-02     2.0736E-04     4.5038E-03
   335     1.1482E+04  1.0965E+04     4.6072E-02     2.0595E-04     4.4702E-03
   336     1.0965E+04  1.0471E+04     4.6099E-02     2.0515E-04     4.4502E-03
   337     1.0471E+04  1.0000E+04     4.6024E-02     2.0214E-04     4.3920E-03
   338     1.0000E+04  9.5499E+03     4.6054E-02     2.0227E-04     4.3920E-03
   339     9.5499E+03  9.1201E+03     4.6050E-02     2.0225E-04     4.3920E-03
   340     9.1201E+03  8.7096E+03     4.6055E-02     2.0069E-04     4.3576E-03
   341     8.7096E+03  8.3176E+03     4.6052E-02     2.0067E-04     4.3575E-03
   342     8.3176E+03  7.9433E+03     4.6045E-02     1.9957E-04     4.3342E-03
   343     7.9433E+03  7.5858E+03     4.6051E-02     1.9687E-04     4.2751E-03
   344     7.5858E+03  7.2444E+03     4.6049E-02     1.9687E-04     4.2752E-03
   345     7.2444E+03  6.9183E+03     4.6059E-02     1.9895E-04     4.3195E-03
   346     6.9183E+03  6.6069E+03     4.6056E-02     2.0049E-04     4.3532E-03
   347     6.6069E+03  6.3096E+03     4.6042E-02     2.0043E-04     4.3532E-03
   348     6.3096E+03  6.0256E+03     4.6055E-02     1.9589E-04     4.2534E-03
   349     6.0256E+03  5.7544E+03     4.6052E-02     1.9509E-04     4.2363E-03
   350     5.7544E+03  5.4954E+03     4.6053E-02     1.9519E-04     4.2383E-03
   351     5.4954E+03  5.2481E+03     4.6045E-02     1.9574E-04     4.2510E-03
   352     5.2481E+03  5.0119E+03     4.6051E-02     1.9576E-04     4.2509E-03
   353     5.0119E+03  4.7863E+03     4.6057E-02     1.9534E-04     4.2412E-03
   354     4.7863E+03  4.5709E+03     4.6048E-02     1.9470E-04     4.2282E-03
   355     4.5709E+03  4.3652E+03     4.6046E-02     1.9470E-04     4.2284E-03
   356     4.3652E+03  4.1687E+03     4.6060E-02     1.8569E-04     4.0315E-03
   357     4.1687E+03  3.9811E+03     4.6046E-02     1.8195E-04     3.9515E-03
   358     3.9811E+03  3.8019E+03     4.6057E-02     1.8199E-04     3.9514E-03
   359     3.8019E+03  3.6308E+03     4.6048E-02     2.0135E-04     4.3726E-03
   360     3.6308E+03  3.4674E+03     4.6048E-02     2.0142E-04     4.3741E-03
   361     3.4674E+03  3.3113E+03     4.6064E-02     1.9869E-04     4.3133E-03
   362     3.3113E+03  3.1623E+03     4.6041E-02     1.9148E-04     4.1589E-03
   363     3.1623E+03  3.0200E+03     4.6043E-02     1.9149E-04     4.1590E-03
   364     3.0200E+03  2.8840E+03     4.6079E-02     1.8530E-04     4.0214E-03
   365     2.8840E+03  2.7542E+03     4.6051E-02     1.8037E-04     3.9167E-03
   366     2.7542E+03  2.6303E+03     4.6029E-02     1.8028E-04     3.9167E-03
   367     2.6303E+03  2.5119E+03     4.6058E-02     1.9464E-04     4.2259E-03
   368     2.5119E+03  2.3988E+03     4.6071E-02     1.9714E-04     4.2791E-03
   369     2.3988E+03  2.2909E+03     4.6024E-02     1.9574E-04     4.2530E-03
   370     2.2909E+03  2.1878E+03     4.6048E-02     1.8844E-04     4.0922E-03
   371     2.1878E+03  2.0893E+03     4.6067E-02     1.8852E-04     4.0923E-03
   372     2.0893E+03  1.9953E+03     4.6035E-02     1.8803E-04     4.0845E-03
   373     1.9953E+03  1.9055E+03     4.6050E-02     1.8761E-04     4.0741E-03
   374     1.9055E+03  1.8197E+03     4.6073E-02     1.8771E-04     4.0742E-03
   375     1.8197E+03  1.7378E+03     4.6052E-02     1.8608E-04     4.0407E-03
   376     1.7378E+03  1.6596E+03     4.6043E-02     1.8542E-04     4.0271E-03
   377     1.6596E+03  1.5849E+03     4.6055E-02     1.8546E-04     4.0269E-03
   378     1.5849E+03  1.5136E+03     4.6030E-02     1.8555E-04     4.0310E-03
   379     1.5136E+03  1.4454E+03     4.6105E-02     1.8585E-04     4.0310E-03
   380     1.4454E+03  1.3804E+03     4.6013E-02     1.8537E-04     4.0287E-03
   381     1.3804E+03  1.3183E+03     4.6030E-02     1.8517E-04     4.0228E-03
   382     1.3183E+03  1.2589E+03     4.6105E-02     1.8547E-04     4.0228E-03
   383     1.2589E+03  1.2023E+03     4.6002E-02     1.8401E-04     4.0000E-03
   384     1.2023E+03  1.1482E+03     4.6041E-02     1.8337E-04     3.9828E-03
   385     1.1482E+03  1.0965E+03     4.6072E-02     1.8349E-04     3.9827E-03
   386     1.0965E+03  1.0471E+03     4.6099E-02     1.8320E-04     3.9741E-03
   387     1.0471E+03  1.0000E+03     4.6024E-02     1.8284E-04     3.9727E-03
   388     1.0000E+03  9.5499E+02     4.6054E-02     1.8209E-04     3.9538E-03
   389     9.5499E+02  9.1201E+02     4.6050E-02     1.7666E-04     3.8363E-03
   390     9.1201E+02  8.7096E+02     4.6055E-02     1.7668E-04     3.8363E-03
   391     8.7096E+02  8.3176E+02     4.6052E-02     1.7997E-04     3.9080E-03
   392     8.3176E+02  7.9433E+02     4.6045E-02     1.8441E-04     4.0050E-03
   393     7.9433E+02  7.5858E+02     4.6051E-02     1.8443E-04     4.0049E-03
   394     7.5858E+02  7.2444E+02     4.6049E-02     1.7608E-04     3.8237E-03
   395     7.2444E+02  6.9183E+02     4.6059E-02     1.7270E-04     3.7496E-03
   396     6.9183E+02  6.6069E+02     4.6056E-02     1.7269E-04     3.7496E-03
   397     6.6069E+02  6.3096E+02     4.6042E-02     1.8382E-04     3.9924E-03
   398     6.3096E+02  6.0256E+02     4.6055E-02     1.8391E-04     3.9932E-03
   399     6.0256E+02  5.7544E+02     4.6052E-02     1.8107E-04     3.9318E-03
   400     5.7544E+02  5.4954E+02     4.6053E-02     1.7391E-04     3.7763E-03
   401     5.4954E+02  5.2481E+02     4.6045E-02     1.7388E-04     3.7763E-03
   402     5.2481E+02  5.0119E+02     4.6051E-02     1.7719E-04     3.8477E-03
   403     5.0119E+02  4.7863E+02     4.6057E-02     1.7970E-04     3.9017E-03
   404     4.7863E+02  4.5709E+02     4.6048E-02     1.7967E-04     3.9018E-03
   405     4.5709E+02  4.3652E+02     4.6046E-02     1.7549E-04     3.8112E-03
   406     4.3652E+02  4.1687E+02     4.6060E-02     1.7482E-04     3.7955E-03
   407     4.1687E+02  3.9811E+02     4.6046E-02     1.7498E-04     3.8001E-03
   408     3.9811E+02  3.8019E+02     4.6057E-02     1.7631E-04     3.8281E-03
   409     3.8019E+02  3.6308E+02     4.6048E-02     1.7628E-04     3.8282E-03
   410     3.6308E+02  3.4674E+02     4.6048E-02     1.7623E-04     3.8271E-03
   411     3.4674E+02  3.3113E+02     4.6064E-02     1.7621E-04     3.8253E-03
   412     3.3113E+02  3.1623E+02     4.6041E-02     1.7613E-04     3.8255E-03
   413     3.1623E+02  3.0200E+02     4.6043E-02     1.7012E-04     3.6948E-03
   414     3.0200E+02  2.8840E+02     4.6079E-02     1.6777E-04     3.6410E-03
   415     2.8840E+02  2.7542E+02     4.6051E-02     1.6767E-04     3.6409E-03
   416     2.7542E+02  2.6303E+02     4.6029E-02     1.7038E-04     3.7016E-03
   417     2.6303E+02  2.5119E+02     4.6058E-02     1.7049E-04     3.7016E-03
   418     2.5119E+02  2.3988E+02     4.6071E-02     1.6984E-04     3.6865E-03
   419     2.3988E+02  2.2909E+02     4.6024E-02     1.6790E-04     3.6481E-03
   420     2.2909E+02  2.1878E+02     4.6048E-02     1.6799E-04     3.6481E-03
   421     2.1878E+02  2.0893E+02     4.6067E-02     1.6571E-04     3.5971E-03
   422     2.0893E+02  1.9953E+02     4.6035E-02     1.6383E-04     3.5588E-03
   423     1.9953E+02  1.9055E+02     4.6050E-02     1.6610E-04     3.6070E-03
   424     1.9055E+02  1.8197E+02     4.6073E-02     1.6838E-04     3.6547E-03
   425     1.8197E+02  1.7378E+02     4.6052E-02     1.6831E-04     3.6548E-03
   426     1.7378E+02  1.6596E+02     4.6043E-02     1.6641E-04     3.6142E-03
   427     1.6596E+02  1.5849E+02     4.6055E-02     1.6626E-04     3.6100E-03
   428     1.5849E+02  1.5136E+02     4.6030E-02     1.6617E-04     3.6100E-03
   429     1.5136E+02  1.4454E+02     4.6105E-02     1.6744E-04     3.6317E-03
   430     1.4454E+02  1.3804E+02     4.6013E-02     1.6773E-04     3.6453E-03
   431     1.3804E+02  1.3183E+02     4.6030E-02     1.6779E-04     3.6452E-03
   432     1.3183E+02  1.2589E+02     4.6105E-02     1.6279E-04     3.5309E-03
   433     1.2589E+02  1.2023E+02     4.6002E-02     1.6031E-04     3.4849E-03
   434     1.2023E+02  1.1482E+02     4.6041E-02     1.6045E-04     3.4849E-03
   435     1.1482E+02  1.0965E+02     4.6072E-02     1.5951E-04     3.4622E-03
   436     1.0965E+02  1.0471E+02     4.6099E-02     1.5672E-04     3.3997E-03
   437     1.0471E+02  1.0000E+02     4.6024E-02     1.5646E-04     3.3995E-03
   438     1.0000E+02  9.5499E+01     4.6054E-02     1.5657E-04     3.3997E-03
   439     9.5499E+01  9.1201E+01     4.6050E-02     1.5655E-04     3.3996E-03
   440     9.1201E+01  8.7096E+01     4.6055E-02     1.5561E-04     3.3788E-03
   441     8.7096E+01  8.3176E+01     4.6052E-02     1.5487E-04     3.3629E-03
   442     8.3176E+01  7.9433E+01     4.6045E-02     1.5485E-04     3.3630E-03
   443     7.9433E+01  7.5858E+01     4.6051E-02     1.5487E-04     3.3630E-03
   444     7.5858E+01  7.2444E+01     4.6049E-02     1.5221E-04     3.3054E-03
   445     7.2444E+01  6.9183E+01     4.6059E-02     1.5194E-04     3.2988E-03
   446     6.9183E+01  6.6069E+01     4.6056E-02     1.5193E-04     3.2988E-03
   447     6.6069E+01  6.3096E+01     4.6042E-02     1.5188E-04     3.2987E-03
   448     6.3096E+01  6.0256E+01     4.6055E-02     1.5193E-04     3.2989E-03
   449     6.0256E+01  5.7544E+01     4.6052E-02     1.5192E-04     3.2989E-03
   450     5.7544E+01  5.4954E+01     4.6053E-02     1.5192E-04     3.2988E-03
   451     5.4954E+01  5.2481E+01     4.6045E-02     1.5189E-04     3.2987E-03
   452     5.2481E+01  5.0119E+01     4.6051E-02     1.5191E-04     3.2987E-03
   453     5.0119E+01  4.7863E+01     4.6057E-02     1.5172E-04     3.2941E-03
   454     4.7863E+01  4.5709E+01     4.6048E-02     1.3906E-04     3.0199E-03
   455     4.5709E+01  4.3652E+01     4.6046E-02     1.3906E-04     3.0200E-03
   456     4.3652E+01  4.1687E+01     4.6060E-02     1.3910E-04     3.0200E-03
   457     4.1687E+01  3.9811E+01     4.6046E-02     1.3906E-04     3.0200E-03
   458     3.9811E+01  3.8019E+01     4.6057E-02     1.3909E-04     3.0199E-03
   459     3.8019E+01  3.6308E+01     4.6048E-02     1.3906E-04     3.0199E-03
   460     3.6308E+01  3.4674E+01     4.6048E-02     1.3906E-04     3.0199E-03
   461     3.4674E+01  3.3113E+01     4.6064E-02     1.3911E-04     3.0199E-03
   462     3.3113E+01  3.1623E+01     4.6041E-02     1.3904E-04     3.0199E-03
   463     3.1623E+01  3.0200E+01     4.6043E-02     1.3905E-04     3.0200E-03
   464     3.0200E+01  2.8840E+01     4.6079E-02     1.3916E-04     3.0201E-03
   465     2.8840E+01  2.7542E+01     4.6051E-02     1.3788E-04     2.9941E-03
   466     2.7542E+01  2.6303E+01     4.6029E-02     1.2940E-04     2.8113E-03
   467     2.6303E+01  2.5119E+01     4.6058E-02     1.2949E-04     2.8114E-03
   468     2.5119E+01  2.3988E+01     4.6071E-02     1.2952E-04     2.8113E-03
   469     2.3988E+01  2.2909E+01     4.6024E-02     1.2939E-04     2.8114E-03
   470     2.2909E+01  2.1878E+01     4.6048E-02     1.2946E-04     2.8114E-03
   471     2.1878E+01  2.0893E+01     4.6067E-02     1.2951E-04     2.8113E-03
   472     2.0893E+01  1.9953E+01     4.6035E-02     1.2942E-04     2.8114E-03
   473     1.9953E+01  1.9055E+01     4.6050E-02     1.2946E-04     2.8113E-03
   474     1.9055E+01  1.8197E+01     4.6073E-02     1.2953E-04     2.8114E-03
   475     1.8197E+01  1.7378E+01     4.6052E-02     1.2947E-04     2.8114E-03
   476     1.7378E+01  1.6596E+01     4.6043E-02     1.2944E-04     2.8113E-03
   477     1.6596E+01  1.5849E+01     4.6055E-02     1.2937E-04     2.8090E-03
   478     1.5849E+01  1.5136E+01     4.6030E-02     1.2888E-04     2.7999E-03
   479     1.5136E+01  1.4454E+01     4.6105E-02     1.2909E-04     2.7999E-03
   480     1.4454E+01  1.3804E+01     4.6013E-02     1.2883E-04     2.7999E-03
   481     1.3804E+01  1.3183E+01     4.6030E-02     1.2888E-04     2.7999E-03
   482     1.3183E+01  1.2589E+01     4.6105E-02     1.2909E-04     2.7999E-03
   483     1.2589E+01  1.2023E+01     4.6002E-02     1.2880E-04     2.7999E-03
   484     1.2023E+01  1.1482E+01     4.6041E-02     1.2891E-04     2.7999E-03
   485     1.1482E+01  1.0965E+01     4.6072E-02     1.2900E-04     2.8000E-03
   486     1.0965E+01  1.0471E+01     4.6099E-02     1.2908E-04     2.8001E-03
   487     1.0471E+01  1.0000E+01     4.6024E-02     1.2887E-04     2.8000E-03
   488     1.0000E+01  9.9750E+00     2.5031E-03     7.3989E-06     2.9559E-03
   489     9.9750E+00  9.9500E+00     2.5094E-03     7.4312E-06     2.9613E-03
   490     9.9500E+00  9.9250E+00     2.5157E-03     7.4629E-06     2.9665E-03
   491     9.9250E+00  9.9000E+00     2.5221E-03     7.4982E-06     2.9730E-03
   492     9.9000E+00  9.8750E+00     2.5284E-03     7.5339E-06     2.9797E-03
   493     9.8750E+00  9.8500E+00     2.5349E-03     7.5719E-06     2.9871E-03
   494     9.8500E+00  9.8250E+00     2.5413E-03     7.6122E-06     2.9954E-03
   495     9.8250E+00  9.8000E+00     2.5478E-03     7.6459E-06     3.0010E-03
   496     9.8000E+00  9.7750E+00     2.5543E-03     7.6772E-06     3.0056E-03
   497     9.7750E+00  9.7500E+00     2.5608E-03     7.7059E-06     3.0092E-03
   498     9.7500E+00  9.7250E+00     2.5674E-03     7.7309E-06     3.0112E-03
   499     9.7250E+00  9.7000E+00     2.5740E-03     7.7512E-06     3.0113E-03
   500     9.7000E+00  9.6750E+00     2.5806E-03     7.7669E-06     3.0097E-03
   501     9.6750E+00  9.6500E+00     2.5873E-03     7.7822E-06     3.0078E-03
   502     9.6500E+00  9.6250E+00     2.5940E-03     7.7959E-06     3.0053E-03
   503     9.6250E+00  9.6000E+00     2.6008E-03     7.8109E-06     3.0033E-03
   504     9.6000E+00  9.5750E+00     2.6076E-03     7.8302E-06     3.0029E-03
   505     9.5750E+00  9.5500E+00     2.6144E-03     7.8469E-06     3.0014E-03
   506     9.5500E+00  9.5250E+00     2.6212E-03     7.8692E-06     3.0021E-03
   507     9.5250E+00  9.5000E+00     2.6281E-03     7.8909E-06     3.0025E-03
   508     9.5000E+00  9.4750E+00     2.6350E-03     7.9139E-06     3.0033E-03
   509     9.4750E+00  9.4500E+00     2.6420E-03     7.9352E-06     3.0035E-03
   510     9.4500E+00  9.4250E+00     2.6490E-03     7.9559E-06     3.0034E-03
   511     9.4250E+00  9.4000E+00     2.6560E-03     7.9752E-06     3.0027E-03
   512     9.4000E+00  9.3750E+00     2.6631E-03     7.9939E-06     3.0017E-03
   513     9.3750E+00  9.3500E+00     2.6702E-03     8.0119E-06     3.0005E-03
   514     9.3500E+00  9.3250E+00     2.6774E-03     8.0312E-06     2.9997E-03
   515     9.3250E+00  9.3000E+00     2.6846E-03     8.0519E-06     2.9993E-03
   516     9.3000E+00  9.2750E+00     2.6918E-03     8.0752E-06     2.9999E-03
   517     9.2750E+00  9.2500E+00     2.6991E-03     8.1009E-06     3.0014E-03
   518     9.2500E+00  9.2250E+00     2.7064E-03     8.1279E-06     3.0033E-03
   519     9.2250E+00  9.2000E+00     2.7137E-03     8.1542E-06     3.0048E-03
   520     9.2000E+00  9.1750E+00     2.7211E-03     8.1789E-06     3.0057E-03
   521     9.1750E+00  9.1500E+00     2.7285E-03     8.2032E-06     3.0065E-03
   522     9.1500E+00  9.1250E+00     2.7360E-03     8.2249E-06     3.0062E-03
   523     9.1250E+00  9.1000E+00     2.7435E-03     8.2459E-06     3.0056E-03
   524     9.1000E+00  9.0750E+00     2.7510E-03     8.2662E-06     3.0048E-03
   525     9.0750E+00  9.0500E+00     2.7586E-03     8.2849E-06     3.0033E-03
   526     9.0500E+00  9.0250E+00     2.7663E-03     8.3012E-06     3.0009E-03
   527     9.0250E+00  9.0000E+00     2.7739E-03     8.3129E-06     2.9968E-03
   528     9.0000E+00  8.9750E+00     2.7816E-03     8.3209E-06     2.9914E-03
   529     8.9750E+00  8.9500E+00     2.7894E-03     8.3252E-06     2.9846E-03
   530     8.9500E+00  8.9250E+00     2.7972E-03     8.3229E-06     2.9754E-03
   531     8.9250E+00  8.9000E+00     2.8051E-03     8.3182E-06     2.9654E-03
   532     8.9000E+00  8.8750E+00     2.8129E-03     8.3089E-06     2.9538E-03
   533     8.8750E+00  8.8500E+00     2.8209E-03     8.2969E-06     2.9412E-03
   534     8.8500E+00  8.8250E+00     2.8289E-03     8.2822E-06     2.9278E-03
   535     8.8250E+00  8.8000E+00     2.8369E-03     8.2629E-06     2.9127E-03
   536     8.8000E+00  8.7750E+00     2.8450E-03     8.2382E-06     2.8957E-03
   537     8.7750E+00  8.7500E+00     2.8531E-03     8.2049E-06     2.8758E-03
   538     8.7500E+00  8.7250E+00     2.8612E-03     8.1599E-06     2.8519E-03
   539     8.7250E+00  8.7000E+00     2.8694E-03     8.1082E-06     2.8257E-03
   540     8.7000E+00  8.6750E+00     2.8777E-03     8.0539E-06     2.7987E-03
   541     8.6750E+00  8.6500E+00     2.8860E-03     8.0112E-06     2.7759E-03
   542     8.6500E+00  8.6250E+00     2.8944E-03     7.9919E-06     2.7612E-03
   543     8.6250E+00  8.6000E+00     2.9028E-03     8.0069E-06     2.7584E-03
   544     8.6000E+00  8.5750E+00     2.9112E-03     8.0582E-06     2.7680E-03
   545     8.5750E+00  8.5500E+00     2.9197E-03     8.1399E-06     2.7879E-03
   546     8.5500E+00  8.5250E+00     2.9283E-03     8.2382E-06     2.8133E-03
   547     8.5250E+00  8.5000E+00     2.9369E-03     8.3399E-06     2.8397E-03
   548     8.5000E+00  8.4750E+00     2.9455E-03     8.4309E-06     2.8623E-03
   549     8.4750E+00  8.4500E+00     2.9542E-03     8.5062E-06     2.8793E-03
   550     8.4500E+00  8.4250E+00     2.9630E-03     8.5609E-06     2.8893E-03
   551     8.4250E+00  8.4000E+00     2.9718E-03     8.5972E-06     2.8930E-03
   552     8.4000E+00  8.3750E+00     2.9806E-03     8.6149E-06     2.8903E-03
   553     8.3750E+00  8.3500E+00     2.9895E-03     8.6159E-06     2.8820E-03
   554     8.3500E+00  8.3250E+00     2.9985E-03     8.5992E-06     2.8678E-03
   555     8.3250E+00  8.3000E+00     3.0075E-03     8.5639E-06     2.8475E-03
   556     8.3000E+00  8.2750E+00     3.0166E-03     8.5102E-06     2.8211E-03
   557     8.2750E+00  8.2500E+00     3.0257E-03     8.4339E-06     2.7874E-03
   558     8.2500E+00  8.2250E+00     3.0349E-03     8.3359E-06     2.7467E-03
   559     8.2250E+00  8.2000E+00     3.0441E-03     8.2172E-06     2.6993E-03
   560     8.2000E+00  8.1750E+00     3.0534E-03     8.0799E-06     2.6462E-03
   561     8.1750E+00  8.1500E+00     3.0628E-03     7.9332E-06     2.5902E-03
   562     8.1500E+00  8.1250E+00     3.0722E-03     7.7849E-06     2.5340E-03
   563     8.1250E+00  8.1000E+00     3.0817E-03     7.6469E-06     2.4814E-03
   564     8.1000E+00  8.0750E+00     3.0912E-03     7.5292E-06     2.4357E-03
   565     8.0750E+00  8.0500E+00     3.1008E-03     7.4379E-06     2.3987E-03
   566     8.0500E+00  8.0250E+00     3.1104E-03     7.3742E-06     2.3708E-03
   567     8.0250E+00  8.0000E+00     3.1201E-03     7.3289E-06     2.3489E-03
   568     8.0000E+00  7.9750E+00     3.1299E-03     7.2840E-06     2.3272E-03
   569     7.9750E+00  7.9500E+00     3.1397E-03     7.2200E-06     2.2996E-03
   570     7.9500E+00  7.9250E+00     3.1496E-03     7.1189E-06     2.2602E-03
   571     7.9250E+00  7.9000E+00     3.1596E-03     6.9780E-06     2.2085E-03
   572     7.9000E+00  7.8750E+00     3.1696E-03     6.8190E-06     2.1514E-03
   573     7.8750E+00  7.8500E+00     3.1797E-03     6.6740E-06     2.0990E-03
   574     7.8500E+00  7.8250E+00     3.1898E-03     6.5810E-06     2.0631E-03
   575     7.8250E+00  7.8000E+00     3.2000E-03     6.5699E-06     2.0531E-03
   576     7.8000E+00  7.7750E+00     3.2103E-03     6.5990E-06     2.0556E-03
   577     7.7750E+00  7.7500E+00     3.2206E-03     6.7080E-06     2.0828E-03
   578     7.7500E+00  7.7250E+00     3.2310E-03     6.8280E-06     2.1133E-03
   579     7.7250E+00  7.7000E+00     3.2415E-03     6.9540E-06     2.1453E-03
   580     7.7000E+00  7.6750E+00     3.2520E-03     7.0899E-06     2.1801E-03
   581     7.6750E+00  7.6500E+00     3.2626E-03     7.2580E-06     2.2246E-03
   582     7.6500E+00  7.6250E+00     3.2733E-03     7.4730E-06     2.2830E-03
   583     7.6250E+00  7.6000E+00     3.2841E-03     7.7280E-06     2.3532E-03
   584     7.6000E+00  7.5750E+00     3.2949E-03     7.9950E-06     2.4265E-03
   585     7.5750E+00  7.5500E+00     3.3058E-03     8.2409E-06     2.4929E-03
   586     7.5500E+00  7.5250E+00     3.3168E-03     8.4430E-06     2.5456E-03
   587     7.5250E+00  7.5000E+00     3.3278E-03     8.5920E-06     2.5819E-03
   588     7.5000E+00  7.4750E+00     3.3389E-03     8.6950E-06     2.6042E-03
   589     7.4750E+00  7.4500E+00     3.3501E-03     8.7590E-06     2.6146E-03
   590     7.4500E+00  7.4250E+00     3.3613E-03     8.7949E-06     2.6165E-03
   591     7.4250E+00  7.4000E+00     3.3727E-03     8.8090E-06     2.6119E-03
   592     7.4000E+00  7.3750E+00     3.3841E-03     8.8070E-06     2.6025E-03
   593     7.3750E+00  7.3500E+00     3.3956E-03     8.7890E-06     2.5884E-03
   594     7.3500E+00  7.3250E+00     3.4072E-03     8.7580E-06     2.5705E-03
   595     7.3250E+00  7.3000E+00     3.4188E-03     8.7129E-06     2.5485E-03
   596     7.3000E+00  7.2750E+00     3.4305E-03     8.6540E-06     2.5226E-03
   597     7.2750E+00  7.2500E+00     3.4423E-03     8.5790E-06     2.4922E-03
   598     7.2500E+00  7.2250E+00     3.4542E-03     8.4860E-06     2.4567E-03
   599     7.2250E+00  7.2000E+00     3.4662E-03     8.3730E-06     2.4156E-03
   600     7.2000E+00  7.1750E+00     3.4783E-03     8.2369E-06     2.3681E-03
   601     7.1750E+00  7.1500E+00     3.4904E-03     8.0740E-06     2.3132E-03
   602     7.1500E+00  7.1250E+00     3.5026E-03     7.8810E-06     2.2500E-03
   603     7.1250E+00  7.1000E+00     3.5149E-03     7.6540E-06     2.1776E-03
   604     7.1000E+00  7.0750E+00     3.5273E-03     7.3890E-06     2.0948E-03
   605     7.0750E+00  7.0500E+00     3.5398E-03     7.0839E-06     2.0012E-03
   606     7.0500E+00  7.0250E+00     3.5524E-03     6.7360E-06     1.8962E-03
   607     7.0250E+00  7.0000E+00     3.5651E-03     6.3450E-06     1.7798E-03
   608     7.0000E+00  6.9750E+00     3.5778E-03     5.9060E-06     1.6507E-03
   609     6.9750E+00  6.9500E+00     3.5907E-03     5.4100E-06     1.5067E-03
   610     6.9500E+00  6.9250E+00     3.6036E-03     4.8289E-06     1.3400E-03
   611     6.9250E+00  6.9000E+00     3.6166E-03     4.1150E-06     1.1378E-03
   612     6.9000E+00  6.8750E+00     3.6298E-03     3.2310E-06     8.9014E-04
   613     6.8750E+00  6.8500E+00     3.6430E-03     2.2420E-06     6.1543E-04
   614     6.8500E+00  6.8250E+00     3.6563E-03     1.3630E-06     3.7278E-04
   615     6.8250E+00  6.8000E+00     3.6697E-03     7.3889E-07     2.0135E-04
   616     6.8000E+00  6.7750E+00     3.6832E-03     4.1170E-07     1.1178E-04
   617     6.7750E+00  6.7500E+00     3.6969E-03     2.4350E-07     6.5867E-05
   618     6.7500E+00  6.7250E+00     3.7106E-03     1.5950E-07     4.2985E-05
   619     6.7250E+00  6.7000E+00     3.7244E-03     1.1840E-07     3.1790E-05
   620     6.7000E+00  6.6750E+00     3.7383E-03     1.0090E-07     2.6991E-05
   621     6.6750E+00  6.6500E+00     3.7523E-03     9.9070E-08     2.6402E-05
   622     6.6500E+00  6.6250E+00     3.7665E-03     1.1220E-07     2.9789E-05
   623     6.6250E+00  6.6000E+00     3.7807E-03     1.4600E-07     3.8617E-05
   624     6.6000E+00  6.5750E+00     3.7951E-03     2.1600E-07     5.6916E-05
   625     6.5750E+00  6.5500E+00     3.8095E-03     3.5729E-07     9.3789E-05
   626     6.5500E+00  6.5250E+00     3.8241E-03     6.3820E-07     1.6689E-04
   627     6.5250E+00  6.5000E+00     3.8388E-03     1.2020E-06     3.1312E-04
   628     6.5000E+00  6.4750E+00     3.8536E-03     2.0520E-06     5.3249E-04
   629     6.4750E+00  6.4500E+00     3.8685E-03     3.0740E-06     7.9463E-04
   630     6.4500E+00  6.4250E+00     3.8835E-03     4.0139E-06     1.0336E-03
   631     6.4250E+00  6.4000E+00     3.8986E-03     4.7640E-06     1.2220E-03
   632     6.4000E+00  6.3750E+00     3.9139E-03     5.3570E-06     1.3687E-03
   633     6.3750E+00  6.3500E+00     3.9293E-03     5.8510E-06     1.4891E-03
   634     6.3500E+00  6.3250E+00     3.9448E-03     6.2790E-06     1.5917E-03
   635     6.3250E+00  6.3000E+00     3.9604E-03     6.6549E-06     1.6804E-03
   636     6.3000E+00  6.2750E+00     3.9761E-03     6.9850E-06     1.7567E-03
   637     6.2750E+00  6.2500E+00     3.9920E-03     7.2740E-06     1.8221E-03
   638     6.2500E+00  6.2250E+00     4.0080E-03     7.5260E-06     1.8777E-03
   639     6.2250E+00  6.2000E+00     4.0242E-03     7.7410E-06     1.9236E-03
   640     6.2000E+00  6.1750E+00     4.0404E-03     7.9229E-06     1.9609E-03
   641     6.1750E+00  6.1500E+00     4.0568E-03     8.0710E-06     1.9895E-03
   642     6.1500E+00  6.1250E+00     4.0733E-03     8.1850E-06     2.0094E-03
   643     6.1250E+00  6.1000E+00     4.0900E-03     8.2610E-06     2.0198E-03
   644     6.1000E+00  6.0750E+00     4.1068E-03     8.2960E-06     2.0201E-03
   645     6.0750E+00  6.0500E+00     4.1237E-03     8.2859E-06     2.0093E-03
   646     6.0500E+00  6.0250E+00     4.1408E-03     8.2340E-06     1.9885E-03
   647     6.0250E+00  6.0000E+00     4.1580E-03     8.1540E-06     1.9610E-03
   648     6.0000E+00  5.9750E+00     4.1754E-03     8.0490E-06     1.9277E-03
   649     5.9750E+00  5.9500E+00     4.1929E-03     7.9590E-06     1.8982E-03
   650     5.9500E+00  5.9250E+00     4.2105E-03     7.9039E-06     1.8772E-03
   651     5.9250E+00  5.9000E+00     4.2283E-03     7.9040E-06     1.8693E-03
   652     5.9000E+00  5.8750E+00     4.2463E-03     7.9680E-06     1.8765E-03
   653     5.8750E+00  5.8500E+00     4.2644E-03     8.1000E-06     1.8994E-03
   654     5.8500E+00  5.8250E+00     4.2827E-03     8.2730E-06     1.9317E-03
   655     5.8250E+00  5.8000E+00     4.3011E-03     8.4789E-06     1.9713E-03
   656     5.8000E+00  5.7750E+00     4.3197E-03     8.6870E-06     2.0110E-03
   657     5.7750E+00  5.7500E+00     4.3384E-03     8.8730E-06     2.0452E-03
   658     5.7500E+00  5.7250E+00     4.3573E-03     9.0240E-06     2.0710E-03
   659     5.7250E+00  5.7000E+00     4.3764E-03     9.1160E-06     2.0830E-03
   660     5.7000E+00  5.6750E+00     4.3956E-03     9.1669E-06     2.0855E-03
   661     5.6750E+00  5.6500E+00     4.4150E-03     9.1830E-06     2.0799E-03
   662     5.6500E+00  5.6250E+00     4.4346E-03     9.1790E-06     2.0699E-03
   663     5.6250E+00  5.6000E+00     4.4544E-03     9.1680E-06     2.0582E-03
   664     5.6000E+00  5.5750E+00     4.4743E-03     9.1630E-06     2.0479E-03
   665     5.5750E+00  5.5500E+00     4.4944E-03     9.1479E-06     2.0354E-03
   666     5.5500E+00  5.5250E+00     4.5147E-03     9.1260E-06     2.0214E-03
   667     5.5250E+00  5.5000E+00     4.5352E-03     9.0850E-06     2.0032E-03
   668     5.5000E+00  5.4750E+00     4.5558E-03     9.0270E-06     1.9814E-03
   669     5.4750E+00  5.4500E+00     4.5767E-03     8.9700E-06     1.9599E-03
   670     5.4500E+00  5.4250E+00     4.5977E-03     8.9439E-06     1.9453E-03
   671     5.4250E+00  5.4000E+00     4.6189E-03     8.9530E-06     1.9383E-03
   672     5.4000E+00  5.3750E+00     4.6404E-03     9.0170E-06     1.9432E-03
   673     5.3750E+00  5.3500E+00     4.6620E-03     9.1240E-06     1.9571E-03
   674     5.3500E+00  5.3250E+00     4.6838E-03     9.2660E-06     1.9783E-03
   675     5.3250E+00  5.3000E+00     4.7059E-03     9.4399E-06     2.0060E-03
   676     5.3000E+00  5.2750E+00     4.7281E-03     9.6190E-06     2.0344E-03
   677     5.2750E+00  5.2500E+00     4.7506E-03     9.8070E-06     2.0644E-03
   678     5.2500E+00  5.2250E+00     4.7733E-03     9.9910E-06     2.0931E-03
   679     5.2250E+00  5.2000E+00     4.7962E-03     1.0180E-05     2.1225E-03
   680     5.2000E+00  5.1750E+00     4.8193E-03     1.0350E-05     2.1476E-03
   681     5.1750E+00  5.1500E+00     4.8426E-03     1.0550E-05     2.1786E-03
   682     5.1500E+00  5.1250E+00     4.8662E-03     1.0780E-05     2.2153E-03
   683     5.1250E+00  5.1000E+00     4.8900E-03     1.1050E-05     2.2597E-03
   684     5.1000E+00  5.0750E+00     4.9140E-03     1.1340E-05     2.3077E-03
   685     5.0750E+00  5.0500E+00     4.9383E-03     1.1630E-05     2.3551E-03
   686     5.0500E+00  5.0250E+00     4.9628E-03     1.1900E-05     2.3978E-03
   687     5.0250E+00  5.0000E+00     4.9875E-03     1.2150E-05     2.4361E-03
   688     5.0000E+00  4.9750E+00     5.0125E-03     1.2370E-05     2.4678E-03
   689     4.9750E+00  4.9500E+00     5.0378E-03     1.2570E-05     2.4951E-03
   690     4.9500E+00  4.9250E+00     5.0633E-03     1.2740E-05     2.5161E-03
   691     4.9250E+00  4.9000E+00     5.0891E-03     1.2900E-05     2.5348E-03
   692     4.9000E+00  4.8750E+00     5.1151E-03     1.3050E-05     2.5513E-03
   693     4.8750E+00  4.8500E+00     5.1414E-03     1.3180E-05     2.5635E-03
   694     4.8500E+00  4.8250E+00     5.1680E-03     1.3310E-05     2.5755E-03
   695     4.8250E+00  4.8000E+00     5.1948E-03     1.3430E-05     2.5853E-03
   696     4.8000E+00  4.7750E+00     5.2219E-03     1.3530E-05     2.5910E-03
   697     4.7750E+00  4.7500E+00     5.2494E-03     1.3620E-05     2.5946E-03
   698     4.7500E+00  4.7250E+00     5.2771E-03     1.3680E-05     2.5924E-03
   699     4.7250E+00  4.7000E+00     5.3051E-03     1.3720E-05     2.5862E-03
   700     4.7000E+00  4.6750E+00     5.3333E-03     1.3730E-05     2.5744E-03
   701     4.6750E+00  4.6500E+00     5.3619E-03     1.3710E-05     2.5569E-03
   702     4.6500E+00  4.6250E+00     5.3908E-03     1.3690E-05     2.5395E-03
   703     4.6250E+00  4.6000E+00     5.4201E-03     1.3670E-05     2.5221E-03
   704     4.6000E+00  4.5750E+00     5.4496E-03     1.3690E-05     2.5121E-03
   705     4.5750E+00  4.5500E+00     5.4795E-03     1.3730E-05     2.5057E-03
   706     4.5500E+00  4.5250E+00     5.5097E-03     1.3820E-05     2.5083E-03
   707     4.5250E+00  4.5000E+00     5.5402E-03     1.3900E-05     2.5089E-03
   708     4.5000E+00  4.4750E+00     5.5710E-03     1.3960E-05     2.5058E-03
   709     4.4750E+00  4.4500E+00     5.6023E-03     1.3960E-05     2.4919E-03
   710     4.4500E+00  4.4250E+00     5.6338E-03     1.3890E-05     2.4655E-03
   711     4.4250E+00  4.4000E+00     5.6657E-03     1.3730E-05     2.4233E-03
   712     4.4000E+00  4.3750E+00     5.6980E-03     1.3500E-05     2.3692E-03
   713     4.3750E+00  4.3500E+00     5.7307E-03     1.3200E-05     2.3034E-03
   714     4.3500E+00  4.3250E+00     5.7637E-03     1.2890E-05     2.2364E-03
   715     4.3250E+00  4.3000E+00     5.7971E-03     1.2670E-05     2.1856E-03
   716     4.3000E+00  4.2750E+00     5.8309E-03     1.2670E-05     2.1729E-03
   717     4.2750E+00  4.2500E+00     5.8651E-03     1.2930E-05     2.2046E-03
   718     4.2500E+00  4.2250E+00     5.8997E-03     1.3440E-05     2.2781E-03
   719     4.2250E+00  4.2000E+00     5.9347E-03     1.4070E-05     2.3708E-03
   720     4.2000E+00  4.1750E+00     5.9702E-03     1.4680E-05     2.4589E-03
   721     4.1750E+00  4.1500E+00     6.0060E-03     1.5190E-05     2.5291E-03
   722     4.1500E+00  4.1250E+00     6.0423E-03     1.5580E-05     2.5785E-03
   723     4.1250E+00  4.1000E+00     6.0790E-03     1.5900E-05     2.6155E-03
   724     4.1000E+00  4.0750E+00     6.1162E-03     1.6190E-05     2.6471E-03
   725     4.0750E+00  4.0500E+00     6.1539E-03     1.6500E-05     2.6812E-03
   726     4.0500E+00  4.0250E+00     6.1920E-03     1.6890E-05     2.7277E-03
   727     4.0250E+00  4.0000E+00     6.2305E-03     1.7470E-05     2.8039E-03
   728     4.0000E+00  3.9750E+00     6.2696E-03     1.7610E-05     2.8088E-03
   729     3.9750E+00  3.9500E+00     6.3092E-03     1.7290E-05     2.7405E-03
   730     3.9500E+00  3.9250E+00     6.3492E-03     1.6930E-05     2.6665E-03
   731     3.9250E+00  3.9000E+00     6.3898E-03     1.7050E-05     2.6683E-03
   732     3.9000E+00  3.8750E+00     6.4309E-03     1.7330E-05     2.6948E-03
   733     3.8750E+00  3.8500E+00     6.4725E-03     1.7580E-05     2.7161E-03
   734     3.8500E+00  3.8250E+00     6.5147E-03     1.7760E-05     2.7262E-03
   735     3.8250E+00  3.8000E+00     6.5574E-03     1.7970E-05     2.7404E-03
   736     3.8000E+00  3.7750E+00     6.6007E-03     1.8220E-05     2.7603E-03
   737     3.7750E+00  3.7500E+00     6.6445E-03     1.8420E-05     2.7722E-03
   738     3.7500E+00  3.7250E+00     6.6890E-03     1.8600E-05     2.7807E-03
   739     3.7250E+00  3.7000E+00     6.7340E-03     1.8770E-05     2.7873E-03
   740     3.7000E+00  3.6750E+00     6.7797E-03     1.8950E-05     2.7951E-03
   741     3.6750E+00  3.6500E+00     6.8260E-03     1.9060E-05     2.7923E-03
   742     3.6500E+00  3.6250E+00     6.8729E-03     1.9220E-05     2.7965E-03
   743     3.6250E+00  3.6000E+00     6.9204E-03     1.9340E-05     2.7946E-03
   744     3.6000E+00  3.5750E+00     6.9687E-03     1.9510E-05     2.7997E-03
   745     3.5750E+00  3.5500E+00     7.0176E-03     1.9600E-05     2.7930E-03
   746     3.5500E+00  3.5250E+00     7.0672E-03     1.9750E-05     2.7946E-03
   747     3.5250E+00  3.5000E+00     7.1175E-03     1.9810E-05     2.7833E-03
   748     3.5000E+00  3.4750E+00     7.1685E-03     1.9880E-05     2.7732E-03
   749     3.4750E+00  3.4500E+00     7.2202E-03     1.9870E-05     2.7520E-03
   750     3.4500E+00  3.4250E+00     7.2728E-03     1.9910E-05     2.7376E-03
   751     3.4250E+00  3.4000E+00     7.3260E-03     2.0040E-05     2.7354E-03
   752     3.4000E+00  3.3750E+00     7.3801E-03     2.0140E-05     2.7290E-03
   753     3.3750E+00  3.3500E+00     7.4350E-03     2.0340E-05     2.7357E-03
   754     3.3500E+00  3.3250E+00     7.4907E-03     2.0570E-05     2.7461E-03
   755     3.3250E+00  3.3000E+00     7.5472E-03     2.0770E-05     2.7520E-03
   756     3.3000E+00  3.2750E+00     7.6046E-03     2.0930E-05     2.7523E-03
   757     3.2750E+00  3.2500E+00     7.6629E-03     2.1110E-05     2.7548E-03
   758     3.2500E+00  3.2250E+00     7.7220E-03     2.1310E-05     2.7596E-03
   759     3.2250E+00  3.2000E+00     7.7821E-03     2.1500E-05     2.7627E-03
   760     3.2000E+00  3.1750E+00     7.8432E-03     2.1620E-05     2.7565E-03
   761     3.1750E+00  3.1500E+00     7.9052E-03     2.1770E-05     2.7539E-03
   762     3.1500E+00  3.1250E+00     7.9682E-03     2.1920E-05     2.7509E-03
   763     3.1250E+00  3.1000E+00     8.0322E-03     2.2080E-05     2.7489E-03
   764     3.1000E+00  3.0750E+00     8.0972E-03     2.2240E-05     2.7466E-03
   765     3.0750E+00  3.0500E+00     8.1633E-03     2.2470E-05     2.7526E-03
   766     3.0500E+00  3.0250E+00     8.2305E-03     2.2730E-05     2.7617E-03
   767     3.0250E+00  3.0000E+00     8.2988E-03     2.2880E-05     2.7570E-03
   768     3.0000E+00  2.9750E+00     8.3682E-03     2.3090E-05     2.7592E-03
   769     2.9750E+00  2.9500E+00     8.4389E-03     2.3240E-05     2.7539E-03
   770     2.9500E+00  2.9250E+00     8.5107E-03     2.3420E-05     2.7518E-03
   771     2.9250E+00  2.9000E+00     8.5837E-03     2.3470E-05     2.7342E-03
   772     2.9000E+00  2.8750E+00     8.6581E-03     2.3580E-05     2.7235E-03
   773     2.8750E+00  2.8500E+00     8.7337E-03     2.3700E-05     2.7136E-03
   774     2.8500E+00  2.8250E+00     8.8106E-03     2.3690E-05     2.6888E-03
   775     2.8250E+00  2.8000E+00     8.8889E-03     2.3410E-05     2.6336E-03
   776     2.8000E+00  2.7750E+00     8.9687E-03     2.2470E-05     2.5054E-03
   777     2.7750E+00  2.7500E+00     9.0498E-03     2.0250E-05     2.2376E-03
   778     2.7500E+00  2.7250E+00     9.1325E-03     1.6770E-05     1.8363E-03
   779     2.7250E+00  2.7000E+00     9.2167E-03     1.3390E-05     1.4528E-03
   780     2.7000E+00  2.6750E+00     9.3024E-03     1.1350E-05     1.2201E-03
   781     2.6750E+00  2.6500E+00     9.3897E-03     1.1390E-05     1.2130E-03
   782     2.6500E+00  2.6250E+00     9.4787E-03     1.3420E-05     1.4158E-03
   783     2.6250E+00  2.6000E+00     9.5695E-03     1.6970E-05     1.7734E-03
   784     2.6000E+00  2.5750E+00     9.6619E-03     2.0960E-05     2.1693E-03
   785     2.5750E+00  2.5500E+00     9.7562E-03     2.3390E-05     2.3975E-03
   786     2.5500E+00  2.5250E+00     9.8523E-03     2.4690E-05     2.5060E-03
   787     2.5250E+00  2.5000E+00     9.9503E-03     2.5510E-05     2.5637E-03
   788     2.5000E+00  2.4750E+00     1.0050E-02     2.5910E-05     2.5780E-03
   789     2.4750E+00  2.4500E+00     1.0152E-02     2.6340E-05     2.5945E-03
   790     2.4500E+00  2.4250E+00     1.0257E-02     2.6730E-05     2.6062E-03
   791     2.4250E+00  2.4000E+00     1.0363E-02     2.7210E-05     2.6257E-03
   792     2.4000E+00  2.3750E+00     1.0471E-02     2.7650E-05     2.6406E-03
   793     2.3750E+00  2.3500E+00     1.0582E-02     2.8170E-05     2.6620E-03
   794     2.3500E+00  2.3250E+00     1.0695E-02     2.8560E-05     2.6703E-03
   795     2.3250E+00  2.3000E+00     1.0811E-02     2.9100E-05     2.6917E-03
   796     2.3000E+00  2.2750E+00     1.0929E-02     2.9500E-05     2.6992E-03
   797     2.2750E+00  2.2500E+00     1.1050E-02     2.9930E-05     2.7086E-03
   798     2.2500E+00  2.2250E+00     1.1173E-02     3.0300E-05     2.7118E-03
   799     2.2250E+00  2.2000E+00     1.1300E-02     3.0740E-05     2.7205E-03
   800     2.2000E+00  2.1750E+00     1.1429E-02     3.1190E-05     2.7291E-03
   801     2.1750E+00  2.1500E+00     1.1561E-02     3.1500E-05     2.7247E-03
   802     2.1500E+00  2.1250E+00     1.1696E-02     3.1920E-05     2.7291E-03
   803     2.1250E+00  2.1000E+00     1.1834E-02     3.2360E-05     2.7344E-03
   804     2.1000E+00  2.0750E+00     1.1976E-02     3.2710E-05     2.7313E-03
   805     2.0750E+00  2.0500E+00     1.2121E-02     3.3130E-05     2.7332E-03
   806     2.0500E+00  2.0250E+00     1.2270E-02     3.3490E-05     2.7294E-03
   807     2.0250E+00  2.0000E+00     1.2423E-02     3.3950E-05     2.7329E-03
   808     2.0000E+00  1.9750E+00     1.2579E-02     3.4330E-05     2.7292E-03
   809     1.9750E+00  1.9500E+00     1.2739E-02     3.4710E-05     2.7247E-03
   810     1.9500E+00  1.9250E+00     1.2903E-02     3.5110E-05     2.7210E-03
   811     1.9250E+00  1.9000E+00     1.3072E-02     3.5600E-05     2.7234E-03
   812     1.9000E+00  1.8750E+00     1.3245E-02     3.6090E-05     2.7248E-03
   813     1.8750E+00  1.8500E+00     1.3423E-02     3.6680E-05     2.7326E-03
   814     1.8500E+00  1.8250E+00     1.3606E-02     3.7100E-05     2.7268E-03
   815     1.8250E+00  1.8000E+00     1.3793E-02     3.7560E-05     2.7231E-03
   816     1.8000E+00  1.7750E+00     1.3986E-02     3.7630E-05     2.6905E-03
   817     1.7750E+00  1.7500E+00     1.4185E-02     3.7740E-05     2.6606E-03
   818     1.7500E+00  1.7250E+00     1.4389E-02     3.8090E-05     2.6472E-03
   819     1.7250E+00  1.7000E+00     1.4599E-02     3.8800E-05     2.6578E-03
   820     1.7000E+00  1.6750E+00     1.4815E-02     3.9800E-05     2.6865E-03
   821     1.6750E+00  1.6500E+00     1.5038E-02     4.0500E-05     2.6932E-03
   822     1.6500E+00  1.6250E+00     1.5267E-02     4.1160E-05     2.6959E-03
   823     1.6250E+00  1.6000E+00     1.5504E-02     4.1720E-05     2.6909E-03
   824     1.6000E+00  1.5750E+00     1.5748E-02     4.2190E-05     2.6790E-03
   825     1.5750E+00  1.5500E+00     1.6000E-02     4.2710E-05     2.6693E-03
   826     1.5500E+00  1.5250E+00     1.6261E-02     4.2900E-05     2.6383E-03
   827     1.5250E+00  1.5000E+00     1.6529E-02     4.3100E-05     2.6075E-03
   828     1.5000E+00  1.4750E+00     1.6807E-02     4.3130E-05     2.5662E-03
   829     1.4750E+00  1.4500E+00     1.7094E-02     4.2950E-05     2.5125E-03
   830     1.4500E+00  1.4250E+00     1.7392E-02     4.2400E-05     2.4379E-03
   831     1.4250E+00  1.4000E+00     1.7700E-02     4.0700E-05     2.2995E-03
   832     1.4000E+00  1.3750E+00     1.8019E-02     3.7910E-05     2.1039E-03
   833     1.3750E+00  1.3500E+00     1.8349E-02     3.5640E-05     1.9423E-03
   834     1.3500E+00  1.3250E+00     1.8692E-02     3.5260E-05     1.8864E-03
   835     1.3250E+00  1.3000E+00     1.9048E-02     3.6140E-05     1.8973E-03
   836     1.3000E+00  1.2750E+00     1.9418E-02     3.6210E-05     1.8648E-03
   837     1.2750E+00  1.2500E+00     1.9803E-02     3.5720E-05     1.8038E-03
   838     1.2500E+00  1.2250E+00     2.0203E-02     3.5020E-05     1.7334E-03
   839     1.2250E+00  1.2000E+00     2.0619E-02     3.3490E-05     1.6242E-03
   840     1.2000E+00  1.1750E+00     2.1053E-02     3.0260E-05     1.4373E-03
   841     1.1750E+00  1.1500E+00     2.1506E-02     2.4710E-05     1.1490E-03
   842     1.1500E+00  1.1250E+00     2.1979E-02     1.6070E-05     7.3116E-04
   843     1.1250E+00  1.1000E+00     2.2473E-02     7.7180E-06     3.4344E-04
   844     1.1000E+00  1.0750E+00     2.2990E-02     3.5400E-06     1.5398E-04
   845     1.0750E+00  1.0500E+00     2.3530E-02     2.3230E-06     9.8723E-05
   846     1.0500E+00  1.0250E+00     2.4098E-02     2.6270E-06     1.0902E-04
   847     1.0250E+00  1.0000E+00     2.4693E-02     4.9520E-06     2.0055E-04
   848     1.0000E+00  9.7500E-01     2.5318E-02     1.1590E-05     4.5778E-04
   849     9.7500E-01  9.5000E-01     2.5975E-02     2.2200E-05     8.5465E-04
   850     9.5000E-01  9.2500E-01     2.6668E-02     3.1520E-05     1.1819E-03
   851     9.2500E-01  9.0000E-01     2.7399E-02     3.8790E-05     1.4157E-03
   852     9.0000E-01  8.7500E-01     2.8171E-02     4.4790E-05     1.5899E-03
   853     8.7500E-01  8.5000E-01     2.8988E-02     5.0130E-05     1.7294E-03
   854     8.5000E-01  8.2500E-01     2.9853E-02     5.4860E-05     1.8377E-03
   855     8.2500E-01  8.0000E-01     3.0772E-02     5.9530E-05     1.9346E-03
   856     8.0000E-01  7.7500E-01     3.1749E-02     6.3630E-05     2.0042E-03
   857     7.7500E-01  7.5000E-01     3.2790E-02     6.7470E-05     2.0577E-03
   858     7.5000E-01  7.2500E-01     3.3902E-02     7.1450E-05     2.1076E-03
   859     7.2500E-01  7.0000E-01     3.5091E-02     7.5600E-05     2.1544E-03
   860     7.0000E-01  6.7500E-01     3.6368E-02     7.9590E-05     2.1885E-03
   861     6.7500E-01  6.5000E-01     3.7740E-02     8.3280E-05     2.2067E-03
   862     6.5000E-01  6.2500E-01     3.9221E-02     8.6230E-05     2.1986E-03
   863     6.2500E-01  6.0000E-01     4.0822E-02     8.9300E-05     2.1875E-03
   864     6.0000E-01  5.7500E-01     4.2560E-02     9.2780E-05     2.1800E-03
   865     5.7500E-01  5.5000E-01     4.4452E-02     9.7360E-05     2.1902E-03
   866     5.5000E-01  5.2481E-01     4.6882E-02     1.0421E-04     2.2228E-03
   867     5.2481E-01  5.0119E-01     4.6051E-02     1.0269E-04     2.2299E-03
   868     5.0119E-01  4.7863E-01     4.6057E-02     1.0230E-04     2.2211E-03
   869     4.7863E-01  4.5709E-01     4.6048E-02     1.0107E-04     2.1949E-03
   870     4.5709E-01  4.3652E-01     4.6046E-02     9.8616E-05     2.1417E-03
   871     4.3652E-01  4.1687E-01     4.6060E-02     9.5295E-05     2.0689E-03
   872     4.1687E-01  3.9811E-01     4.6046E-02     9.1382E-05     1.9846E-03
   873     3.9811E-01  3.8019E-01     4.6057E-02     8.4209E-05     1.8284E-03
   874     3.8019E-01  3.6308E-01     4.6048E-02     7.6119E-05     1.6530E-03
   875     3.6308E-01  3.4674E-01     4.6048E-02     6.9770E-05     1.5152E-03
   876     3.4674E-01  3.3113E-01     4.6064E-02     5.8367E-05     1.2671E-03
   877     3.3113E-01  3.1623E-01     4.6041E-02     5.1824E-05     1.1256E-03
   878     3.1623E-01  3.0200E-01     4.6043E-02     4.7376E-05     1.0290E-03
   879     3.0200E-01  2.8840E-01     4.6079E-02     4.5572E-05     9.8901E-04
   880     2.8840E-01  2.7542E-01     4.6051E-02     4.5235E-05     9.8228E-04
   881     2.7542E-01  2.6303E-01     4.6029E-02     5.3048E-05     1.1525E-03
   882     2.6303E-01  2.5119E-01     4.6058E-02     5.3351E-05     1.1583E-03
   883     2.5119E-01  2.3988E-01     4.6071E-02     6.6644E-05     1.4466E-03
   884     2.3988E-01  2.2909E-01     4.6024E-02     6.8101E-05     1.4797E-03
   885     2.2909E-01  2.1878E-01     4.6048E-02     7.9018E-05     1.7160E-03
   886     2.1878E-01  2.0893E-01     4.6067E-02     8.6047E-05     1.8679E-03
   887     2.0893E-01  1.9953E-01     4.6035E-02     8.6623E-05     1.8817E-03
   888     1.9953E-01  1.9055E-01     4.6050E-02     9.8486E-05     2.1387E-03
   889     1.9055E-01  1.8197E-01     4.6073E-02     1.0514E-04     2.2820E-03
   890     1.8197E-01  1.7378E-01     4.6052E-02     1.1040E-04     2.3973E-03
   891     1.7378E-01  1.6596E-01     4.6043E-02     1.1490E-04     2.4955E-03
   892     1.6596E-01  1.5849E-01     4.6055E-02     1.1872E-04     2.5778E-03
   893     1.5849E-01  1.5136E-01     4.6030E-02     1.2267E-04     2.6650E-03
   894     1.5136E-01  1.4454E-01     4.6105E-02     1.2617E-04     2.7366E-03
   895     1.4454E-01  1.3804E-01     4.6013E-02     1.2761E-04     2.7734E-03
   896     1.3804E-01  1.3183E-01     4.6030E-02     1.2969E-04     2.8175E-03
   897     1.3183E-01  1.2589E-01     4.6105E-02     1.3086E-04     2.8383E-03
   898     1.2589E-01  1.2023E-01     4.6002E-02     1.3098E-04     2.8473E-03
   899     1.2023E-01  1.1482E-01     4.6041E-02     1.3076E-04     2.8401E-03
   900     1.1482E-01  1.0965E-01     4.6072E-02     1.3067E-04     2.8362E-03
   901     1.0965E-01  1.0471E-01     4.6099E-02     1.2846E-04     2.7866E-03
   902     1.0471E-01  1.0000E-01     4.6024E-02     1.2826E-04     2.7868E-03
   903     1.0000E-01  9.5499E-02     4.6054E-02     1.2388E-04     2.6899E-03
   904     9.5499E-02  9.1201E-02     4.6050E-02     1.2387E-04     2.6899E-03
   905     9.1201E-02  8.7096E-02     4.6055E-02     1.1917E-04     2.5876E-03
   906     8.7096E-02  8.3176E-02     4.6052E-02     1.1726E-04     2.5462E-03
   907     8.3176E-02  7.9433E-02     4.6045E-02     1.1581E-04     2.5152E-03
   908     7.9433E-02  7.5858E-02     4.6051E-02     1.0798E-04     2.3448E-03
   909     7.5858E-02  7.2444E-02     4.6049E-02     1.0797E-04     2.3447E-03
   910     7.2444E-02  6.9183E-02     4.6059E-02     1.0489E-04     2.2773E-03
   911     6.9183E-02  6.6069E-02     4.6056E-02     9.5815E-05     2.0804E-03
   912     6.6069E-02  6.3096E-02     4.6042E-02     9.5788E-05     2.0804E-03
   913     6.3096E-02  6.0256E-02     4.6055E-02     9.5815E-05     2.0804E-03
   914     6.0256E-02  5.7544E-02     4.6052E-02     8.2167E-05     1.7842E-03
   915     5.7544E-02  5.4954E-02     4.6053E-02     8.0780E-05     1.7541E-03
   916     5.4954E-02  5.2481E-02     4.6045E-02     8.0765E-05     1.7540E-03
   917     5.2481E-02  5.0119E-02     4.6051E-02     8.0775E-05     1.7540E-03
   918     5.0119E-02  4.7863E-02     4.6057E-02     6.8844E-05     1.4947E-03
   919     4.7863E-02  4.5709E-02     4.6048E-02     6.8179E-05     1.4806E-03
   920     4.5709E-02  4.3652E-02     4.6046E-02     6.2033E-05     1.3472E-03
   921     4.3652E-02  4.1687E-02     4.6060E-02     5.8893E-05     1.2786E-03
   922     4.1687E-02  3.9811E-02     4.6046E-02     5.7892E-05     1.2573E-03
   923     3.9811E-02  3.8019E-02     4.6057E-02     4.9323E-05     1.0709E-03
   924     3.8019E-02  3.6308E-02     4.6048E-02     4.9313E-05     1.0709E-03
   925     3.6308E-02  3.4674E-02     4.6048E-02     4.7366E-05     1.0286E-03
   926     3.4674E-02  3.3113E-02     4.6064E-02     3.9744E-05     8.6280E-04
   927     3.3113E-02  3.1623E-02     4.6041E-02     3.9724E-05     8.6279E-04
   928     3.1623E-02  3.0200E-02     4.6043E-02     3.9725E-05     8.6278E-04
   929     3.0200E-02  2.8840E-02     4.6079E-02     3.1752E-05     6.8908E-04
   930     2.8840E-02  2.7542E-02     4.6051E-02     3.0386E-05     6.5983E-04
   931     2.7542E-02  2.6303E-02     4.6029E-02     3.0371E-05     6.5982E-04
   932     2.6303E-02  2.5119E-02     4.6058E-02     3.0390E-05     6.5981E-04
   933     2.5119E-02  2.3988E-02     4.6071E-02     2.2466E-05     4.8764E-04
   934     2.3988E-02  2.2909E-02     4.6024E-02     2.1533E-05     4.6787E-04
   935     2.2909E-02  2.1878E-02     4.6048E-02     2.1544E-05     4.6786E-04
   936     2.1878E-02  2.0893E-02     4.6067E-02     2.1553E-05     4.6786E-04
   937     2.0893E-02  1.9953E-02     4.6035E-02     2.1133E-05     4.5907E-04
   938     1.9953E-02  1.9055E-02     4.6050E-02     1.3614E-05     2.9564E-04
   939     1.9055E-02  1.8197E-02     4.6073E-02     1.3621E-05     2.9564E-04
   940     1.8197E-02  1.7378E-02     4.6052E-02     1.3615E-05     2.9565E-04
   941     1.7378E-02  1.6596E-02     4.6043E-02     1.3612E-05     2.9563E-04
   942     1.6596E-02  1.5849E-02     4.6055E-02     1.3616E-05     2.9564E-04
   943     1.5849E-02  1.5136E-02     4.6030E-02     1.3608E-05     2.9563E-04
   944     1.5136E-02  1.4454E-02     4.6105E-02     8.3555E-06     1.8123E-04
   945     1.4454E-02  1.3804E-02     4.6013E-02     7.0574E-06     1.5338E-04
   946     1.3804E-02  1.3183E-02     4.6030E-02     7.0601E-06     1.5338E-04
   947     1.3183E-02  1.2589E-02     4.6105E-02     7.0715E-06     1.5338E-04
   948     1.2589E-02  1.2023E-02     4.6002E-02     7.0558E-06     1.5338E-04
   949     1.2023E-02  1.1482E-02     4.6041E-02     7.0617E-06     1.5338E-04
   950     1.1482E-02  1.0965E-02     4.6072E-02     7.0665E-06     1.5338E-04
   951     1.0965E-02  1.0471E-02     4.6099E-02     7.0706E-06     1.5338E-04
   952     1.0471E-02  1.0000E-02     4.6024E-02     7.0592E-06     1.5338E-04
   953     1.0000E-02  9.5499E-03     4.6054E-02     2.4185E-06     5.2514E-05
   954     9.5499E-03  9.1201E-03     4.6050E-02     2.4183E-06     5.2515E-05
   955     9.1201E-03  8.7096E-03     4.6055E-02     2.4185E-06     5.2513E-05
   956     8.7096E-03  8.3176E-03     4.6052E-02     2.4184E-06     5.2514E-05
   957     8.3176E-03  7.9433E-03     4.6045E-02     2.4180E-06     5.2514E-05
   958     7.9433E-03  7.5858E-03     4.6051E-02     2.4183E-06     5.2514E-05
   959     7.5858E-03  7.2444E-03     4.6049E-02     2.4182E-06     5.2513E-05
   960     7.2444E-03  6.9183E-03     4.6059E-02     2.4187E-06     5.2513E-05
   961     6.9183E-03  6.6069E-03     4.6056E-02     2.4186E-06     5.2515E-05
   962     6.6069E-03  6.3096E-03     4.6042E-02     2.4179E-06     5.2515E-05
   963     6.3096E-03  6.0256E-03     4.6055E-02     2.4186E-06     5.2515E-05
   964     6.0256E-03  5.7544E-03     4.6052E-02     2.4184E-06     5.2514E-05
   965     5.7544E-03  5.4954E-03     4.6053E-02     2.4185E-06     5.2515E-05
   966     5.4954E-03  5.2481E-03     4.6045E-02     2.4180E-06     5.2514E-05
   967     5.2481E-03  5.0119E-03     4.6051E-02     2.4183E-06     5.2513E-05
   968     5.0119E-03  4.7863E-03     4.6057E-02     3.9441E-07     8.5634E-06
   969     4.7863E-03  4.5709E-03     4.6048E-02     2.8418E-07     6.1714E-06
   970     4.5709E-03  4.3652E-03     4.6046E-02     2.8417E-07     6.1714E-06
   971     4.3652E-03  4.1687E-03     4.6060E-02     2.8426E-07     6.1715E-06
   972     4.1687E-03  3.9811E-03     4.6046E-02     2.8417E-07     6.1714E-06
   973     3.9811E-03  3.8019E-03     4.6057E-02     2.8424E-07     6.1715E-06
   974     3.8019E-03  3.6308E-03     4.6048E-02     2.8418E-07     6.1714E-06
   975     3.6308E-03  3.4674E-03     4.6048E-02     2.8418E-07     6.1714E-06
   976     3.4674E-03  3.3113E-03     4.6064E-02     2.8428E-07     6.1714E-06
   977     3.3113E-03  3.1623E-03     4.6041E-02     2.8414E-07     6.1714E-06
   978     3.1623E-03  3.0200E-03     4.6043E-02     2.8415E-07     6.1714E-06
   979     3.0200E-03  2.8840E-03     4.6079E-02     2.8437E-07     6.1714E-06
   980     2.8840E-03  2.7542E-03     4.6051E-02     2.8420E-07     6.1714E-06
   981     2.7542E-03  2.6303E-03     4.6029E-02     2.8407E-07     6.1715E-06
   982     2.6303E-03  2.5119E-03     4.6058E-02     2.8425E-07     6.1715E-06
   983     2.5119E-03  2.3988E-03     4.6071E-02     2.8432E-07     6.1714E-06
   984     2.3988E-03  2.2909E-03     4.6024E-02     2.8404E-07     6.1716E-06
   985     2.2909E-03  2.1878E-03     4.6048E-02     2.8419E-07     6.1716E-06
   986     2.1878E-03  2.0893E-03     4.6067E-02     2.8430E-07     6.1714E-06
   987     2.0893E-03  1.9953E-03     4.6035E-02     2.8410E-07     6.1714E-06
   988     1.9953E-03  1.9055E-03     4.6050E-02     2.8420E-07     6.1716E-06
   989     1.9055E-03  1.8197E-03     4.6073E-02     2.8434E-07     6.1715E-06
   990     1.8197E-03  1.7378E-03     4.6052E-02     2.8421E-07     6.1715E-06
   991     1.7378E-03  1.6596E-03     4.6043E-02     2.8416E-07     6.1716E-06
   992     1.6596E-03  1.5849E-03     4.6055E-02     2.8423E-07     6.1715E-06
   993     1.5849E-03  1.5136E-03     4.6030E-02     2.8408E-07     6.1716E-06
   994     1.5136E-03  1.4454E-03     4.6105E-02     2.8454E-07     6.1716E-06
   995     1.4454E-03  1.3804E-03     4.6013E-02     2.8397E-07     6.1715E-06
   996     1.3804E-03  1.3183E-03     4.6030E-02     2.8408E-07     6.1716E-06
   997     1.3183E-03  1.2589E-03     4.6105E-02     2.8453E-07     6.1714E-06
   998     1.2589E-03  1.2023E-03     4.6002E-02     2.8390E-07     6.1715E-06
   999     1.2023E-03  1.1482E-03     4.6041E-02     2.8414E-07     6.1715E-06
  1000     1.1482E-03  1.0965E-03     4.6072E-02     2.8433E-07     6.1714E-06
  1001     1.0965E-03  1.0471E-03     4.6099E-02     2.8450E-07     6.1715E-06
  1002     1.0471E-03  1.0000E-03     4.6024E-02     2.8342E-07     6.1580E-06
  1003     1.0000E-03  9.5499E-04     4.6054E-02     0.0000E+00     0.0000E+00
  1004     9.5499E-04  9.1201E-04     4.6050E-02     0.0000E+00     0.0000E+00
  1005     9.1201E-04  8.7096E-04     4.6055E-02     0.0000E+00     0.0000E+00
  1006     8.7096E-04  8.3176E-04     4.6052E-02     0.0000E+00     0.0000E+00
  1007     8.3176E-04  7.9433E-04     4.6045E-02     0.0000E+00     0.0000E+00
  1008     7.9433E-04  7.5858E-04     4.6051E-02     0.0000E+00     0.0000E+00
  1009     7.5858E-04  7.2444E-04     4.6049E-02     0.0000E+00     0.0000E+00
  1010     7.2444E-04  6.9183E-04     4.6059E-02     0.0000E+00     0.0000E+00
  1011     6.9183E-04  6.6069E-04     4.6056E-02     0.0000E+00     0.0000E+00
  1012     6.6069E-04  6.3096E-04     4.6042E-02     0.0000E+00     0.0000E+00
  1013     6.3096E-04  6.0256E-04     4.6055E-02     0.0000E+00     0.0000E+00
  1014     6.0256E-04  5.7544E-04     4.6052E-02     0.0000E+00     0.0000E+00
  1015     5.7544E-04  5.4954E-04     4.6053E-02     0.0000E+00     0.0000E+00
  1016     5.4954E-04  5.2481E-04     4.6045E-02     0.0000E+00     0.0000E+00
  1017     5.2481E-04  5.0119E-04     4.6051E-02     0.0000E+00     0.0000E+00
  1018     5.0119E-04  4.7863E-04     4.6057E-02     0.0000E+00     0.0000E+00
  1019     4.7863E-04  4.5709E-04     4.6048E-02     0.0000E+00     0.0000E+00
  1020     4.5709E-04  4.3652E-04     4.6046E-02     0.0000E+00     0.0000E+00
  1021     4.3652E-04  4.1687E-04     4.6060E-02     0.0000E+00     0.0000E+00
  1022     4.1687E-04  3.9811E-04     4.6046E-02     0.0000E+00     0.0000E+00
  1023     3.9811E-04  3.8019E-04     4.6057E-02     0.0000E+00     0.0000E+00
  1024     3.8019E-04  3.6308E-04     4.6048E-02     0.0000E+00     0.0000E+00
  1025     3.6308E-04  3.4674E-04     4.6048E-02     0.0000E+00     0.0000E+00
  1026     3.4674E-04  3.3113E-04     4.6064E-02     0.0000E+00     0.0000E+00
  1027     3.3113E-04  3.1623E-04     4.6041E-02     0.0000E+00     0.0000E+00
  1028     3.1623E-04  3.0200E-04     4.6043E-02     0.0000E+00     0.0000E+00
  1029     3.0200E-04  2.8840E-04     4.6079E-02     0.0000E+00     0.0000E+00
  1030     2.8840E-04  2.7542E-04     4.6051E-02     0.0000E+00     0.0000E+00
  1031     2.7542E-04  2.6303E-04     4.6029E-02     0.0000E+00     0.0000E+00
  1032     2.6303E-04  2.5119E-04     4.6058E-02     0.0000E+00     0.0000E+00
  1033     2.5119E-04  2.3988E-04     4.6071E-02     0.0000E+00     0.0000E+00
  1034     2.3988E-04  2.2909E-04     4.6024E-02     0.0000E+00     0.0000E+00
  1035     2.2909E-04  2.1878E-04     4.6048E-02     0.0000E+00     0.0000E+00
  1036     2.1878E-04  2.0893E-04     4.6067E-02     0.0000E+00     0.0000E+00
  1037     2.0893E-04  1.9953E-04     4.6035E-02     0.0000E+00     0.0000E+00
  1038     1.9953E-04  1.9055E-04     4.6050E-02     0.0000E+00     0.0000E+00
  1039     1.9055E-04  1.8197E-04     4.6073E-02     0.0000E+00     0.0000E+00
  1040     1.8197E-04  1.7378E-04     4.6052E-02     0.0000E+00     0.0000E+00
  1041     1.7378E-04  1.6596E-04     4.6043E-02     0.0000E+00     0.0000E+00
  1042     1.6596E-04  1.5849E-04     4.6055E-02     0.0000E+00     0.0000E+00
  1043     1.5849E-04  1.5136E-04     4.6030E-02     0.0000E+00     0.0000E+00
  1044     1.5136E-04  1.4454E-04     4.6105E-02     0.0000E+00     0.0000E+00
  1045     1.4454E-04  1.3804E-04     4.6013E-02     0.0000E+00     0.0000E+00
  1046     1.3804E-04  1.3183E-04     4.6030E-02     0.0000E+00     0.0000E+00
  1047     1.3183E-04  1.2589E-04     4.6105E-02     0.0000E+00     0.0000E+00
  1048     1.2589E-04  1.2023E-04     4.6002E-02     0.0000E+00     0.0000E+00
  1049     1.2023E-04  1.1482E-04     4.6041E-02     0.0000E+00     0.0000E+00
  1050     1.1482E-04  1.0965E-04     4.6072E-02     0.0000E+00     0.0000E+00
  1051     1.0965E-04  1.0471E-04     4.6099E-02     0.0000E+00     0.0000E+00
  1052     1.0471E-04  1.0000E-04     4.6024E-02     0.0000E+00     0.0000E+00
  1053     1.0000E-04  9.5499E-05     4.6054E-02     0.0000E+00     0.0000E+00
  1054     9.5499E-05  9.1201E-05     4.6050E-02     0.0000E+00     0.0000E+00
  1055     9.1201E-05  8.7096E-05     4.6055E-02     0.0000E+00     0.0000E+00
  1056     8.7096E-05  8.3176E-05     4.6052E-02     0.0000E+00     0.0000E+00
  1057     8.3176E-05  7.9433E-05     4.6045E-02     0.0000E+00     0.0000E+00
  1058     7.9433E-05  7.5858E-05     4.6051E-02     0.0000E+00     0.0000E+00
  1059     7.5858E-05  7.2444E-05     4.6049E-02     0.0000E+00     0.0000E+00
  1060     7.2444E-05  6.9183E-05     4.6059E-02     0.0000E+00     0.0000E+00
  1061     6.9183E-05  6.6069E-05     4.6056E-02     0.0000E+00     0.0000E+00
  1062     6.6069E-05  6.3096E-05     4.6042E-02     0.0000E+00     0.0000E+00
  1063     6.3096E-05  6.0256E-05     4.6055E-02     0.0000E+00     0.0000E+00
  1064     6.0256E-05  5.7544E-05     4.6052E-02     0.0000E+00     0.0000E+00
  1065     5.7544E-05  5.4954E-05     4.6053E-02     0.0000E+00     0.0000E+00
  1066     5.4954E-05  5.2481E-05     4.6045E-02     0.0000E+00     0.0000E+00
  1067     5.2481E-05  5.0119E-05     4.6051E-02     0.0000E+00     0.0000E+00
  1068     5.0119E-05  4.7863E-05     4.6057E-02     0.0000E+00     0.0000E+00
  1069     4.7863E-05  4.5709E-05     4.6048E-02     0.0000E+00     0.0000E+00
  1070     4.5709E-05  4.3652E-05     4.6046E-02     0.0000E+00     0.0000E+00
  1071     4.3652E-05  4.1687E-05     4.6060E-02     0.0000E+00     0.0000E+00
  1072     4.1687E-05  3.9811E-05     4.6046E-02     0.0000E+00     0.0000E+00
  1073     3.9811E-05  3.8019E-05     4.6057E-02     0.0000E+00     0.0000E+00
  1074     3.8019E-05  3.6308E-05     4.6048E-02     0.0000E+00     0.0000E+00
  1075     3.6308E-05  3.4674E-05     4.6048E-02     0.0000E+00     0.0000E+00
  1076     3.4674E-05  3.3113E-05     4.6064E-02     0.0000E+00     0.0000E+00
  1077     3.3113E-05  3.1623E-05     4.6041E-02     0.0000E+00     0.0000E+00
  1078     3.1623E-05  3.0200E-05     4.6043E-02     0.0000E+00     0.0000E+00
  1079     3.0200E-05  2.8840E-05     4.6079E-02     0.0000E+00     0.0000E+00
  1080     2.8840E-05  2.7542E-05     4.6051E-02     0.0000E+00     0.0000E+00
  1081     2.7542E-05  2.6303E-05     4.6029E-02     0.0000E+00     0.0000E+00
  1082     2.6303E-05  2.5119E-05     4.6058E-02     0.0000E+00     0.0000E+00
  1083     2.5119E-05  2.3988E-05     4.6071E-02     0.0000E+00     0.0000E+00
  1084     2.3988E-05  2.2909E-05     4.6024E-02     0.0000E+00     0.0000E+00
  1085     2.2909E-05  2.1878E-05     4.6048E-02     0.0000E+00     0.0000E+00
  1086     2.1878E-05  2.0893E-05     4.6067E-02     0.0000E+00     0.0000E+00
  1087     2.0893E-05  1.9953E-05     4.6035E-02     0.0000E+00     0.0000E+00
  1088     1.9953E-05  1.9055E-05     4.6050E-02     0.0000E+00     0.0000E+00
  1089     1.9055E-05  1.8197E-05     4.6073E-02     0.0000E+00     0.0000E+00
  1090     1.8197E-05  1.7378E-05     4.6052E-02     0.0000E+00     0.0000E+00
  1091     1.7378E-05  1.6596E-05     4.6043E-02     0.0000E+00     0.0000E+00
  1092     1.6596E-05  1.5849E-05     4.6055E-02     0.0000E+00     0.0000E+00
  1093     1.5849E-05  1.5136E-05     4.6030E-02     0.0000E+00     0.0000E+00
  1094     1.5136E-05  1.4454E-05     4.6105E-02     0.0000E+00     0.0000E+00
  1095     1.4454E-05  1.3804E-05     4.6013E-02     0.0000E+00     0.0000E+00
  1096     1.3804E-05  1.3183E-05     4.6030E-02     0.0000E+00     0.0000E+00
  1097     1.3183E-05  1.2589E-05     4.6105E-02     0.0000E+00     0.0000E+00
  1098     1.2589E-05  1.2023E-05     4.6002E-02     0.0000E+00     0.0000E+00
  1099     1.2023E-05  1.1482E-05     4.6041E-02     0.0000E+00     0.0000E+00
  1100     1.1482E-05  1.0965E-05     4.6072E-02     0.0000E+00     0.0000E+00
  1101     1.0965E-05  1.0471E-05     4.6099E-02     0.0000E+00     0.0000E+00
  1102     1.0471E-05  1.0001E-03    -4.5592E+00     0.0000E+00     0.0000E+00
  TOTAL                                              1.0628E-01
