  GROUP      UPPER       LOWER         LETHARGY         DATA        DATA/LETHARGY

     1     1.0000E+09  9.5499E+08     4.6054E-02     0.0000E+00     0.0000E+00
     2     9.5499E+08  9.1201E+08     4.6050E-02     0.0000E+00     0.0000E+00
     3     9.1201E+08  8.7096E+08     4.6055E-02     0.0000E+00     0.0000E+00
     4     8.7096E+08  8.3176E+08     4.6052E-02     0.0000E+00     0.0000E+00
     5     8.3176E+08  7.9433E+08     4.6045E-02     0.0000E+00     0.0000E+00
     6     7.9433E+08  7.5858E+08     4.6051E-02     0.0000E+00     0.0000E+00
     7     7.5858E+08  7.2444E+08     4.6049E-02     0.0000E+00     0.0000E+00
     8     7.2444E+08  6.9183E+08     4.6059E-02     0.0000E+00     0.0000E+00
     9     6.9183E+08  6.6069E+08     4.6056E-02     0.0000E+00     0.0000E+00
    10     6.6069E+08  6.3096E+08     4.6042E-02     0.0000E+00     0.0000E+00
    11     6.3096E+08  6.0256E+08     4.6055E-02     0.0000E+00     0.0000E+00
    12     6.0256E+08  5.7544E+08     4.6052E-02     0.0000E+00     0.0000E+00
    13     5.7544E+08  5.4954E+08     4.6053E-02     0.0000E+00     0.0000E+00
    14     5.4954E+08  5.2481E+08     4.6045E-02     0.0000E+00     0.0000E+00
    15     5.2481E+08  5.0119E+08     4.6051E-02     0.0000E+00     0.0000E+00
    16     5.0119E+08  4.7863E+08     4.6057E-02     0.0000E+00     0.0000E+00
    17     4.7863E+08  4.5709E+08     4.6048E-02     0.0000E+00     0.0000E+00
    18     4.5709E+08  4.3652E+08     4.6046E-02     0.0000E+00     0.0000E+00
    19     4.3652E+08  4.1687E+08     4.6060E-02     0.0000E+00     0.0000E+00
    20     4.1687E+08  3.9811E+08     4.6046E-02     0.0000E+00     0.0000E+00
    21     3.9811E+08  3.8019E+08     4.6057E-02     0.0000E+00     0.0000E+00
    22     3.8019E+08  3.6308E+08     4.6048E-02     0.0000E+00     0.0000E+00
    23     3.6308E+08  3.4674E+08     4.6048E-02     0.0000E+00     0.0000E+00
    24     3.4674E+08  3.3113E+08     4.6064E-02     0.0000E+00     0.0000E+00
    25     3.3113E+08  3.1623E+08     4.6041E-02     0.0000E+00     0.0000E+00
    26     3.1623E+08  3.0200E+08     4.6043E-02     0.0000E+00     0.0000E+00
    27     3.0200E+08  2.8840E+08     4.6079E-02     0.0000E+00     0.0000E+00
    28     2.8840E+08  2.7542E+08     4.6051E-02     0.0000E+00     0.0000E+00
    29     2.7542E+08  2.6303E+08     4.6029E-02     0.0000E+00     0.0000E+00
    30     2.6303E+08  2.5119E+08     4.6058E-02     0.0000E+00     0.0000E+00
    31     2.5119E+08  2.3988E+08     4.6071E-02     0.0000E+00     0.0000E+00
    32     2.3988E+08  2.2909E+08     4.6024E-02     0.0000E+00     0.0000E+00
    33     2.2909E+08  2.1878E+08     4.6048E-02     0.0000E+00     0.0000E+00
    34     2.1878E+08  2.0893E+08     4.6067E-02     0.0000E+00     0.0000E+00
    35     2.0893E+08  1.9953E+08     4.6035E-02     0.0000E+00     0.0000E+00
    36     1.9953E+08  1.9055E+08     4.6050E-02     0.0000E+00     0.0000E+00
    37     1.9055E+08  1.8197E+08     4.6073E-02     0.0000E+00     0.0000E+00
    38     1.8197E+08  1.7378E+08     4.6052E-02     0.0000E+00     0.0000E+00
    39     1.7378E+08  1.6596E+08     4.6043E-02     0.0000E+00     0.0000E+00
    40     1.6596E+08  1.5849E+08     4.6055E-02     0.0000E+00     0.0000E+00
    41     1.5849E+08  1.5136E+08     4.6030E-02     0.0000E+00     0.0000E+00
    42     1.5136E+08  1.4454E+08     4.6105E-02     0.0000E+00     0.0000E+00
    43     1.4454E+08  1.3804E+08     4.6013E-02     0.0000E+00     0.0000E+00
    44     1.3804E+08  1.3183E+08     4.6030E-02     0.0000E+00     0.0000E+00
    45     1.3183E+08  1.2589E+08     4.6105E-02     0.0000E+00     0.0000E+00
    46     1.2589E+08  1.2023E+08     4.6002E-02     0.0000E+00     0.0000E+00
    47     1.2023E+08  1.1482E+08     4.6041E-02     0.0000E+00     0.0000E+00
    48     1.1482E+08  1.0965E+08     4.6072E-02     0.0000E+00     0.0000E+00
    49     1.0965E+08  1.0471E+08     4.6099E-02     0.0000E+00     0.0000E+00
    50     1.0471E+08  1.0000E+08     4.6024E-02     0.0000E+00     0.0000E+00
    51     1.0000E+08  9.5499E+07     4.6054E-02     0.0000E+00     0.0000E+00
    52     9.5499E+07  9.1201E+07     4.6050E-02     0.0000E+00     0.0000E+00
    53     9.1201E+07  8.7096E+07     4.6055E-02     0.0000E+00     0.0000E+00
    54     8.7096E+07  8.3176E+07     4.6052E-02     0.0000E+00     0.0000E+00
    55     8.3176E+07  7.9433E+07     4.6045E-02     0.0000E+00     0.0000E+00
    56     7.9433E+07  7.5858E+07     4.6051E-02     0.0000E+00     0.0000E+00
    57     7.5858E+07  7.2444E+07     4.6049E-02     0.0000E+00     0.0000E+00
    58     7.2444E+07  6.9183E+07     4.6059E-02     0.0000E+00     0.0000E+00
    59     6.9183E+07  6.6069E+07     4.6056E-02     0.0000E+00     0.0000E+00
    60     6.6069E+07  6.3096E+07     4.6042E-02     0.0000E+00     0.0000E+00
    61     6.3096E+07  6.0256E+07     4.6055E-02     0.0000E+00     0.0000E+00
    62     6.0256E+07  5.7544E+07     4.6052E-02     0.0000E+00     0.0000E+00
    63     5.7544E+07  5.4954E+07     4.6053E-02     0.0000E+00     0.0000E+00
    64     5.4954E+07  5.2481E+07     4.6045E-02     0.0000E+00     0.0000E+00
    65     5.2481E+07  5.0119E+07     4.6051E-02     0.0000E+00     0.0000E+00
    66     5.0119E+07  4.7863E+07     4.6057E-02     0.0000E+00     0.0000E+00
    67     4.7863E+07  4.5709E+07     4.6048E-02     0.0000E+00     0.0000E+00
    68     4.5709E+07  4.3652E+07     4.6046E-02     0.0000E+00     0.0000E+00
    69     4.3652E+07  4.1687E+07     4.6060E-02     0.0000E+00     0.0000E+00
    70     4.1687E+07  3.9811E+07     4.6046E-02     0.0000E+00     0.0000E+00
    71     3.9811E+07  3.8019E+07     4.6057E-02     0.0000E+00     0.0000E+00
    72     3.8019E+07  3.6308E+07     4.6048E-02     0.0000E+00     0.0000E+00
    73     3.6308E+07  3.4674E+07     4.6048E-02     0.0000E+00     0.0000E+00
    74     3.4674E+07  3.3113E+07     4.6064E-02     0.0000E+00     0.0000E+00
    75     3.3113E+07  3.1623E+07     4.6041E-02     0.0000E+00     0.0000E+00
    76     3.1623E+07  3.0200E+07     4.6043E-02     0.0000E+00     0.0000E+00
    77     3.0200E+07  3.0000E+07     6.6445E-03     0.0000E+00     0.0000E+00
    78     3.0000E+07  2.9800E+07     6.6890E-03     0.0000E+00     0.0000E+00
    79     2.9800E+07  2.9600E+07     6.7340E-03     0.0000E+00     0.0000E+00
    80     2.9600E+07  2.9400E+07     6.7797E-03     0.0000E+00     0.0000E+00
    81     2.9400E+07  2.9200E+07     6.8260E-03     0.0000E+00     0.0000E+00
    82     2.9200E+07  2.9000E+07     6.8729E-03     0.0000E+00     0.0000E+00
    83     2.9000E+07  2.8800E+07     6.9204E-03     0.0000E+00     0.0000E+00
    84     2.8800E+07  2.8600E+07     6.9687E-03     0.0000E+00     0.0000E+00
    85     2.8600E+07  2.8400E+07     7.0176E-03     0.0000E+00     0.0000E+00
    86     2.8400E+07  2.8200E+07     7.0672E-03     0.0000E+00     0.0000E+00
    87     2.8200E+07  2.8000E+07     7.1175E-03     0.0000E+00     0.0000E+00
    88     2.8000E+07  2.7800E+07     7.1685E-03     0.0000E+00     0.0000E+00
    89     2.7800E+07  2.7600E+07     7.2202E-03     0.0000E+00     0.0000E+00
    90     2.7600E+07  2.7400E+07     7.2728E-03     0.0000E+00     0.0000E+00
    91     2.7400E+07  2.7200E+07     7.3260E-03     0.0000E+00     0.0000E+00
    92     2.7200E+07  2.7000E+07     7.3801E-03     0.0000E+00     0.0000E+00
    93     2.7000E+07  2.6800E+07     7.4350E-03     0.0000E+00     0.0000E+00
    94     2.6800E+07  2.6600E+07     7.4907E-03     0.0000E+00     0.0000E+00
    95     2.6600E+07  2.6400E+07     7.5472E-03     0.0000E+00     0.0000E+00
    96     2.6400E+07  2.6200E+07     7.6046E-03     0.0000E+00     0.0000E+00
    97     2.6200E+07  2.6000E+07     7.6629E-03     0.0000E+00     0.0000E+00
    98     2.6000E+07  2.5800E+07     7.7220E-03     0.0000E+00     0.0000E+00
    99     2.5800E+07  2.5600E+07     7.7821E-03     0.0000E+00     0.0000E+00
   100     2.5600E+07  2.5400E+07     7.8432E-03     0.0000E+00     0.0000E+00
   101     2.5400E+07  2.5200E+07     7.9052E-03     0.0000E+00     0.0000E+00
   102     2.5200E+07  2.5000E+07     7.9682E-03     0.0000E+00     0.0000E+00
   103     2.5000E+07  2.4800E+07     8.0322E-03     0.0000E+00     0.0000E+00
   104     2.4800E+07  2.4600E+07     8.0972E-03     0.0000E+00     0.0000E+00
   105     2.4600E+07  2.4400E+07     8.1633E-03     0.0000E+00     0.0000E+00
   106     2.4400E+07  2.4200E+07     8.2305E-03     0.0000E+00     0.0000E+00
   107     2.4200E+07  2.4000E+07     8.2988E-03     0.0000E+00     0.0000E+00
   108     2.4000E+07  2.3800E+07     8.3682E-03     0.0000E+00     0.0000E+00
   109     2.3800E+07  2.3600E+07     8.4389E-03     0.0000E+00     0.0000E+00
   110     2.3600E+07  2.3400E+07     8.5107E-03     0.0000E+00     0.0000E+00
   111     2.3400E+07  2.3200E+07     8.5837E-03     0.0000E+00     0.0000E+00
   112     2.3200E+07  2.3000E+07     8.6581E-03     0.0000E+00     0.0000E+00
   113     2.3000E+07  2.2800E+07     8.7337E-03     0.0000E+00     0.0000E+00
   114     2.2800E+07  2.2600E+07     8.8106E-03     0.0000E+00     0.0000E+00
   115     2.2600E+07  2.2400E+07     8.8889E-03     0.0000E+00     0.0000E+00
   116     2.2400E+07  2.2200E+07     8.9687E-03     0.0000E+00     0.0000E+00
   117     2.2200E+07  2.2000E+07     9.0498E-03     0.0000E+00     0.0000E+00
   118     2.2000E+07  2.1800E+07     9.1325E-03     0.0000E+00     0.0000E+00
   119     2.1800E+07  2.1600E+07     9.2167E-03     0.0000E+00     0.0000E+00
   120     2.1600E+07  2.1400E+07     9.3024E-03     0.0000E+00     0.0000E+00
   121     2.1400E+07  2.1200E+07     9.3897E-03     0.0000E+00     0.0000E+00
   122     2.1200E+07  2.1000E+07     9.4787E-03     0.0000E+00     0.0000E+00
   123     2.1000E+07  2.0800E+07     9.5695E-03     0.0000E+00     0.0000E+00
   124     2.0800E+07  2.0600E+07     9.6619E-03     0.0000E+00     0.0000E+00
   125     2.0600E+07  2.0400E+07     9.7562E-03     0.0000E+00     0.0000E+00
   126     2.0400E+07  2.0200E+07     9.8523E-03     0.0000E+00     0.0000E+00
   127     2.0200E+07  2.0000E+07     9.9503E-03     0.0000E+00     0.0000E+00
   128     2.0000E+07  1.9800E+07     1.0050E-02     1.0929E-08     1.0874E-06
   129     1.9800E+07  1.9600E+07     1.0152E-02     1.1040E-08     1.0874E-06
   130     1.9600E+07  1.9400E+07     1.0257E-02     1.1154E-08     1.0875E-06
   131     1.9400E+07  1.9200E+07     1.0363E-02     1.1269E-08     1.0874E-06
   132     1.9200E+07  1.9000E+07     1.0471E-02     1.1387E-08     1.0874E-06
   133     1.9000E+07  1.8800E+07     1.0582E-02     1.1508E-08     1.0875E-06
   134     1.8800E+07  1.8600E+07     1.0695E-02     1.1631E-08     1.0875E-06
   135     1.8600E+07  1.8400E+07     1.0811E-02     1.1756E-08     1.0874E-06
   136     1.8400E+07  1.8200E+07     1.0929E-02     1.1885E-08     1.0875E-06
   137     1.8200E+07  1.8000E+07     1.1050E-02     1.2016E-08     1.0874E-06
   138     1.8000E+07  1.7800E+07     1.1173E-02     1.2151E-08     1.0875E-06
   139     1.7800E+07  1.7600E+07     1.1300E-02     1.2288E-08     1.0875E-06
   140     1.7600E+07  1.7400E+07     1.1429E-02     1.2428E-08     1.0874E-06
   141     1.7400E+07  1.7200E+07     1.1561E-02     2.3312E-08     2.0165E-06
   142     1.7200E+07  1.7000E+07     1.1696E-02     2.9150E-08     2.4923E-06
   143     1.7000E+07  1.6800E+07     1.1834E-02     3.4955E-08     2.9537E-06
   144     1.6800E+07  1.6600E+07     1.1976E-02     4.0343E-08     3.3686E-06
   145     1.6600E+07  1.6400E+07     1.2121E-02     5.0122E-08     4.1350E-06
   146     1.6400E+07  1.6200E+07     1.2270E-02     6.2878E-08     5.1245E-06
   147     1.6200E+07  1.6000E+07     1.2423E-02     6.3660E-08     5.1246E-06
   148     1.6000E+07  1.5800E+07     1.2579E-02     6.4460E-08     5.1245E-06
   149     1.5800E+07  1.5600E+07     1.2739E-02     8.3514E-08     6.5558E-06
   150     1.5600E+07  1.5400E+07     1.2903E-02     1.1046E-07     8.5605E-06
   151     1.5400E+07  1.5200E+07     1.3072E-02     1.1190E-07     8.5602E-06
   152     1.5200E+07  1.5000E+07     1.3245E-02     1.1339E-07     8.5608E-06
   153     1.5000E+07  1.4800E+07     1.3423E-02     1.4517E-07     1.0815E-05
   154     1.4800E+07  1.4600E+07     1.3606E-02     1.6832E-07     1.2371E-05
   155     1.4600E+07  1.4400E+07     1.3793E-02     2.0939E-07     1.5181E-05
   156     1.4400E+07  1.4200E+07     1.3986E-02     2.2533E-07     1.6111E-05
   157     1.4200E+07  1.4000E+07     1.4185E-02     2.8918E-07     2.0387E-05
   158     1.4000E+07  1.3800E+07     1.4389E-02     3.1150E-07     2.1649E-05
   159     1.3800E+07  1.3600E+07     1.4599E-02     3.7762E-07     2.5867E-05
   160     1.3600E+07  1.3400E+07     1.4815E-02     4.5901E-07     3.0983E-05
   161     1.3400E+07  1.3200E+07     1.5038E-02     5.4382E-07     3.6163E-05
   162     1.3200E+07  1.3000E+07     1.5267E-02     5.5213E-07     3.6164E-05
   163     1.3000E+07  1.2800E+07     1.5504E-02     6.0412E-07     3.8965E-05
   164     1.2800E+07  1.2600E+07     1.5748E-02     7.8873E-07     5.0083E-05
   165     1.2600E+07  1.2400E+07     1.6000E-02     9.1936E-07     5.7459E-05
   166     1.2400E+07  1.2200E+07     1.6261E-02     1.0307E-06     6.3387E-05
   167     1.2200E+07  1.2000E+07     1.6529E-02     1.3408E-06     8.1117E-05
   168     1.2000E+07  1.1800E+07     1.6807E-02     1.3633E-06     8.1114E-05
   169     1.1800E+07  1.1600E+07     1.7094E-02     1.4425E-06     8.4384E-05
   170     1.1600E+07  1.1400E+07     1.7392E-02     2.0375E-06     1.1715E-04
   171     1.1400E+07  1.1200E+07     1.7700E-02     2.0735E-06     1.1715E-04
   172     1.1200E+07  1.1000E+07     1.8019E-02     2.4239E-06     1.3452E-04
   173     1.1000E+07  1.0800E+07     1.8349E-02     3.3675E-06     1.8352E-04
   174     1.0800E+07  1.0600E+07     1.8692E-02     3.4305E-06     1.8353E-04
   175     1.0600E+07  1.0400E+07     1.9048E-02     4.1522E-06     2.1798E-04
   176     1.0400E+07  1.0200E+07     1.9418E-02     4.7432E-06     2.4427E-04
   177     1.0200E+07  1.0000E+07     1.9803E-02     4.8371E-06     2.4427E-04
   178     1.0000E+07  9.8000E+06     2.0203E-02     6.9377E-06     3.4340E-04
   179     9.8000E+06  9.6000E+06     2.0619E-02     7.0807E-06     3.4340E-04
   180     9.6000E+06  9.4000E+06     2.1053E-02     8.8499E-06     4.2035E-04
   181     9.4000E+06  9.2000E+06     2.1506E-02     1.0319E-05     4.7982E-04
   182     9.2000E+06  9.0000E+06     2.1979E-02     1.1299E-05     5.1408E-04
   183     9.0000E+06  8.8000E+06     2.2473E-02     1.3938E-05     6.2021E-04
   184     8.8000E+06  8.6000E+06     2.2990E-02     1.4400E-05     6.2637E-04
   185     8.6000E+06  8.4000E+06     2.3530E-02     1.8654E-05     7.9276E-04
   186     8.4000E+06  8.2000E+06     2.4098E-02     1.9103E-05     7.9274E-04
   187     8.2000E+06  8.0000E+06     2.4693E-02     2.5681E-05     1.0400E-03
   188     8.0000E+06  7.8000E+06     2.5318E-02     2.6751E-05     1.0566E-03
   189     7.8000E+06  7.6000E+06     2.5975E-02     3.4178E-05     1.3158E-03
   190     7.6000E+06  7.4000E+06     2.6668E-02     3.5853E-05     1.3444E-03
   191     7.4000E+06  7.2000E+06     2.7399E-02     4.4622E-05     1.6286E-03
   192     7.2000E+06  7.0000E+06     2.8171E-02     4.9120E-05     1.7436E-03
   193     7.0000E+06  6.8000E+06     2.8988E-02     6.1276E-05     2.1139E-03
   194     6.8000E+06  6.6000E+06     2.9853E-02     6.8278E-05     2.2871E-03
   195     6.6000E+06  6.4000E+06     3.0772E-02     8.4392E-05     2.7425E-03
   196     6.4000E+06  6.2000E+06     3.1749E-02     9.8869E-05     3.1141E-03
   197     6.2000E+06  6.0000E+06     3.2790E-02     1.0701E-04     3.2635E-03
   198     6.0000E+06  5.8000E+06     3.3902E-02     1.1764E-04     3.4700E-03
   199     5.8000E+06  5.6000E+06     3.5091E-02     1.3494E-04     3.8454E-03
   200     5.6000E+06  5.4000E+06     3.6368E-02     1.5724E-04     4.3236E-03
   201     5.4000E+06  5.2000E+06     3.7740E-02     1.8406E-04     4.8770E-03
   202     5.2000E+06  5.0000E+06     3.9221E-02     2.0474E-04     5.2202E-03
   203     5.0000E+06  4.7863E+06     4.3680E-02     2.5821E-04     5.9114E-03
   204     4.7863E+06  4.5709E+06     4.6048E-02     2.8816E-04     6.2579E-03
   205     4.5709E+06  4.3652E+06     4.6046E-02     3.1629E-04     6.8690E-03
   206     4.3652E+06  4.1687E+06     4.6060E-02     3.3066E-04     7.1789E-03
   207     4.1687E+06  3.9811E+06     4.6046E-02     3.3908E-04     7.3639E-03
   208     3.9811E+06  3.8019E+06     4.6057E-02     3.4930E-04     7.5840E-03
   209     3.8019E+06  3.6308E+06     4.6048E-02     3.5928E-04     7.8023E-03
   210     3.6308E+06  3.4674E+06     4.6048E-02     3.8448E-04     8.3496E-03
   211     3.4674E+06  3.3113E+06     4.6064E-02     3.9284E-04     8.5281E-03
   212     3.3113E+06  3.1623E+06     4.6041E-02     4.5925E-04     9.9748E-03
   213     3.1623E+06  3.0200E+06     4.6043E-02     5.4847E-04     1.1912E-02
   214     3.0200E+06  2.8840E+06     4.6079E-02     5.5304E-04     1.2002E-02
   215     2.8840E+06  2.7542E+06     4.6051E-02     5.8905E-04     1.2791E-02
   216     2.7542E+06  2.6303E+06     4.6029E-02     6.3891E-04     1.3881E-02
   217     2.6303E+06  2.5119E+06     4.6058E-02     6.5397E-04     1.4199E-02
   218     2.5119E+06  2.3988E+06     4.6071E-02     6.7091E-04     1.4563E-02
   219     2.3988E+06  2.2909E+06     4.6024E-02     7.2578E-04     1.5770E-02
   220     2.2909E+06  2.1878E+06     4.6048E-02     6.4263E-04     1.3956E-02
   221     2.1878E+06  2.0893E+06     4.6067E-02     6.0726E-04     1.3182E-02
   222     2.0893E+06  1.9953E+06     4.6035E-02     5.8648E-04     1.2740E-02
   223     1.9953E+06  1.9055E+06     4.6050E-02     5.6640E-04     1.2300E-02
   224     1.9055E+06  1.8197E+06     4.6073E-02     5.5075E-04     1.1954E-02
   225     1.8197E+06  1.7378E+06     4.6052E-02     6.4551E-04     1.4017E-02
   226     1.7378E+06  1.6596E+06     4.6043E-02     6.2097E-04     1.3487E-02
   227     1.6596E+06  1.5849E+06     4.6055E-02     5.9531E-04     1.2926E-02
   228     1.5849E+06  1.5136E+06     4.6030E-02     6.1902E-04     1.3448E-02
   229     1.5136E+06  1.4454E+06     4.6105E-02     6.4523E-04     1.3995E-02
   230     1.4454E+06  1.3804E+06     4.6013E-02     6.3870E-04     1.3881E-02
   231     1.3804E+06  1.3183E+06     4.6030E-02     5.6707E-04     1.2319E-02
   232     1.3183E+06  1.2589E+06     4.6105E-02     5.8414E-04     1.2670E-02
   233     1.2589E+06  1.2023E+06     4.6002E-02     6.5040E-04     1.4139E-02
   234     1.2023E+06  1.1482E+06     4.6041E-02     6.3290E-04     1.3746E-02
   235     1.1482E+06  1.0965E+06     4.6072E-02     5.7253E-04     1.2427E-02
   236     1.0965E+06  1.0471E+06     4.6099E-02     4.8231E-04     1.0463E-02
   237     1.0471E+06  1.0000E+06     4.6024E-02     4.8153E-04     1.0462E-02
   238     1.0000E+06  9.5499E+05     4.6054E-02     4.5334E-04     9.8436E-03
   239     9.5499E+05  9.1201E+05     4.6050E-02     5.2547E-04     1.1411E-02
   240     9.1201E+05  8.7096E+05     4.6055E-02     5.8250E-04     1.2648E-02
   241     8.7096E+05  8.3176E+05     4.6052E-02     6.6251E-04     1.4386E-02
   242     8.3176E+05  7.9433E+05     4.6045E-02     7.3330E-04     1.5926E-02
   243     7.9433E+05  7.5858E+05     4.6051E-02     7.2812E-04     1.5811E-02
   244     7.5858E+05  7.2444E+05     4.6049E-02     6.8409E-04     1.4856E-02
   245     7.2444E+05  6.9183E+05     4.6059E-02     6.4968E-04     1.4105E-02
   246     6.9183E+05  6.6069E+05     4.6056E-02     6.3043E-04     1.3688E-02
   247     6.6069E+05  6.3096E+05     4.6042E-02     6.1399E-04     1.3335E-02
   248     6.3096E+05  6.0256E+05     4.6055E-02     5.9763E-04     1.2976E-02
   249     6.0256E+05  5.7544E+05     4.6052E-02     5.8085E-04     1.2613E-02
   250     5.7544E+05  5.4954E+05     4.6053E-02     5.6368E-04     1.2240E-02
   251     5.4954E+05  5.2481E+05     4.6045E-02     5.4611E-04     1.1860E-02
   252     5.2481E+05  5.0119E+05     4.6051E-02     5.2771E-04     1.1459E-02
   253     5.0119E+05  4.7863E+05     4.6057E-02     4.4704E-04     9.7061E-03
   254     4.7863E+05  4.5709E+05     4.6048E-02     4.3352E-04     9.4146E-03
   255     4.5709E+05  4.3652E+05     4.6046E-02     3.6258E-04     7.8743E-03
   256     4.3652E+05  4.1687E+05     4.6060E-02     3.2992E-04     7.1629E-03
   257     4.1687E+05  3.9811E+05     4.6046E-02     3.6219E-04     7.8658E-03
   258     3.9811E+05  3.8019E+05     4.6057E-02     3.9325E-04     8.5383E-03
   259     3.8019E+05  3.6308E+05     4.6048E-02     4.1246E-04     8.9572E-03
   260     3.6308E+05  3.4674E+05     4.6048E-02     4.4918E-04     9.7546E-03
   261     3.4674E+05  3.3113E+05     4.6064E-02     4.5058E-04     9.7816E-03
   262     3.3113E+05  3.1623E+05     4.6041E-02     4.5643E-04     9.9135E-03
   263     3.1623E+05  3.0200E+05     4.6043E-02     4.5645E-04     9.9136E-03
   264     3.0200E+05  2.8840E+05     4.6079E-02     4.2656E-04     9.2572E-03
   265     2.8840E+05  2.7542E+05     4.6051E-02     4.1487E-04     9.0089E-03
   266     2.7542E+05  2.6303E+05     4.6029E-02     3.9562E-04     8.5950E-03
   267     2.6303E+05  2.5119E+05     4.6058E-02     3.9204E-04     8.5118E-03
   268     2.5119E+05  2.3988E+05     4.6071E-02     3.7809E-04     8.2067E-03
   269     2.3988E+05  2.2909E+05     4.6024E-02     3.6455E-04     7.9209E-03
   270     2.2909E+05  2.1878E+05     4.6048E-02     3.5606E-04     7.7323E-03
   271     2.1878E+05  2.0893E+05     4.6067E-02     3.4768E-04     7.5472E-03
   272     2.0893E+05  1.9953E+05     4.6035E-02     3.3843E-04     7.3516E-03
   273     1.9953E+05  1.9055E+05     4.6050E-02     3.2950E-04     7.1553E-03
   274     1.9055E+05  1.8197E+05     4.6073E-02     3.2090E-04     6.9651E-03
   275     1.8197E+05  1.7378E+05     4.6052E-02     3.1321E-04     6.8013E-03
   276     1.7378E+05  1.6596E+05     4.6043E-02     3.0589E-04     6.6435E-03
   277     1.6596E+05  1.5849E+05     4.6055E-02     2.9919E-04     6.4963E-03
   278     1.5849E+05  1.5136E+05     4.6030E-02     2.9281E-04     6.3612E-03
   279     1.5136E+05  1.4454E+05     4.6105E-02     2.8695E-04     6.2239E-03
   280     1.4454E+05  1.3804E+05     4.6013E-02     2.8002E-04     6.0857E-03
   281     1.3804E+05  1.3183E+05     4.6030E-02     2.7384E-04     5.9491E-03
   282     1.3183E+05  1.2589E+05     4.6105E-02     2.6837E-04     5.8209E-03
   283     1.2589E+05  1.2023E+05     4.6002E-02     2.6226E-04     5.7011E-03
   284     1.2023E+05  1.1482E+05     4.6041E-02     2.5724E-04     5.5872E-03
   285     1.1482E+05  1.0965E+05     4.6072E-02     2.5186E-04     5.4666E-03
   286     1.0965E+05  1.0471E+05     4.6099E-02     2.4673E-04     5.3522E-03
   287     1.0471E+05  1.0000E+05     4.6024E-02     2.4633E-04     5.3522E-03
   288     1.0000E+05  9.5499E+04     4.6054E-02     2.3968E-04     5.2043E-03
   289     9.5499E+04  9.1201E+04     4.6050E-02     2.3452E-04     5.0927E-03
   290     9.1201E+04  8.7096E+04     4.6055E-02     2.3454E-04     5.0926E-03
   291     8.7096E+04  8.3176E+04     4.6052E-02     2.2845E-04     4.9607E-03
   292     8.3176E+04  7.9433E+04     4.6045E-02     2.2159E-04     4.8125E-03
   293     7.9433E+04  7.5858E+04     4.6051E-02     2.1997E-04     4.7767E-03
   294     7.5858E+04  7.2444E+04     4.6049E-02     2.1996E-04     4.7766E-03
   295     7.2444E+04  6.9183E+04     4.6059E-02     2.1128E-04     4.5872E-03
   296     6.9183E+04  6.6069E+04     4.6056E-02     2.0878E-04     4.5332E-03
   297     6.6069E+04  6.3096E+04     4.6042E-02     2.0719E-04     4.5000E-03
   298     6.3096E+04  6.0256E+04     4.6055E-02     2.0725E-04     4.5000E-03
   299     6.0256E+04  5.7544E+04     4.6052E-02     2.0724E-04     4.5001E-03
   300     5.7544E+04  5.4954E+04     4.6053E-02     2.0128E-04     4.3706E-03
   301     5.4954E+04  5.2481E+04     4.6045E-02     1.9769E-04     4.2934E-03
   302     5.2481E+04  5.0119E+04     4.6051E-02     1.9221E-04     4.1738E-03
   303     5.0119E+04  4.7863E+04     4.6057E-02     1.9222E-04     4.1735E-03
   304     4.7863E+04  4.5709E+04     4.6048E-02     1.8937E-04     4.1125E-03
   305     4.5709E+04  4.3652E+04     4.6046E-02     1.8225E-04     3.9580E-03
   306     4.3652E+04  4.1687E+04     4.6060E-02     1.8230E-04     3.9579E-03
   307     4.1687E+04  3.9811E+04     4.6046E-02     1.8289E-04     3.9719E-03
   308     3.9811E+04  3.8019E+04     4.6057E-02     1.8342E-04     3.9824E-03
   309     3.8019E+04  3.6308E+04     4.6048E-02     1.8338E-04     3.9824E-03
   310     3.6308E+04  3.4674E+04     4.6048E-02     1.8338E-04     3.9824E-03
   311     3.4674E+04  3.3113E+04     4.6064E-02     1.7858E-04     3.8768E-03
   312     3.3113E+04  3.1623E+04     4.6041E-02     1.7660E-04     3.8357E-03
   313     3.1623E+04  3.0200E+04     4.6043E-02     1.7394E-04     3.7778E-03
   314     3.0200E+04  2.8840E+04     4.6079E-02     1.7408E-04     3.7779E-03
   315     2.8840E+04  2.7542E+04     4.6051E-02     1.7145E-04     3.7230E-03
   316     2.7542E+04  2.6303E+04     4.6029E-02     1.6980E-04     3.6890E-03
   317     2.6303E+04  2.5119E+04     4.6058E-02     1.6920E-04     3.6736E-03
   318     2.5119E+04  2.3988E+04     4.6071E-02     1.6668E-04     3.6179E-03
   319     2.3988E+04  2.2909E+04     4.6024E-02     1.6576E-04     3.6016E-03
   320     2.2909E+04  2.1878E+04     4.6048E-02     1.6667E-04     3.6195E-03
   321     2.1878E+04  2.0893E+04     4.6067E-02     1.6161E-04     3.5081E-03
   322     2.0893E+04  1.9953E+04     4.6035E-02     1.6148E-04     3.5078E-03
   323     1.9953E+04  1.9055E+04     4.6050E-02     1.6091E-04     3.4942E-03
   324     1.9055E+04  1.8197E+04     4.6073E-02     1.5940E-04     3.4597E-03
   325     1.8197E+04  1.7378E+04     4.6052E-02     1.5933E-04     3.4598E-03
   326     1.7378E+04  1.6596E+04     4.6043E-02     1.5930E-04     3.4598E-03
   327     1.6596E+04  1.5849E+04     4.6055E-02     1.5934E-04     3.4598E-03
   328     1.5849E+04  1.5136E+04     4.6030E-02     1.5925E-04     3.4597E-03
   329     1.5136E+04  1.4454E+04     4.6105E-02     1.5548E-04     3.3723E-03
   330     1.4454E+04  1.3804E+04     4.6013E-02     1.5448E-04     3.3573E-03
   331     1.3804E+04  1.3183E+04     4.6030E-02     1.5454E-04     3.3574E-03
   332     1.3183E+04  1.2589E+04     4.6105E-02     1.5479E-04     3.3574E-03
   333     1.2589E+04  1.2023E+04     4.6002E-02     1.5445E-04     3.3575E-03
   334     1.2023E+04  1.1482E+04     4.6041E-02     1.5370E-04     3.3383E-03
   335     1.1482E+04  1.0965E+04     4.6072E-02     1.5263E-04     3.3128E-03
   336     1.0965E+04  1.0471E+04     4.6099E-02     1.5204E-04     3.2981E-03
   337     1.0471E+04  1.0000E+04     4.6024E-02     1.4981E-04     3.2550E-03
   338     1.0000E+04  9.5499E+03     4.6054E-02     1.4991E-04     3.2551E-03
   339     9.5499E+03  9.1201E+03     4.6050E-02     1.4989E-04     3.2549E-03
   340     9.1201E+03  8.7096E+03     4.6055E-02     1.4885E-04     3.2320E-03
   341     8.7096E+03  8.3176E+03     4.6052E-02     1.4884E-04     3.2320E-03
   342     8.3176E+03  7.9433E+03     4.6045E-02     1.4795E-04     3.2132E-03
   343     7.9433E+03  7.5858E+03     4.6051E-02     1.4578E-04     3.1656E-03
   344     7.5858E+03  7.2444E+03     4.6049E-02     1.4577E-04     3.1655E-03
   345     7.2444E+03  6.9183E+03     4.6059E-02     1.4755E-04     3.2035E-03
   346     6.9183E+03  6.6069E+03     4.6056E-02     1.4887E-04     3.2324E-03
   347     6.6069E+03  6.3096E+03     4.6042E-02     1.4882E-04     3.2322E-03
   348     6.3096E+03  6.0256E+03     4.6055E-02     1.4528E-04     3.1545E-03
   349     6.0256E+03  5.7544E+03     4.6052E-02     1.4466E-04     3.1412E-03
   350     5.7544E+03  5.4954E+03     4.6053E-02     1.4477E-04     3.1435E-03
   351     5.4954E+03  5.2481E+03     4.6045E-02     1.4541E-04     3.1580E-03
   352     5.2481E+03  5.0119E+03     4.6051E-02     1.4543E-04     3.1580E-03
   353     5.0119E+03  4.7863E+03     4.6057E-02     1.4512E-04     3.1508E-03
   354     4.7863E+03  4.5709E+03     4.6048E-02     1.4464E-04     3.1411E-03
   355     4.5709E+03  4.3652E+03     4.6046E-02     1.4464E-04     3.1412E-03
   356     4.3652E+03  4.1687E+03     4.6060E-02     1.3740E-04     2.9831E-03
   357     4.1687E+03  3.9811E+03     4.6046E-02     1.3439E-04     2.9186E-03
   358     3.9811E+03  3.8019E+03     4.6057E-02     1.3442E-04     2.9185E-03
   359     3.8019E+03  3.6308E+03     4.6048E-02     1.5001E-04     3.2577E-03
   360     3.6308E+03  3.4674E+03     4.6048E-02     1.5007E-04     3.2590E-03
   361     3.4674E+03  3.3113E+03     4.6064E-02     1.4790E-04     3.2107E-03
   362     3.3113E+03  3.1623E+03     4.6041E-02     1.4217E-04     3.0879E-03
   363     3.1623E+03  3.0200E+03     4.6043E-02     1.4217E-04     3.0878E-03
   364     3.0200E+03  2.8840E+03     4.6079E-02     1.3730E-04     2.9797E-03
   365     2.8840E+03  2.7542E+03     4.6051E-02     1.3342E-04     2.8972E-03
   366     2.7542E+03  2.6303E+03     4.6029E-02     1.3336E-04     2.8973E-03
   367     2.6303E+03  2.5119E+03     4.6058E-02     1.4477E-04     3.1432E-03
   368     2.5119E+03  2.3988E+03     4.6071E-02     1.4676E-04     3.1855E-03
   369     2.3988E+03  2.2909E+03     4.6024E-02     1.4565E-04     3.1647E-03
   370     2.2909E+03  2.1878E+03     4.6048E-02     1.3977E-04     3.0353E-03
   371     2.1878E+03  2.0893E+03     4.6067E-02     1.3983E-04     3.0353E-03
   372     2.0893E+03  1.9953E+03     4.6035E-02     1.3943E-04     3.0288E-03
   373     1.9953E+03  1.9055E+03     4.6050E-02     1.3906E-04     3.0198E-03
   374     1.9055E+03  1.8197E+03     4.6073E-02     1.3913E-04     3.0198E-03
   375     1.8197E+03  1.7378E+03     4.6052E-02     1.3786E-04     2.9936E-03
   376     1.7378E+03  1.6596E+03     4.6043E-02     1.3735E-04     2.9831E-03
   377     1.6596E+03  1.5849E+03     4.6055E-02     1.3738E-04     2.9829E-03
   378     1.5849E+03  1.5136E+03     4.6030E-02     1.3761E-04     2.9895E-03
   379     1.5136E+03  1.4454E+03     4.6105E-02     1.3783E-04     2.9895E-03
   380     1.4454E+03  1.3804E+03     4.6013E-02     1.3744E-04     2.9870E-03
   381     1.3804E+03  1.3183E+03     4.6030E-02     1.3718E-04     2.9802E-03
   382     1.3183E+03  1.2589E+03     4.6105E-02     1.3741E-04     2.9804E-03
   383     1.2589E+03  1.2023E+03     4.6002E-02     1.3637E-04     2.9644E-03
   384     1.2023E+03  1.1482E+03     4.6041E-02     1.3592E-04     2.9522E-03
   385     1.1482E+03  1.0965E+03     4.6072E-02     1.3602E-04     2.9523E-03
   386     1.0965E+03  1.0471E+03     4.6099E-02     1.3574E-04     2.9445E-03
   387     1.0471E+03  1.0000E+03     4.6024E-02     1.3547E-04     2.9434E-03
   388     1.0000E+03  9.5499E+02     4.6054E-02     1.3485E-04     2.9281E-03
   389     9.5499E+02  9.1201E+02     4.6050E-02     1.3045E-04     2.8328E-03
   390     9.1201E+02  8.7096E+02     4.6055E-02     1.3047E-04     2.8329E-03
   391     8.7096E+02  8.3176E+02     4.6052E-02     1.3313E-04     2.8909E-03
   392     8.3176E+02  7.9433E+02     4.6045E-02     1.3672E-04     2.9693E-03
   393     7.9433E+02  7.5858E+02     4.6051E-02     1.3674E-04     2.9693E-03
   394     7.5858E+02  7.2444E+02     4.6049E-02     1.3016E-04     2.8265E-03
   395     7.2444E+02  6.9183E+02     4.6059E-02     1.2750E-04     2.7682E-03
   396     6.9183E+02  6.6069E+02     4.6056E-02     1.2749E-04     2.7682E-03
   397     6.6069E+02  6.3096E+02     4.6042E-02     1.3568E-04     2.9469E-03
   398     6.3096E+02  6.0256E+02     4.6055E-02     1.3574E-04     2.9473E-03
   399     6.0256E+02  5.7544E+02     4.6052E-02     1.3373E-04     2.9039E-03
   400     5.7544E+02  5.4954E+02     4.6053E-02     1.2866E-04     2.7937E-03
   401     5.4954E+02  5.2481E+02     4.6045E-02     1.2864E-04     2.7938E-03
   402     5.2481E+02  5.0119E+02     4.6051E-02     1.3100E-04     2.8447E-03
   403     5.0119E+02  4.7863E+02     4.6057E-02     1.3280E-04     2.8834E-03
   404     4.7863E+02  4.5709E+02     4.6048E-02     1.3277E-04     2.8833E-03
   405     4.5709E+02  4.3652E+02     4.6046E-02     1.2991E-04     2.8213E-03
   406     4.3652E+02  4.1687E+02     4.6060E-02     1.2946E-04     2.8107E-03
   407     4.1687E+02  3.9811E+02     4.6046E-02     1.2957E-04     2.8139E-03
   408     3.9811E+02  3.8019E+02     4.6057E-02     1.3053E-04     2.8341E-03
   409     3.8019E+02  3.6308E+02     4.6048E-02     1.3051E-04     2.8342E-03
   410     3.6308E+02  3.4674E+02     4.6048E-02     1.3044E-04     2.8327E-03
   411     3.4674E+02  3.3113E+02     4.6064E-02     1.3039E-04     2.8306E-03
   412     3.3113E+02  3.1623E+02     4.6041E-02     1.3033E-04     2.8307E-03
   413     3.1623E+02  3.0200E+02     4.6043E-02     1.2639E-04     2.7451E-03
   414     3.0200E+02  2.8840E+02     4.6079E-02     1.2485E-04     2.7095E-03
   415     2.8840E+02  2.7542E+02     4.6051E-02     1.2478E-04     2.7096E-03
   416     2.7542E+02  2.6303E+02     4.6029E-02     1.2584E-04     2.7339E-03
   417     2.6303E+02  2.5119E+02     4.6058E-02     1.2593E-04     2.7341E-03
   418     2.5119E+02  2.3988E+02     4.6071E-02     1.2537E-04     2.7212E-03
   419     2.3988E+02  2.2909E+02     4.6024E-02     1.2374E-04     2.6886E-03
   420     2.2909E+02  2.1878E+02     4.6048E-02     1.2380E-04     2.6885E-03
   421     2.1878E+02  2.0893E+02     4.6067E-02     1.2210E-04     2.6505E-03
   422     2.0893E+02  1.9953E+02     4.6035E-02     1.2070E-04     2.6219E-03
   423     1.9953E+02  1.9055E+02     4.6050E-02     1.2258E-04     2.6619E-03
   424     1.9055E+02  1.8197E+02     4.6073E-02     1.2447E-04     2.7016E-03
   425     1.8197E+02  1.7378E+02     4.6052E-02     1.2441E-04     2.7015E-03
   426     1.7378E+02  1.6596E+02     4.6043E-02     1.2332E-04     2.6783E-03
   427     1.6596E+02  1.5849E+02     4.6055E-02     1.2323E-04     2.6757E-03
   428     1.5849E+02  1.5136E+02     4.6030E-02     1.2316E-04     2.6756E-03
   429     1.5136E+02  1.4454E+02     4.6105E-02     1.2456E-04     2.7017E-03
   430     1.4454E+02  1.3804E+02     4.6013E-02     1.2506E-04     2.7179E-03
   431     1.3804E+02  1.3183E+02     4.6030E-02     1.2511E-04     2.7180E-03
   432     1.3183E+02  1.2589E+02     4.6105E-02     1.2095E-04     2.6234E-03
   433     1.2589E+02  1.2023E+02     4.6002E-02     1.1894E-04     2.5855E-03
   434     1.2023E+02  1.1482E+02     4.6041E-02     1.1904E-04     2.5855E-03
   435     1.1482E+02  1.0965E+02     4.6072E-02     1.1872E-04     2.5768E-03
   436     1.0965E+02  1.0471E+02     4.6099E-02     1.1769E-04     2.5530E-03
   437     1.0471E+02  1.0000E+02     4.6024E-02     1.1750E-04     2.5530E-03
   438     1.0000E+02  9.5499E+01     4.6054E-02     1.1758E-04     2.5531E-03
   439     9.5499E+01  9.1201E+01     4.6050E-02     1.1757E-04     2.5531E-03
   440     9.1201E+01  8.7096E+01     4.6055E-02     1.1671E-04     2.5341E-03
   441     8.7096E+01  8.3176E+01     4.6052E-02     1.1604E-04     2.5198E-03
   442     8.3176E+01  7.9433E+01     4.6045E-02     1.1602E-04     2.5197E-03
   443     7.9433E+01  7.5858E+01     4.6051E-02     1.1603E-04     2.5196E-03
   444     7.5858E+01  7.2444E+01     4.6049E-02     1.1399E-04     2.4754E-03
   445     7.2444E+01  6.9183E+01     4.6059E-02     1.1378E-04     2.4703E-03
   446     6.9183E+01  6.6069E+01     4.6056E-02     1.1377E-04     2.4703E-03
   447     6.6069E+01  6.3096E+01     4.6042E-02     1.1374E-04     2.4703E-03
   448     6.3096E+01  6.0256E+01     4.6055E-02     1.1377E-04     2.4703E-03
   449     6.0256E+01  5.7544E+01     4.6052E-02     1.1376E-04     2.4702E-03
   450     5.7544E+01  5.4954E+01     4.6053E-02     1.1376E-04     2.4702E-03
   451     5.4954E+01  5.2481E+01     4.6045E-02     1.1374E-04     2.4702E-03
   452     5.2481E+01  5.0119E+01     4.6051E-02     1.1376E-04     2.4703E-03
   453     5.0119E+01  4.7863E+01     4.6057E-02     1.1362E-04     2.4669E-03
   454     4.7863E+01  4.5709E+01     4.6048E-02     1.0459E-04     2.2713E-03
   455     4.5709E+01  4.3652E+01     4.6046E-02     1.0459E-04     2.2714E-03
   456     4.3652E+01  4.1687E+01     4.6060E-02     1.0462E-04     2.2714E-03
   457     4.1687E+01  3.9811E+01     4.6046E-02     1.0459E-04     2.2714E-03
   458     3.9811E+01  3.8019E+01     4.6057E-02     1.0461E-04     2.2713E-03
   459     3.8019E+01  3.6308E+01     4.6048E-02     1.0459E-04     2.2713E-03
   460     3.6308E+01  3.4674E+01     4.6048E-02     1.0459E-04     2.2713E-03
   461     3.4674E+01  3.3113E+01     4.6064E-02     1.0463E-04     2.2714E-03
   462     3.3113E+01  3.1623E+01     4.6041E-02     1.0458E-04     2.2714E-03
   463     3.1623E+01  3.0200E+01     4.6043E-02     1.0458E-04     2.2714E-03
   464     3.0200E+01  2.8840E+01     4.6079E-02     1.0466E-04     2.2713E-03
   465     2.8840E+01  2.7542E+01     4.6051E-02     1.0361E-04     2.2499E-03
   466     2.7542E+01  2.6303E+01     4.6029E-02     9.6613E-05     2.0990E-03
   467     2.6303E+01  2.5119E+01     4.6058E-02     9.6675E-05     2.0990E-03
   468     2.5119E+01  2.3988E+01     4.6071E-02     9.6701E-05     2.0990E-03
   469     2.3988E+01  2.2909E+01     4.6024E-02     9.6602E-05     2.0990E-03
   470     2.2909E+01  2.1878E+01     4.6048E-02     9.6653E-05     2.0989E-03
   471     2.1878E+01  2.0893E+01     4.6067E-02     9.6694E-05     2.0990E-03
   472     2.0893E+01  1.9953E+01     4.6035E-02     9.6625E-05     2.0990E-03
   473     1.9953E+01  1.9055E+01     4.6050E-02     9.6657E-05     2.0990E-03
   474     1.9055E+01  1.8197E+01     4.6073E-02     9.6705E-05     2.0990E-03
   475     1.8197E+01  1.7378E+01     4.6052E-02     9.6661E-05     2.0990E-03
   476     1.7378E+01  1.6596E+01     4.6043E-02     9.6643E-05     2.0990E-03
   477     1.6596E+01  1.5849E+01     4.6055E-02     9.7848E-05     2.1246E-03
   478     1.5849E+01  1.5136E+01     4.6030E-02     1.0234E-04     2.2233E-03
   479     1.5136E+01  1.4454E+01     4.6105E-02     1.0251E-04     2.2234E-03
   480     1.4454E+01  1.3804E+01     4.6013E-02     1.0230E-04     2.2233E-03
   481     1.3804E+01  1.3183E+01     4.6030E-02     1.0234E-04     2.2233E-03
   482     1.3183E+01  1.2589E+01     4.6105E-02     1.0251E-04     2.2234E-03
   483     1.2589E+01  1.2023E+01     4.6002E-02     1.0228E-04     2.2234E-03
   484     1.2023E+01  1.1482E+01     4.6041E-02     1.0237E-04     2.2235E-03
   485     1.1482E+01  1.0965E+01     4.6072E-02     1.0244E-04     2.2235E-03
   486     1.0965E+01  1.0471E+01     4.6099E-02     1.0250E-04     2.2235E-03
   487     1.0471E+01  1.0000E+01     4.6024E-02     1.0233E-04     2.2234E-03
   488     1.0000E+01  9.9750E+00     2.5031E-03     5.7699E-06     2.3051E-03
   489     9.9750E+00  9.9500E+00     2.5094E-03     5.7971E-06     2.3101E-03
   490     9.9500E+00  9.9250E+00     2.5157E-03     5.8199E-06     2.3134E-03
   491     9.9250E+00  9.9000E+00     2.5221E-03     5.8411E-06     2.3160E-03
   492     9.9000E+00  9.8750E+00     2.5284E-03     5.8589E-06     2.3172E-03
   493     9.8750E+00  9.8500E+00     2.5349E-03     5.8769E-06     2.3184E-03
   494     9.8500E+00  9.8250E+00     2.5413E-03     5.8931E-06     2.3189E-03
   495     9.8250E+00  9.8000E+00     2.5478E-03     5.9069E-06     2.3185E-03
   496     9.8000E+00  9.7750E+00     2.5543E-03     5.9191E-06     2.3173E-03
   497     9.7750E+00  9.7500E+00     2.5608E-03     5.9299E-06     2.3156E-03
   498     9.7500E+00  9.7250E+00     2.5674E-03     5.9429E-06     2.3148E-03
   499     9.7250E+00  9.7000E+00     2.5740E-03     5.9551E-06     2.3136E-03
   500     9.7000E+00  9.6750E+00     2.5806E-03     5.9679E-06     2.3126E-03
   501     9.6750E+00  9.6500E+00     2.5873E-03     5.9821E-06     2.3121E-03
   502     9.6500E+00  9.6250E+00     2.5940E-03     5.9949E-06     2.3110E-03
   503     9.6250E+00  9.6000E+00     2.6008E-03     6.0089E-06     2.3104E-03
   504     9.6000E+00  9.5750E+00     2.6076E-03     6.0221E-06     2.3095E-03
   505     9.5750E+00  9.5500E+00     2.6144E-03     6.0309E-06     2.3068E-03
   506     9.5500E+00  9.5250E+00     2.6212E-03     6.0401E-06     2.3043E-03
   507     9.5250E+00  9.5000E+00     2.6281E-03     6.0459E-06     2.3005E-03
   508     9.5000E+00  9.4750E+00     2.6350E-03     6.0469E-06     2.2948E-03
   509     9.4750E+00  9.4500E+00     2.6420E-03     6.0441E-06     2.2877E-03
   510     9.4500E+00  9.4250E+00     2.6490E-03     6.0339E-06     2.2778E-03
   511     9.4250E+00  9.4000E+00     2.6560E-03     6.0191E-06     2.2662E-03
   512     9.4000E+00  9.3750E+00     2.6631E-03     5.9999E-06     2.2530E-03
   513     9.3750E+00  9.3500E+00     2.6702E-03     5.9799E-06     2.2395E-03
   514     9.3500E+00  9.3250E+00     2.6774E-03     5.9611E-06     2.2265E-03
   515     9.3250E+00  9.3000E+00     2.6846E-03     5.9479E-06     2.2156E-03
   516     9.3000E+00  9.2750E+00     2.6918E-03     5.9451E-06     2.2086E-03
   517     9.2750E+00  9.2500E+00     2.6991E-03     5.9539E-06     2.2059E-03
   518     9.2500E+00  9.2250E+00     2.7064E-03     5.9719E-06     2.2066E-03
   519     9.2250E+00  9.2000E+00     2.7137E-03     5.9981E-06     2.2103E-03
   520     9.2000E+00  9.1750E+00     2.7211E-03     6.0259E-06     2.2145E-03
   521     9.1750E+00  9.1500E+00     2.7285E-03     6.0531E-06     2.2185E-03
   522     9.1500E+00  9.1250E+00     2.7360E-03     6.0729E-06     2.2196E-03
   523     9.1250E+00  9.1000E+00     2.7435E-03     6.0829E-06     2.2172E-03
   524     9.1000E+00  9.0750E+00     2.7510E-03     6.0831E-06     2.2112E-03
   525     9.0750E+00  9.0500E+00     2.7586E-03     6.0689E-06     2.2000E-03
   526     9.0500E+00  9.0250E+00     2.7663E-03     6.0411E-06     2.1839E-03
   527     9.0250E+00  9.0000E+00     2.7739E-03     5.9939E-06     2.1608E-03
   528     9.0000E+00  8.9750E+00     2.7816E-03     5.9269E-06     2.1307E-03
   529     8.9750E+00  8.9500E+00     2.7894E-03     5.8341E-06     2.0915E-03
   530     8.9500E+00  8.9250E+00     2.7972E-03     5.7159E-06     2.0434E-03
   531     8.9250E+00  8.9000E+00     2.8051E-03     5.5731E-06     1.9868E-03
   532     8.9000E+00  8.8750E+00     2.8129E-03     5.4139E-06     1.9246E-03
   533     8.8750E+00  8.8500E+00     2.8209E-03     5.2519E-06     1.8618E-03
   534     8.8500E+00  8.8250E+00     2.8289E-03     5.1051E-06     1.8047E-03
   535     8.8250E+00  8.8000E+00     2.8369E-03     4.9919E-06     1.7596E-03
   536     8.8000E+00  8.7750E+00     2.8450E-03     4.9281E-06     1.7322E-03
   537     8.7750E+00  8.7500E+00     2.8531E-03     4.9219E-06     1.7251E-03
   538     8.7500E+00  8.7250E+00     2.8612E-03     4.9749E-06     1.7387E-03
   539     8.7250E+00  8.7000E+00     2.8694E-03     5.0851E-06     1.7722E-03
   540     8.7000E+00  8.6750E+00     2.8777E-03     5.2379E-06     1.8202E-03
   541     8.6750E+00  8.6500E+00     2.8860E-03     5.4181E-06     1.8774E-03
   542     8.6500E+00  8.6250E+00     2.8944E-03     5.6069E-06     1.9372E-03
   543     8.6250E+00  8.6000E+00     2.9028E-03     5.7909E-06     1.9950E-03
   544     8.6000E+00  8.5750E+00     2.9112E-03     5.9571E-06     2.0463E-03
   545     8.5750E+00  8.5500E+00     2.9197E-03     6.1009E-06     2.0896E-03
   546     8.5500E+00  8.5250E+00     2.9283E-03     6.2221E-06     2.1248E-03
   547     8.5250E+00  8.5000E+00     2.9369E-03     6.3209E-06     2.1523E-03
   548     8.5000E+00  8.4750E+00     2.9455E-03     6.4019E-06     2.1734E-03
   549     8.4750E+00  8.4500E+00     2.9542E-03     6.4691E-06     2.1898E-03
   550     8.4500E+00  8.4250E+00     2.9630E-03     6.5219E-06     2.2011E-03
   551     8.4250E+00  8.4000E+00     2.9718E-03     6.5662E-06     2.2095E-03
   552     8.4000E+00  8.3750E+00     2.9806E-03     6.5999E-06     2.2143E-03
   553     8.3750E+00  8.3500E+00     2.9895E-03     6.6269E-06     2.2167E-03
   554     8.3500E+00  8.3250E+00     2.9985E-03     6.6472E-06     2.2168E-03
   555     8.3250E+00  8.3000E+00     3.0075E-03     6.6589E-06     2.2141E-03
   556     8.3000E+00  8.2750E+00     3.0166E-03     6.6632E-06     2.2088E-03
   557     8.2750E+00  8.2500E+00     3.0257E-03     6.6599E-06     2.2011E-03
   558     8.2500E+00  8.2250E+00     3.0349E-03     6.6489E-06     2.1908E-03
   559     8.2250E+00  8.2000E+00     3.0441E-03     6.6302E-06     2.1780E-03
   560     8.2000E+00  8.1750E+00     3.0534E-03     6.6059E-06     2.1634E-03
   561     8.1750E+00  8.1500E+00     3.0628E-03     6.5772E-06     2.1475E-03
   562     8.1500E+00  8.1250E+00     3.0722E-03     6.5459E-06     2.1307E-03
   563     8.1250E+00  8.1000E+00     3.0817E-03     6.5169E-06     2.1147E-03
   564     8.1000E+00  8.0750E+00     3.0912E-03     6.4931E-06     2.1005E-03
   565     8.0750E+00  8.0500E+00     3.1008E-03     6.4769E-06     2.0888E-03
   566     8.0500E+00  8.0250E+00     3.1104E-03     6.4671E-06     2.0792E-03
   567     8.0250E+00  8.0000E+00     3.1201E-03     6.4639E-06     2.0717E-03
   568     8.0000E+00  7.9750E+00     3.1299E-03     6.4620E-06     2.0646E-03
   569     7.9750E+00  7.9500E+00     3.1397E-03     6.4570E-06     2.0566E-03
   570     7.9500E+00  7.9250E+00     3.1496E-03     6.4439E-06     2.0459E-03
   571     7.9250E+00  7.9000E+00     3.1596E-03     6.4210E-06     2.0322E-03
   572     7.9000E+00  7.8750E+00     3.1696E-03     6.3940E-06     2.0173E-03
   573     7.8750E+00  7.8500E+00     3.1797E-03     6.3710E-06     2.0037E-03
   574     7.8500E+00  7.8250E+00     3.1898E-03     6.3620E-06     1.9945E-03
   575     7.8250E+00  7.8000E+00     3.2000E-03     6.3889E-06     1.9965E-03
   576     7.8000E+00  7.7750E+00     3.2103E-03     6.4140E-06     1.9980E-03
   577     7.7750E+00  7.7500E+00     3.2206E-03     6.4920E-06     2.0158E-03
   578     7.7500E+00  7.7250E+00     3.2310E-03     6.5780E-06     2.0359E-03
   579     7.7250E+00  7.7000E+00     3.2415E-03     6.6680E-06     2.0571E-03
   580     7.7000E+00  7.6750E+00     3.2520E-03     6.7519E-06     2.0762E-03
   581     7.6750E+00  7.6500E+00     3.2626E-03     6.8240E-06     2.0916E-03
   582     7.6500E+00  7.6250E+00     3.2733E-03     6.8810E-06     2.1021E-03
   583     7.6250E+00  7.6000E+00     3.2841E-03     6.9240E-06     2.1084E-03
   584     7.6000E+00  7.5750E+00     3.2949E-03     6.9530E-06     2.1102E-03
   585     7.5750E+00  7.5500E+00     3.3058E-03     6.9719E-06     2.1090E-03
   586     7.5500E+00  7.5250E+00     3.3168E-03     6.9830E-06     2.1054E-03
   587     7.5250E+00  7.5000E+00     3.3278E-03     6.9860E-06     2.0993E-03
   588     7.5000E+00  7.4750E+00     3.3389E-03     6.9820E-06     2.0911E-03
   589     7.4750E+00  7.4500E+00     3.3501E-03     6.9720E-06     2.0811E-03
   590     7.4500E+00  7.4250E+00     3.3613E-03     6.9569E-06     2.0697E-03
   591     7.4250E+00  7.4000E+00     3.3727E-03     6.9370E-06     2.0568E-03
   592     7.4000E+00  7.3750E+00     3.3841E-03     6.9100E-06     2.0419E-03
   593     7.3750E+00  7.3500E+00     3.3956E-03     6.8780E-06     2.0256E-03
   594     7.3500E+00  7.3250E+00     3.4072E-03     6.8370E-06     2.0067E-03
   595     7.3250E+00  7.3000E+00     3.4188E-03     6.7869E-06     1.9852E-03
   596     7.3000E+00  7.2750E+00     3.4305E-03     6.7250E-06     1.9603E-03
   597     7.2750E+00  7.2500E+00     3.4423E-03     6.6470E-06     1.9310E-03
   598     7.2500E+00  7.2250E+00     3.4542E-03     6.5500E-06     1.8962E-03
   599     7.2250E+00  7.2000E+00     3.4662E-03     6.4310E-06     1.8553E-03
   600     7.2000E+00  7.1750E+00     3.4783E-03     6.2889E-06     1.8081E-03
   601     7.1750E+00  7.1500E+00     3.4904E-03     6.1260E-06     1.7551E-03
   602     7.1500E+00  7.1250E+00     3.5026E-03     5.9480E-06     1.6982E-03
   603     7.1250E+00  7.1000E+00     3.5149E-03     5.7600E-06     1.6387E-03
   604     7.1000E+00  7.0750E+00     3.5273E-03     5.5670E-06     1.5782E-03
   605     7.0750E+00  7.0500E+00     3.5398E-03     5.3649E-06     1.5156E-03
   606     7.0500E+00  7.0250E+00     3.5524E-03     5.1460E-06     1.4486E-03
   607     7.0250E+00  7.0000E+00     3.5651E-03     4.8940E-06     1.3728E-03
   608     7.0000E+00  6.9750E+00     3.5778E-03     4.5900E-06     1.2829E-03
   609     6.9750E+00  6.9500E+00     3.5907E-03     4.2080E-06     1.1719E-03
   610     6.9500E+00  6.9250E+00     3.6036E-03     3.7169E-06     1.0314E-03
   611     6.9250E+00  6.9000E+00     3.6166E-03     3.0820E-06     8.5217E-04
   612     6.9000E+00  6.8750E+00     3.6298E-03     2.3130E-06     6.3723E-04
   613     6.8750E+00  6.8500E+00     3.6430E-03     1.5300E-06     4.1998E-04
   614     6.8500E+00  6.8250E+00     3.6563E-03     9.0910E-07     2.4864E-04
   615     6.8250E+00  6.8000E+00     3.6697E-03     5.1559E-07     1.4050E-04
   616     6.8000E+00  6.7750E+00     3.6832E-03     2.9890E-07     8.1151E-05
   617     6.7750E+00  6.7500E+00     3.6969E-03     1.8560E-07     5.0205E-05
   618     6.7500E+00  6.7250E+00     3.7106E-03     1.2710E-07     3.4253E-05
   619     6.7250E+00  6.7000E+00     3.7244E-03     9.7570E-08     2.6198E-05
   620     6.7000E+00  6.6750E+00     3.7383E-03     8.4649E-08     2.2644E-05
   621     6.6750E+00  6.6500E+00     3.7523E-03     8.3270E-08     2.2191E-05
   622     6.6500E+00  6.6250E+00     3.7665E-03     9.2850E-08     2.4652E-05
   623     6.6250E+00  6.6000E+00     3.7807E-03     1.1710E-07     3.0973E-05
   624     6.6000E+00  6.5750E+00     3.7951E-03     1.6580E-07     4.3688E-05
   625     6.5750E+00  6.5500E+00     3.8095E-03     2.6060E-07     6.8407E-05
   626     6.5500E+00  6.5250E+00     3.8241E-03     4.4390E-07     1.1608E-04
   627     6.5250E+00  6.5000E+00     3.8388E-03     7.9880E-07     2.0809E-04
   628     6.5000E+00  6.4750E+00     3.8536E-03     1.3690E-06     3.5526E-04
   629     6.4750E+00  6.4500E+00     3.8685E-03     2.1060E-06     5.4440E-04
   630     6.4500E+00  6.4250E+00     3.8835E-03     2.8150E-06     7.2486E-04
   631     6.4250E+00  6.4000E+00     3.8986E-03     3.3690E-06     8.6415E-04
   632     6.4000E+00  6.3750E+00     3.9139E-03     3.7940E-06     9.6937E-04
   633     6.3750E+00  6.3500E+00     3.9293E-03     4.1600E-06     1.0587E-03
   634     6.3500E+00  6.3250E+00     3.9448E-03     4.5140E-06     1.1443E-03
   635     6.3250E+00  6.3000E+00     3.9604E-03     4.8659E-06     1.2286E-03
   636     6.3000E+00  6.2750E+00     3.9761E-03     5.2060E-06     1.3093E-03
   637     6.2750E+00  6.2500E+00     3.9920E-03     5.5180E-06     1.3823E-03
   638     6.2500E+00  6.2250E+00     4.0080E-03     5.7920E-06     1.4451E-03
   639     6.2250E+00  6.2000E+00     4.0242E-03     6.0250E-06     1.4972E-03
   640     6.2000E+00  6.1750E+00     4.0404E-03     6.2239E-06     1.5404E-03
   641     6.1750E+00  6.1500E+00     4.0568E-03     6.3930E-06     1.5759E-03
   642     6.1500E+00  6.1250E+00     4.0733E-03     6.5380E-06     1.6051E-03
   643     6.1250E+00  6.1000E+00     4.0900E-03     6.6600E-06     1.6284E-03
   644     6.1000E+00  6.0750E+00     4.1068E-03     6.7600E-06     1.6461E-03
   645     6.0750E+00  6.0500E+00     4.1237E-03     6.8369E-06     1.6579E-03
   646     6.0500E+00  6.0250E+00     4.1408E-03     6.8930E-06     1.6647E-03
   647     6.0250E+00  6.0000E+00     4.1580E-03     6.9360E-06     1.6681E-03
   648     6.0000E+00  5.9750E+00     4.1754E-03     6.9570E-06     1.6662E-03
   649     5.9750E+00  5.9500E+00     4.1929E-03     6.9800E-06     1.6647E-03
   650     5.9500E+00  5.9250E+00     4.2105E-03     7.0099E-06     1.6648E-03
   651     5.9250E+00  5.9000E+00     4.2283E-03     7.0530E-06     1.6680E-03
   652     5.9000E+00  5.8750E+00     4.2463E-03     7.1150E-06     1.6756E-03
   653     5.8750E+00  5.8500E+00     4.2644E-03     7.2000E-06     1.6884E-03
   654     5.8500E+00  5.8250E+00     4.2827E-03     7.2900E-06     1.7022E-03
   655     5.8250E+00  5.8000E+00     4.3011E-03     7.3919E-06     1.7186E-03
   656     5.8000E+00  5.7750E+00     4.3197E-03     7.4940E-06     1.7349E-03
   657     5.7750E+00  5.7500E+00     4.3384E-03     7.5870E-06     1.7488E-03
   658     5.7500E+00  5.7250E+00     4.3573E-03     7.6690E-06     1.7600E-03
   659     5.7250E+00  5.7000E+00     4.3764E-03     7.7230E-06     1.7647E-03
   660     5.7000E+00  5.6750E+00     4.3956E-03     7.7599E-06     1.7654E-03
   661     5.6750E+00  5.6500E+00     4.4150E-03     7.7740E-06     1.7608E-03
   662     5.6500E+00  5.6250E+00     4.4346E-03     7.7560E-06     1.7490E-03
   663     5.6250E+00  5.6000E+00     4.4544E-03     7.6890E-06     1.7262E-03
   664     5.6000E+00  5.5750E+00     4.4743E-03     7.5430E-06     1.6859E-03
   665     5.5750E+00  5.5500E+00     4.4944E-03     7.2739E-06     1.6184E-03
   666     5.5500E+00  5.5250E+00     4.5147E-03     6.8920E-06     1.5266E-03
   667     5.5250E+00  5.5000E+00     4.5352E-03     6.4510E-06     1.4224E-03
   668     5.5000E+00  5.4750E+00     4.5558E-03     6.0550E-06     1.3291E-03
   669     5.4750E+00  5.4500E+00     4.5767E-03     5.8040E-06     1.2682E-03
   670     5.4500E+00  5.4250E+00     4.5977E-03     5.7629E-06     1.2534E-03
   671     5.4250E+00  5.4000E+00     4.6189E-03     5.9310E-06     1.2841E-03
   672     5.4000E+00  5.3750E+00     4.6404E-03     6.2780E-06     1.3529E-03
   673     5.3750E+00  5.3500E+00     4.6620E-03     6.7220E-06     1.4419E-03
   674     5.3500E+00  5.3250E+00     4.6838E-03     7.1720E-06     1.5312E-03
   675     5.3250E+00  5.3000E+00     4.7059E-03     7.5629E-06     1.6071E-03
   676     5.3000E+00  5.2750E+00     4.7281E-03     7.8550E-06     1.6613E-03
   677     5.2750E+00  5.2500E+00     4.7506E-03     8.0590E-06     1.6964E-03
   678     5.2500E+00  5.2250E+00     4.7733E-03     8.1820E-06     1.7141E-03
   679     5.2250E+00  5.2000E+00     4.7962E-03     8.2560E-06     1.7214E-03
   680     5.2000E+00  5.1750E+00     4.8193E-03     8.3139E-06     1.7251E-03
   681     5.1750E+00  5.1500E+00     4.8426E-03     8.4150E-06     1.7377E-03
   682     5.1500E+00  5.1250E+00     4.8662E-03     8.5870E-06     1.7646E-03
   683     5.1250E+00  5.1000E+00     4.8900E-03     8.8240E-06     1.8045E-03
   684     5.1000E+00  5.0750E+00     4.9140E-03     9.0970E-06     1.8512E-03
   685     5.0750E+00  5.0500E+00     4.9383E-03     9.3489E-06     1.8931E-03
   686     5.0500E+00  5.0250E+00     4.9628E-03     9.5610E-06     1.9265E-03
   687     5.0250E+00  5.0000E+00     4.9875E-03     9.7170E-06     1.9483E-03
   688     5.0000E+00  4.9750E+00     5.0125E-03     9.8200E-06     1.9591E-03
   689     4.9750E+00  4.9500E+00     5.0378E-03     9.8730E-06     1.9598E-03
   690     4.9500E+00  4.9250E+00     5.0633E-03     9.8798E-06     1.9513E-03
   691     4.9250E+00  4.9000E+00     5.0891E-03     9.8550E-06     1.9365E-03
   692     4.9000E+00  4.8750E+00     5.1151E-03     9.8230E-06     1.9204E-03
   693     4.8750E+00  4.8500E+00     5.1414E-03     9.8230E-06     1.9106E-03
   694     4.8500E+00  4.8250E+00     5.1680E-03     9.8840E-06     1.9125E-03
   695     4.8250E+00  4.8000E+00     5.1948E-03     1.0010E-05     1.9269E-03
   696     4.8000E+00  4.7750E+00     5.2219E-03     1.0190E-05     1.9514E-03
   697     4.7750E+00  4.7500E+00     5.2494E-03     1.0370E-05     1.9755E-03
   698     4.7500E+00  4.7250E+00     5.2771E-03     1.0540E-05     1.9973E-03
   699     4.7250E+00  4.7000E+00     5.3051E-03     1.0680E-05     2.0132E-03
   700     4.7000E+00  4.6750E+00     5.3333E-03     1.0800E-05     2.0250E-03
   701     4.6750E+00  4.6500E+00     5.3619E-03     1.0890E-05     2.0310E-03
   702     4.6500E+00  4.6250E+00     5.3908E-03     1.0970E-05     2.0349E-03
   703     4.6250E+00  4.6000E+00     5.4201E-03     1.1050E-05     2.0387E-03
   704     4.6000E+00  4.5750E+00     5.4496E-03     1.1130E-05     2.0423E-03
   705     4.5750E+00  4.5500E+00     5.4795E-03     1.1190E-05     2.0422E-03
   706     4.5500E+00  4.5250E+00     5.5097E-03     1.1260E-05     2.0437E-03
   707     4.5250E+00  4.5000E+00     5.5402E-03     1.1310E-05     2.0414E-03
   708     4.5000E+00  4.4750E+00     5.5710E-03     1.1340E-05     2.0355E-03
   709     4.4750E+00  4.4500E+00     5.6023E-03     1.1360E-05     2.0278E-03
   710     4.4500E+00  4.4250E+00     5.6338E-03     1.1370E-05     2.0182E-03
   711     4.4250E+00  4.4000E+00     5.6657E-03     1.1370E-05     2.0068E-03
   712     4.4000E+00  4.3750E+00     5.6980E-03     1.1400E-05     2.0007E-03
   713     4.3750E+00  4.3500E+00     5.7307E-03     1.1440E-05     1.9963E-03
   714     4.3500E+00  4.3250E+00     5.7637E-03     1.1510E-05     1.9970E-03
   715     4.3250E+00  4.3000E+00     5.7971E-03     1.1610E-05     2.0027E-03
   716     4.3000E+00  4.2750E+00     5.8309E-03     1.1730E-05     2.0117E-03
   717     4.2750E+00  4.2500E+00     5.8651E-03     1.1870E-05     2.0238E-03
   718     4.2500E+00  4.2250E+00     5.8997E-03     1.2030E-05     2.0391E-03
   719     4.2250E+00  4.2000E+00     5.9347E-03     1.2190E-05     2.0540E-03
   720     4.2000E+00  4.1750E+00     5.9702E-03     1.2340E-05     2.0669E-03
   721     4.1750E+00  4.1500E+00     6.0060E-03     1.2490E-05     2.0796E-03
   722     4.1500E+00  4.1250E+00     6.0423E-03     1.2630E-05     2.0903E-03
   723     4.1250E+00  4.1000E+00     6.0790E-03     1.2780E-05     2.1023E-03
   724     4.1000E+00  4.0750E+00     6.1162E-03     1.2960E-05     2.1190E-03
   725     4.0750E+00  4.0500E+00     6.1539E-03     1.3190E-05     2.1434E-03
   726     4.0500E+00  4.0250E+00     6.1920E-03     1.3500E-05     2.1802E-03
   727     4.0250E+00  4.0000E+00     6.2305E-03     1.3990E-05     2.2454E-03
   728     4.0000E+00  3.9750E+00     6.2696E-03     1.4010E-05     2.2346E-03
   729     3.9750E+00  3.9500E+00     6.3092E-03     1.3730E-05     2.1762E-03
   730     3.9500E+00  3.9250E+00     6.3492E-03     1.3400E-05     2.1105E-03
   731     3.9250E+00  3.9000E+00     6.3898E-03     1.3460E-05     2.1065E-03
   732     3.9000E+00  3.8750E+00     6.4309E-03     1.3640E-05     2.1210E-03
   733     3.8750E+00  3.8500E+00     6.4725E-03     1.3780E-05     2.1290E-03
   734     3.8500E+00  3.8250E+00     6.5147E-03     1.3880E-05     2.1306E-03
   735     3.8250E+00  3.8000E+00     6.5574E-03     1.4000E-05     2.1350E-03
   736     3.8000E+00  3.7750E+00     6.6007E-03     1.4160E-05     2.1452E-03
   737     3.7750E+00  3.7500E+00     6.6445E-03     1.4260E-05     2.1461E-03
   738     3.7500E+00  3.7250E+00     6.6890E-03     1.4330E-05     2.1423E-03
   739     3.7250E+00  3.7000E+00     6.7340E-03     1.4350E-05     2.1310E-03
   740     3.7000E+00  3.6750E+00     6.7797E-03     1.4350E-05     2.1166E-03
   741     3.6750E+00  3.6500E+00     6.8260E-03     1.4280E-05     2.0920E-03
   742     3.6500E+00  3.6250E+00     6.8729E-03     1.4270E-05     2.0763E-03
   743     3.6250E+00  3.6000E+00     6.9204E-03     1.4300E-05     2.0663E-03
   744     3.6000E+00  3.5750E+00     6.9687E-03     1.4440E-05     2.0721E-03
   745     3.5750E+00  3.5500E+00     7.0176E-03     1.4610E-05     2.0819E-03
   746     3.5500E+00  3.5250E+00     7.0672E-03     1.4850E-05     2.1013E-03
   747     3.5250E+00  3.5000E+00     7.1175E-03     1.5050E-05     2.1145E-03
   748     3.5000E+00  3.4750E+00     7.1685E-03     1.5250E-05     2.1274E-03
   749     3.4750E+00  3.4500E+00     7.2202E-03     1.5400E-05     2.1329E-03
   750     3.4500E+00  3.4250E+00     7.2728E-03     1.5550E-05     2.1381E-03
   751     3.4250E+00  3.4000E+00     7.3260E-03     1.5710E-05     2.1444E-03
   752     3.4000E+00  3.3750E+00     7.3801E-03     1.5790E-05     2.1395E-03
   753     3.3750E+00  3.3500E+00     7.4350E-03     1.5900E-05     2.1385E-03
   754     3.3500E+00  3.3250E+00     7.4907E-03     1.6020E-05     2.1387E-03
   755     3.3250E+00  3.3000E+00     7.5472E-03     1.6120E-05     2.1359E-03
   756     3.3000E+00  3.2750E+00     7.6046E-03     1.6180E-05     2.1277E-03
   757     3.2750E+00  3.2500E+00     7.6629E-03     1.6250E-05     2.1206E-03
   758     3.2500E+00  3.2250E+00     7.7220E-03     1.6310E-05     2.1121E-03
   759     3.2250E+00  3.2000E+00     7.7821E-03     1.6360E-05     2.1022E-03
   760     3.2000E+00  3.1750E+00     7.8432E-03     1.6370E-05     2.0872E-03
   761     3.1750E+00  3.1500E+00     7.9052E-03     1.6420E-05     2.0771E-03
   762     3.1500E+00  3.1250E+00     7.9682E-03     1.6510E-05     2.0720E-03
   763     3.1250E+00  3.1000E+00     8.0322E-03     1.6640E-05     2.0717E-03
   764     3.1000E+00  3.0750E+00     8.0972E-03     1.6800E-05     2.0748E-03
   765     3.0750E+00  3.0500E+00     8.1633E-03     1.7030E-05     2.0862E-03
   766     3.0500E+00  3.0250E+00     8.2305E-03     1.7280E-05     2.0995E-03
   767     3.0250E+00  3.0000E+00     8.2988E-03     1.7460E-05     2.1039E-03
   768     3.0000E+00  2.9750E+00     8.3682E-03     1.7680E-05     2.1127E-03
   769     2.9750E+00  2.9500E+00     8.4389E-03     1.7860E-05     2.1164E-03
   770     2.9500E+00  2.9250E+00     8.5107E-03     1.8100E-05     2.1267E-03
   771     2.9250E+00  2.9000E+00     8.5837E-03     1.8250E-05     2.1261E-03
   772     2.9000E+00  2.8750E+00     8.6581E-03     1.8450E-05     2.1310E-03
   773     2.8750E+00  2.8500E+00     8.7337E-03     1.8670E-05     2.1377E-03
   774     2.8500E+00  2.8250E+00     8.8106E-03     1.8860E-05     2.1406E-03
   775     2.8250E+00  2.8000E+00     8.8889E-03     1.9040E-05     2.1420E-03
   776     2.8000E+00  2.7750E+00     8.9687E-03     1.9230E-05     2.1441E-03
   777     2.7750E+00  2.7500E+00     9.0498E-03     1.9400E-05     2.1437E-03
   778     2.7500E+00  2.7250E+00     9.1325E-03     1.9530E-05     2.1385E-03
   779     2.7250E+00  2.7000E+00     9.2167E-03     1.9650E-05     2.1320E-03
   780     2.7000E+00  2.6750E+00     9.3024E-03     1.9760E-05     2.1242E-03
   781     2.6750E+00  2.6500E+00     9.3897E-03     1.9950E-05     2.1247E-03
   782     2.6500E+00  2.6250E+00     9.4787E-03     2.0240E-05     2.1353E-03
   783     2.6250E+00  2.6000E+00     9.5695E-03     2.0510E-05     2.1433E-03
   784     2.6000E+00  2.5750E+00     9.6619E-03     2.0860E-05     2.1590E-03
   785     2.5750E+00  2.5500E+00     9.7562E-03     2.1040E-05     2.1566E-03
   786     2.5500E+00  2.5250E+00     9.8523E-03     2.1250E-05     2.1569E-03
   787     2.5250E+00  2.5000E+00     9.9503E-03     2.1550E-05     2.1658E-03
   788     2.5000E+00  2.4750E+00     1.0050E-02     2.1690E-05     2.1581E-03
   789     2.4750E+00  2.4500E+00     1.0152E-02     2.1930E-05     2.1601E-03
   790     2.4500E+00  2.4250E+00     1.0257E-02     2.2160E-05     2.1606E-03
   791     2.4250E+00  2.4000E+00     1.0363E-02     2.2430E-05     2.1645E-03
   792     2.4000E+00  2.3750E+00     1.0471E-02     2.2680E-05     2.1659E-03
   793     2.3750E+00  2.3500E+00     1.0582E-02     2.2980E-05     2.1716E-03
   794     2.3500E+00  2.3250E+00     1.0695E-02     2.3190E-05     2.1682E-03
   795     2.3250E+00  2.3000E+00     1.0811E-02     2.3520E-05     2.1756E-03
   796     2.3000E+00  2.2750E+00     1.0929E-02     2.3760E-05     2.1740E-03
   797     2.2750E+00  2.2500E+00     1.1050E-02     2.4050E-05     2.1765E-03
   798     2.2500E+00  2.2250E+00     1.1173E-02     2.4290E-05     2.1739E-03
   799     2.2250E+00  2.2000E+00     1.1300E-02     2.4600E-05     2.1771E-03
   800     2.2000E+00  2.1750E+00     1.1429E-02     2.4910E-05     2.1796E-03
   801     2.1750E+00  2.1500E+00     1.1561E-02     2.5120E-05     2.1729E-03
   802     2.1500E+00  2.1250E+00     1.1696E-02     2.5390E-05     2.1708E-03
   803     2.1250E+00  2.1000E+00     1.1834E-02     2.5630E-05     2.1657E-03
   804     2.1000E+00  2.0750E+00     1.1976E-02     2.5760E-05     2.1509E-03
   805     2.0750E+00  2.0500E+00     1.2121E-02     2.5920E-05     2.1384E-03
   806     2.0500E+00  2.0250E+00     1.2270E-02     2.6110E-05     2.1279E-03
   807     2.0250E+00  2.0000E+00     1.2423E-02     2.6530E-05     2.1356E-03
   808     2.0000E+00  1.9750E+00     1.2579E-02     2.7410E-05     2.1791E-03
   809     1.9750E+00  1.9500E+00     1.2739E-02     2.7940E-05     2.1933E-03
   810     1.9500E+00  1.9250E+00     1.2903E-02     2.8440E-05     2.2041E-03
   811     1.9250E+00  1.9000E+00     1.3072E-02     2.8910E-05     2.2116E-03
   812     1.9000E+00  1.8750E+00     1.3245E-02     2.9310E-05     2.2129E-03
   813     1.8750E+00  1.8500E+00     1.3423E-02     2.9770E-05     2.2178E-03
   814     1.8500E+00  1.8250E+00     1.3606E-02     3.0160E-05     2.2167E-03
   815     1.8250E+00  1.8000E+00     1.3793E-02     3.0690E-05     2.2250E-03
   816     1.8000E+00  1.7750E+00     1.3986E-02     3.1060E-05     2.2208E-03
   817     1.7750E+00  1.7500E+00     1.4185E-02     3.1520E-05     2.2221E-03
   818     1.7500E+00  1.7250E+00     1.4389E-02     3.1980E-05     2.2226E-03
   819     1.7250E+00  1.7000E+00     1.4599E-02     3.2440E-05     2.2221E-03
   820     1.7000E+00  1.6750E+00     1.4815E-02     3.3030E-05     2.2295E-03
   821     1.6750E+00  1.6500E+00     1.5038E-02     3.3470E-05     2.2257E-03
   822     1.6500E+00  1.6250E+00     1.5267E-02     3.4010E-05     2.2276E-03
   823     1.6250E+00  1.6000E+00     1.5504E-02     3.4550E-05     2.2284E-03
   824     1.6000E+00  1.5750E+00     1.5748E-02     3.5070E-05     2.2269E-03
   825     1.5750E+00  1.5500E+00     1.6000E-02     3.5690E-05     2.2306E-03
   826     1.5500E+00  1.5250E+00     1.6261E-02     3.6120E-05     2.2213E-03
   827     1.5250E+00  1.5000E+00     1.6529E-02     3.6650E-05     2.2173E-03
   828     1.5000E+00  1.4750E+00     1.6807E-02     3.7190E-05     2.2128E-03
   829     1.4750E+00  1.4500E+00     1.7094E-02     3.7760E-05     2.2089E-03
   830     1.4500E+00  1.4250E+00     1.7392E-02     3.8470E-05     2.2120E-03
   831     1.4250E+00  1.4000E+00     1.7700E-02     3.9060E-05     2.2068E-03
   832     1.4000E+00  1.3750E+00     1.8019E-02     3.9550E-05     2.1950E-03
   833     1.3750E+00  1.3500E+00     1.8349E-02     4.0050E-05     2.1827E-03
   834     1.3500E+00  1.3250E+00     1.8692E-02     4.0460E-05     2.1645E-03
   835     1.3250E+00  1.3000E+00     1.9048E-02     4.0980E-05     2.1514E-03
   836     1.3000E+00  1.2750E+00     1.9418E-02     4.1360E-05     2.1300E-03
   837     1.2750E+00  1.2500E+00     1.9803E-02     4.1650E-05     2.1033E-03
   838     1.2500E+00  1.2250E+00     2.0203E-02     4.1990E-05     2.0784E-03
   839     1.2250E+00  1.2000E+00     2.0619E-02     4.2120E-05     2.0427E-03
   840     1.2000E+00  1.1750E+00     2.1053E-02     4.2060E-05     1.9978E-03
   841     1.1750E+00  1.1500E+00     2.1506E-02     4.1270E-05     1.9190E-03
   842     1.1500E+00  1.1250E+00     2.1979E-02     3.8840E-05     1.7671E-03
   843     1.1250E+00  1.1000E+00     2.2473E-02     3.3290E-05     1.4813E-03
   844     1.1000E+00  1.0750E+00     2.2990E-02     2.5610E-05     1.1140E-03
   845     1.0750E+00  1.0500E+00     2.3530E-02     2.1160E-05     8.9926E-04
   846     1.0500E+00  1.0250E+00     2.4098E-02     2.2800E-05     9.4615E-04
   847     1.0250E+00  1.0000E+00     2.4693E-02     3.0610E-05     1.2396E-03
   848     1.0000E+00  9.7500E-01     2.5318E-02     4.0330E-05     1.5929E-03
   849     9.7500E-01  9.5000E-01     2.5975E-02     4.6890E-05     1.8052E-03
   850     9.5000E-01  9.2500E-01     2.6668E-02     5.1140E-05     1.9176E-03
   851     9.2500E-01  9.0000E-01     2.7399E-02     5.4000E-05     1.9709E-03
   852     9.0000E-01  8.7500E-01     2.8171E-02     5.6580E-05     2.0085E-03
   853     8.7500E-01  8.5000E-01     2.8988E-02     5.9260E-05     2.0443E-03
   854     8.5000E-01  8.2500E-01     2.9853E-02     6.1530E-05     2.0611E-03
   855     8.2500E-01  8.0000E-01     3.0772E-02     6.4370E-05     2.0919E-03
   856     8.0000E-01  7.7500E-01     3.1749E-02     6.6910E-05     2.1075E-03
   857     7.7500E-01  7.5000E-01     3.2790E-02     6.9430E-05     2.1174E-03
   858     7.5000E-01  7.2500E-01     3.3902E-02     7.2310E-05     2.1329E-03
   859     7.2500E-01  7.0000E-01     3.5091E-02     7.5560E-05     2.1532E-03
   860     7.0000E-01  6.7500E-01     3.6368E-02     7.8900E-05     2.1695E-03
   861     6.7500E-01  6.5000E-01     3.7740E-02     8.2290E-05     2.1804E-03
   862     6.5000E-01  6.2500E-01     3.9221E-02     8.5420E-05     2.1779E-03
   863     6.2500E-01  6.0000E-01     4.0822E-02     9.0860E-05     2.2258E-03
   864     6.0000E-01  5.7500E-01     4.2560E-02     9.5560E-05     2.2453E-03
   865     5.7500E-01  5.5000E-01     4.4452E-02     1.0030E-04     2.2564E-03
   866     5.5000E-01  5.2481E-01     4.6882E-02     1.0592E-04     2.2593E-03
   867     5.2481E-01  5.0119E-01     4.6051E-02     1.0373E-04     2.2525E-03
   868     5.0119E-01  4.7863E-01     4.6057E-02     1.0388E-04     2.2554E-03
   869     4.7863E-01  4.5709E-01     4.6048E-02     1.0397E-04     2.2579E-03
   870     4.5709E-01  4.3652E-01     4.6046E-02     1.0357E-04     2.2493E-03
   871     4.3652E-01  4.1687E-01     4.6060E-02     1.0285E-04     2.2330E-03
   872     4.1687E-01  3.9811E-01     4.6046E-02     1.0184E-04     2.2117E-03
   873     3.9811E-01  3.8019E-01     4.6057E-02     9.9767E-05     2.1662E-03
   874     3.8019E-01  3.6308E-01     4.6048E-02     9.6915E-05     2.1047E-03
   875     3.6308E-01  3.4674E-01     4.6048E-02     9.5175E-05     2.0669E-03
   876     3.4674E-01  3.3113E-01     4.6064E-02     9.3113E-05     2.0214E-03
   877     3.3113E-01  3.1623E-01     4.6041E-02     9.0026E-05     1.9553E-03
   878     3.1623E-01  3.0200E-01     4.6043E-02     8.7952E-05     1.9102E-03
   879     3.0200E-01  2.8840E-01     4.6079E-02     9.3137E-05     2.0213E-03
   880     2.8840E-01  2.7542E-01     4.6051E-02     9.3943E-05     2.0400E-03
   881     2.7542E-01  2.6303E-01     4.6029E-02     1.0556E-04     2.2933E-03
   882     2.6303E-01  2.5119E-01     4.6058E-02     1.0602E-04     2.3019E-03
   883     2.5119E-01  2.3988E-01     4.6071E-02     1.2224E-04     2.6533E-03
   884     2.3988E-01  2.2909E-01     4.6024E-02     1.2397E-04     2.6936E-03
   885     2.2909E-01  2.1878E-01     4.6048E-02     1.3559E-04     2.9445E-03
   886     2.1878E-01  2.0893E-01     4.6067E-02     1.4307E-04     3.1057E-03
   887     2.0893E-01  1.9953E-01     4.6035E-02     1.4360E-04     3.1194E-03
   888     1.9953E-01  1.9055E-01     4.6050E-02     1.5532E-04     3.3729E-03
   889     1.9055E-01  1.8197E-01     4.6073E-02     1.6869E-04     3.6614E-03
   890     1.8197E-01  1.7378E-01     4.6052E-02     1.7437E-04     3.7864E-03
   891     1.7378E-01  1.6596E-01     4.6043E-02     1.7885E-04     3.8844E-03
   892     1.6596E-01  1.5849E-01     4.6055E-02     1.8260E-04     3.9648E-03
   893     1.5849E-01  1.5136E-01     4.6030E-02     1.8622E-04     4.0456E-03
   894     1.5136E-01  1.4454E-01     4.6105E-02     1.8925E-04     4.1048E-03
   895     1.4454E-01  1.3804E-01     4.6013E-02     1.9010E-04     4.1315E-03
   896     1.3804E-01  1.3183E-01     4.6030E-02     1.9143E-04     4.1588E-03
   897     1.3183E-01  1.2589E-01     4.6105E-02     1.9159E-04     4.1555E-03
   898     1.2589E-01  1.2023E-01     4.6002E-02     1.9109E-04     4.1540E-03
   899     1.2023E-01  1.1482E-01     4.6041E-02     1.8890E-04     4.1029E-03
   900     1.1482E-01  1.0965E-01     4.6072E-02     1.8856E-04     4.0927E-03
   901     1.0965E-01  1.0471E-01     4.6099E-02     1.8380E-04     3.9871E-03
   902     1.0471E-01  1.0000E-01     4.6024E-02     1.8350E-04     3.9870E-03
   903     1.0000E-01  9.5499E-02     4.6054E-02     1.7983E-04     3.9047E-03
   904     9.5499E-02  9.1201E-02     4.6050E-02     1.7981E-04     3.9047E-03
   905     9.1201E-02  8.7096E-02     4.6055E-02     1.7198E-04     3.7342E-03
   906     8.7096E-02  8.3176E-02     4.6052E-02     1.6879E-04     3.6652E-03
   907     8.3176E-02  7.9433E-02     4.6045E-02     1.6650E-04     3.6160E-03
   908     7.9433E-02  7.5858E-02     4.6051E-02     1.5416E-04     3.3476E-03
   909     7.5858E-02  7.2444E-02     4.6049E-02     1.5415E-04     3.3475E-03
   910     7.2444E-02  6.9183E-02     4.6059E-02     1.4951E-04     3.2461E-03
   911     6.9183E-02  6.6069E-02     4.6056E-02     1.3585E-04     2.9497E-03
   912     6.6069E-02  6.3096E-02     4.6042E-02     1.3581E-04     2.9497E-03
   913     6.3096E-02  6.0256E-02     4.6055E-02     1.3585E-04     2.9497E-03
   914     6.0256E-02  5.7544E-02     4.6052E-02     1.1599E-04     2.5187E-03
   915     5.7544E-02  5.4954E-02     4.6053E-02     1.1397E-04     2.4747E-03
   916     5.4954E-02  5.2481E-02     4.6045E-02     1.1395E-04     2.4747E-03
   917     5.2481E-02  5.0119E-02     4.6051E-02     1.1396E-04     2.4746E-03
   918     5.0119E-02  4.7863E-02     4.6057E-02     9.6800E-05     2.1017E-03
   919     4.7863E-02  4.5709E-02     4.6048E-02     9.5845E-05     2.0814E-03
   920     4.5709E-02  4.3652E-02     4.6046E-02     8.7125E-05     1.8921E-03
   921     4.3652E-02  4.1687E-02     4.6060E-02     8.2669E-05     1.7948E-03
   922     4.1687E-02  3.9811E-02     4.6046E-02     8.1259E-05     1.7647E-03
   923     3.9811E-02  3.8019E-02     4.6057E-02     6.9190E-05     1.5023E-03
   924     3.8019E-02  3.6308E-02     4.6048E-02     6.9176E-05     1.5023E-03
   925     3.6308E-02  3.4674E-02     4.6048E-02     6.6446E-05     1.4430E-03
   926     3.4674E-02  3.3113E-02     4.6064E-02     5.5761E-05     1.2105E-03
   927     3.3113E-02  3.1623E-02     4.6041E-02     5.5733E-05     1.2105E-03
   928     3.1623E-02  3.0200E-02     4.6043E-02     5.5735E-05     1.2105E-03
   929     3.0200E-02  2.8840E-02     4.6079E-02     4.4661E-05     9.6923E-04
   930     2.8840E-02  2.7542E-02     4.6051E-02     4.2762E-05     9.2858E-04
   931     2.7542E-02  2.6303E-02     4.6029E-02     4.2742E-05     9.2859E-04
   932     2.6303E-02  2.5119E-02     4.6058E-02     4.2769E-05     9.2858E-04
   933     2.5119E-02  2.3988E-02     4.6071E-02     3.1705E-05     6.8818E-04
   934     2.3988E-02  2.2909E-02     4.6024E-02     3.0402E-05     6.6057E-04
   935     2.2909E-02  2.1878E-02     4.6048E-02     3.0418E-05     6.6057E-04
   936     2.1878E-02  2.0893E-02     4.6067E-02     3.0430E-05     6.6055E-04
   937     2.0893E-02  1.9953E-02     4.6035E-02     2.9844E-05     6.4829E-04
   938     1.9953E-02  1.9055E-02     4.6050E-02     1.9369E-05     4.2061E-04
   939     1.9055E-02  1.8197E-02     4.6073E-02     1.9378E-05     4.2060E-04
   940     1.8197E-02  1.7378E-02     4.6052E-02     1.9369E-05     4.2059E-04
   941     1.7378E-02  1.6596E-02     4.6043E-02     1.9366E-05     4.2060E-04
   942     1.6596E-02  1.5849E-02     4.6055E-02     1.9371E-05     4.2060E-04
   943     1.5849E-02  1.5136E-02     4.6030E-02     1.9361E-05     4.2061E-04
   944     1.5136E-02  1.4454E-02     4.6105E-02     1.1993E-05     2.6012E-04
   945     1.4454E-02  1.3804E-02     4.6013E-02     1.0171E-05     2.2105E-04
   946     1.3804E-02  1.3183E-02     4.6030E-02     1.0175E-05     2.2105E-04
   947     1.3183E-02  1.2589E-02     4.6105E-02     1.0192E-05     2.2106E-04
   948     1.2589E-02  1.2023E-02     4.6002E-02     1.0169E-05     2.2106E-04
   949     1.2023E-02  1.1482E-02     4.6041E-02     1.0178E-05     2.2106E-04
   950     1.1482E-02  1.0965E-02     4.6072E-02     1.0184E-05     2.2104E-04
   951     1.0965E-02  1.0471E-02     4.6099E-02     1.0190E-05     2.2105E-04
   952     1.0471E-02  1.0000E-02     4.6024E-02     1.0174E-05     2.2106E-04
   953     1.0000E-02  9.5499E-03     4.6054E-02     3.5646E-06     7.7400E-05
   954     9.5499E-03  9.1201E-03     4.6050E-02     3.5643E-06     7.7401E-05
   955     9.1201E-03  8.7096E-03     4.6055E-02     3.5647E-06     7.7401E-05
   956     8.7096E-03  8.3176E-03     4.6052E-02     3.5645E-06     7.7401E-05
   957     8.3176E-03  7.9433E-03     4.6045E-02     3.5639E-06     7.7400E-05
   958     7.9433E-03  7.5858E-03     4.6051E-02     3.5644E-06     7.7402E-05
   959     7.5858E-03  7.2444E-03     4.6049E-02     3.5642E-06     7.7400E-05
   960     7.2444E-03  6.9183E-03     4.6059E-02     3.5650E-06     7.7401E-05
   961     6.9183E-03  6.6069E-03     4.6056E-02     3.5647E-06     7.7400E-05
   962     6.6069E-03  6.3096E-03     4.6042E-02     3.5637E-06     7.7401E-05
   963     6.3096E-03  6.0256E-03     4.6055E-02     3.5647E-06     7.7401E-05
   964     6.0256E-03  5.7544E-03     4.6052E-02     3.5645E-06     7.7401E-05
   965     5.7544E-03  5.4954E-03     4.6053E-02     3.5646E-06     7.7401E-05
   966     5.4954E-03  5.2481E-03     4.6045E-02     3.5639E-06     7.7400E-05
   967     5.2481E-03  5.0119E-03     4.6051E-02     3.5644E-06     7.7401E-05
   968     5.0119E-03  4.7863E-03     4.6057E-02     6.0198E-07     1.3070E-05
   969     4.7863E-03  4.5709E-03     4.6048E-02     4.4064E-07     9.5692E-06
   970     4.5709E-03  4.3652E-03     4.6046E-02     4.4062E-07     9.5691E-06
   971     4.3652E-03  4.1687E-03     4.6060E-02     4.4075E-07     9.5691E-06
   972     4.1687E-03  3.9811E-03     4.6046E-02     4.4062E-07     9.5691E-06
   973     3.9811E-03  3.8019E-03     4.6057E-02     4.4073E-07     9.5692E-06
   974     3.8019E-03  3.6308E-03     4.6048E-02     4.4064E-07     9.5692E-06
   975     3.6308E-03  3.4674E-03     4.6048E-02     4.4064E-07     9.5692E-06
   976     3.4674E-03  3.3113E-03     4.6064E-02     4.4080E-07     9.5693E-06
   977     3.3113E-03  3.1623E-03     4.6041E-02     4.4058E-07     9.5692E-06
   978     3.1623E-03  3.0200E-03     4.6043E-02     4.4059E-07     9.5691E-06
   979     3.0200E-03  2.8840E-03     4.6079E-02     4.4093E-07     9.5691E-06
   980     2.8840E-03  2.7542E-03     4.6051E-02     4.4067E-07     9.5691E-06
   981     2.7542E-03  2.6303E-03     4.6029E-02     4.4046E-07     9.5692E-06
   982     2.6303E-03  2.5119E-03     4.6058E-02     4.4074E-07     9.5691E-06
   983     2.5119E-03  2.3988E-03     4.6071E-02     4.4086E-07     9.5692E-06
   984     2.3988E-03  2.2909E-03     4.6024E-02     4.4041E-07     9.5692E-06
   985     2.2909E-03  2.1878E-03     4.6048E-02     4.4064E-07     9.5691E-06
   986     2.1878E-03  2.0893E-03     4.6067E-02     4.4083E-07     9.5692E-06
   987     2.0893E-03  1.9953E-03     4.6035E-02     4.4051E-07     9.5691E-06
   988     1.9953E-03  1.9055E-03     4.6050E-02     4.4066E-07     9.5692E-06
   989     1.9055E-03  1.8197E-03     4.6073E-02     4.4088E-07     9.5692E-06
   990     1.8197E-03  1.7378E-03     4.6052E-02     4.4068E-07     9.5692E-06
   991     1.7378E-03  1.6596E-03     4.6043E-02     4.4060E-07     9.5692E-06
   992     1.6596E-03  1.5849E-03     4.6055E-02     4.4071E-07     9.5691E-06
   993     1.5849E-03  1.5136E-03     4.6030E-02     4.4047E-07     9.5691E-06
   994     1.5136E-03  1.4454E-03     4.6105E-02     4.4118E-07     9.5691E-06
   995     1.4454E-03  1.3804E-03     4.6013E-02     4.4030E-07     9.5691E-06
   996     1.3804E-03  1.3183E-03     4.6030E-02     4.4047E-07     9.5691E-06
   997     1.3183E-03  1.2589E-03     4.6105E-02     4.4118E-07     9.5691E-06
   998     1.2589E-03  1.2023E-03     4.6002E-02     4.4020E-07     9.5692E-06
   999     1.2023E-03  1.1482E-03     4.6041E-02     4.4057E-07     9.5691E-06
  1000     1.1482E-03  1.0965E-03     4.6072E-02     4.4087E-07     9.5691E-06
  1001     1.0965E-03  1.0471E-03     4.6099E-02     4.4113E-07     9.5692E-06
  1002     1.0471E-03  1.0000E-03     4.6024E-02     4.3946E-07     9.5484E-06
  1003     1.0000E-03  9.5499E-04     4.6054E-02     0.0000E+00     0.0000E+00
  1004     9.5499E-04  9.1201E-04     4.6050E-02     0.0000E+00     0.0000E+00
  1005     9.1201E-04  8.7096E-04     4.6055E-02     0.0000E+00     0.0000E+00
  1006     8.7096E-04  8.3176E-04     4.6052E-02     0.0000E+00     0.0000E+00
  1007     8.3176E-04  7.9433E-04     4.6045E-02     0.0000E+00     0.0000E+00
  1008     7.9433E-04  7.5858E-04     4.6051E-02     0.0000E+00     0.0000E+00
  1009     7.5858E-04  7.2444E-04     4.6049E-02     0.0000E+00     0.0000E+00
  1010     7.2444E-04  6.9183E-04     4.6059E-02     0.0000E+00     0.0000E+00
  1011     6.9183E-04  6.6069E-04     4.6056E-02     0.0000E+00     0.0000E+00
  1012     6.6069E-04  6.3096E-04     4.6042E-02     0.0000E+00     0.0000E+00
  1013     6.3096E-04  6.0256E-04     4.6055E-02     0.0000E+00     0.0000E+00
  1014     6.0256E-04  5.7544E-04     4.6052E-02     0.0000E+00     0.0000E+00
  1015     5.7544E-04  5.4954E-04     4.6053E-02     0.0000E+00     0.0000E+00
  1016     5.4954E-04  5.2481E-04     4.6045E-02     0.0000E+00     0.0000E+00
  1017     5.2481E-04  5.0119E-04     4.6051E-02     0.0000E+00     0.0000E+00
  1018     5.0119E-04  4.7863E-04     4.6057E-02     0.0000E+00     0.0000E+00
  1019     4.7863E-04  4.5709E-04     4.6048E-02     0.0000E+00     0.0000E+00
  1020     4.5709E-04  4.3652E-04     4.6046E-02     0.0000E+00     0.0000E+00
  1021     4.3652E-04  4.1687E-04     4.6060E-02     0.0000E+00     0.0000E+00
  1022     4.1687E-04  3.9811E-04     4.6046E-02     0.0000E+00     0.0000E+00
  1023     3.9811E-04  3.8019E-04     4.6057E-02     0.0000E+00     0.0000E+00
  1024     3.8019E-04  3.6308E-04     4.6048E-02     0.0000E+00     0.0000E+00
  1025     3.6308E-04  3.4674E-04     4.6048E-02     0.0000E+00     0.0000E+00
  1026     3.4674E-04  3.3113E-04     4.6064E-02     0.0000E+00     0.0000E+00
  1027     3.3113E-04  3.1623E-04     4.6041E-02     0.0000E+00     0.0000E+00
  1028     3.1623E-04  3.0200E-04     4.6043E-02     0.0000E+00     0.0000E+00
  1029     3.0200E-04  2.8840E-04     4.6079E-02     0.0000E+00     0.0000E+00
  1030     2.8840E-04  2.7542E-04     4.6051E-02     0.0000E+00     0.0000E+00
  1031     2.7542E-04  2.6303E-04     4.6029E-02     0.0000E+00     0.0000E+00
  1032     2.6303E-04  2.5119E-04     4.6058E-02     0.0000E+00     0.0000E+00
  1033     2.5119E-04  2.3988E-04     4.6071E-02     0.0000E+00     0.0000E+00
  1034     2.3988E-04  2.2909E-04     4.6024E-02     0.0000E+00     0.0000E+00
  1035     2.2909E-04  2.1878E-04     4.6048E-02     0.0000E+00     0.0000E+00
  1036     2.1878E-04  2.0893E-04     4.6067E-02     0.0000E+00     0.0000E+00
  1037     2.0893E-04  1.9953E-04     4.6035E-02     0.0000E+00     0.0000E+00
  1038     1.9953E-04  1.9055E-04     4.6050E-02     0.0000E+00     0.0000E+00
  1039     1.9055E-04  1.8197E-04     4.6073E-02     0.0000E+00     0.0000E+00
  1040     1.8197E-04  1.7378E-04     4.6052E-02     0.0000E+00     0.0000E+00
  1041     1.7378E-04  1.6596E-04     4.6043E-02     0.0000E+00     0.0000E+00
  1042     1.6596E-04  1.5849E-04     4.6055E-02     0.0000E+00     0.0000E+00
  1043     1.5849E-04  1.5136E-04     4.6030E-02     0.0000E+00     0.0000E+00
  1044     1.5136E-04  1.4454E-04     4.6105E-02     0.0000E+00     0.0000E+00
  1045     1.4454E-04  1.3804E-04     4.6013E-02     0.0000E+00     0.0000E+00
  1046     1.3804E-04  1.3183E-04     4.6030E-02     0.0000E+00     0.0000E+00
  1047     1.3183E-04  1.2589E-04     4.6105E-02     0.0000E+00     0.0000E+00
  1048     1.2589E-04  1.2023E-04     4.6002E-02     0.0000E+00     0.0000E+00
  1049     1.2023E-04  1.1482E-04     4.6041E-02     0.0000E+00     0.0000E+00
  1050     1.1482E-04  1.0965E-04     4.6072E-02     0.0000E+00     0.0000E+00
  1051     1.0965E-04  1.0471E-04     4.6099E-02     0.0000E+00     0.0000E+00
  1052     1.0471E-04  1.0000E-04     4.6024E-02     0.0000E+00     0.0000E+00
  1053     1.0000E-04  9.5499E-05     4.6054E-02     0.0000E+00     0.0000E+00
  1054     9.5499E-05  9.1201E-05     4.6050E-02     0.0000E+00     0.0000E+00
  1055     9.1201E-05  8.7096E-05     4.6055E-02     0.0000E+00     0.0000E+00
  1056     8.7096E-05  8.3176E-05     4.6052E-02     0.0000E+00     0.0000E+00
  1057     8.3176E-05  7.9433E-05     4.6045E-02     0.0000E+00     0.0000E+00
  1058     7.9433E-05  7.5858E-05     4.6051E-02     0.0000E+00     0.0000E+00
  1059     7.5858E-05  7.2444E-05     4.6049E-02     0.0000E+00     0.0000E+00
  1060     7.2444E-05  6.9183E-05     4.6059E-02     0.0000E+00     0.0000E+00
  1061     6.9183E-05  6.6069E-05     4.6056E-02     0.0000E+00     0.0000E+00
  1062     6.6069E-05  6.3096E-05     4.6042E-02     0.0000E+00     0.0000E+00
  1063     6.3096E-05  6.0256E-05     4.6055E-02     0.0000E+00     0.0000E+00
  1064     6.0256E-05  5.7544E-05     4.6052E-02     0.0000E+00     0.0000E+00
  1065     5.7544E-05  5.4954E-05     4.6053E-02     0.0000E+00     0.0000E+00
  1066     5.4954E-05  5.2481E-05     4.6045E-02     0.0000E+00     0.0000E+00
  1067     5.2481E-05  5.0119E-05     4.6051E-02     0.0000E+00     0.0000E+00
  1068     5.0119E-05  4.7863E-05     4.6057E-02     0.0000E+00     0.0000E+00
  1069     4.7863E-05  4.5709E-05     4.6048E-02     0.0000E+00     0.0000E+00
  1070     4.5709E-05  4.3652E-05     4.6046E-02     0.0000E+00     0.0000E+00
  1071     4.3652E-05  4.1687E-05     4.6060E-02     0.0000E+00     0.0000E+00
  1072     4.1687E-05  3.9811E-05     4.6046E-02     0.0000E+00     0.0000E+00
  1073     3.9811E-05  3.8019E-05     4.6057E-02     0.0000E+00     0.0000E+00
  1074     3.8019E-05  3.6308E-05     4.6048E-02     0.0000E+00     0.0000E+00
  1075     3.6308E-05  3.4674E-05     4.6048E-02     0.0000E+00     0.0000E+00
  1076     3.4674E-05  3.3113E-05     4.6064E-02     0.0000E+00     0.0000E+00
  1077     3.3113E-05  3.1623E-05     4.6041E-02     0.0000E+00     0.0000E+00
  1078     3.1623E-05  3.0200E-05     4.6043E-02     0.0000E+00     0.0000E+00
  1079     3.0200E-05  2.8840E-05     4.6079E-02     0.0000E+00     0.0000E+00
  1080     2.8840E-05  2.7542E-05     4.6051E-02     0.0000E+00     0.0000E+00
  1081     2.7542E-05  2.6303E-05     4.6029E-02     0.0000E+00     0.0000E+00
  1082     2.6303E-05  2.5119E-05     4.6058E-02     0.0000E+00     0.0000E+00
  1083     2.5119E-05  2.3988E-05     4.6071E-02     0.0000E+00     0.0000E+00
  1084     2.3988E-05  2.2909E-05     4.6024E-02     0.0000E+00     0.0000E+00
  1085     2.2909E-05  2.1878E-05     4.6048E-02     0.0000E+00     0.0000E+00
  1086     2.1878E-05  2.0893E-05     4.6067E-02     0.0000E+00     0.0000E+00
  1087     2.0893E-05  1.9953E-05     4.6035E-02     0.0000E+00     0.0000E+00
  1088     1.9953E-05  1.9055E-05     4.6050E-02     0.0000E+00     0.0000E+00
  1089     1.9055E-05  1.8197E-05     4.6073E-02     0.0000E+00     0.0000E+00
  1090     1.8197E-05  1.7378E-05     4.6052E-02     0.0000E+00     0.0000E+00
  1091     1.7378E-05  1.6596E-05     4.6043E-02     0.0000E+00     0.0000E+00
  1092     1.6596E-05  1.5849E-05     4.6055E-02     0.0000E+00     0.0000E+00
  1093     1.5849E-05  1.5136E-05     4.6030E-02     0.0000E+00     0.0000E+00
  1094     1.5136E-05  1.4454E-05     4.6105E-02     0.0000E+00     0.0000E+00
  1095     1.4454E-05  1.3804E-05     4.6013E-02     0.0000E+00     0.0000E+00
  1096     1.3804E-05  1.3183E-05     4.6030E-02     0.0000E+00     0.0000E+00
  1097     1.3183E-05  1.2589E-05     4.6105E-02     0.0000E+00     0.0000E+00
  1098     1.2589E-05  1.2023E-05     4.6002E-02     0.0000E+00     0.0000E+00
  1099     1.2023E-05  1.1482E-05     4.6041E-02     0.0000E+00     0.0000E+00
  1100     1.1482E-05  1.0965E-05     4.6072E-02     0.0000E+00     0.0000E+00
  1101     1.0965E-05  1.0471E-05     4.6099E-02     0.0000E+00     0.0000E+00
  1102     1.0471E-05  1.0001E-03    -4.5592E+00     0.0000E+00     0.0000E+00
  TOTAL                                              8.3673E-02
