  GROUP      UPPER       LOWER         LETHARGY         DATA        DATA/LETHARGY

     1     2.5000E+05  2.4900E+05     4.0080E-03     0.0000E+00     0.0000E+00
     2     2.4900E+05  2.4800E+05     4.0242E-03     0.0000E+00     0.0000E+00
     3     2.4800E+05  2.4700E+05     4.0404E-03     0.0000E+00     0.0000E+00
     4     2.4700E+05  2.4600E+05     4.0568E-03     0.0000E+00     0.0000E+00
     5     2.4600E+05  2.4500E+05     4.0733E-03     1.7215E-04     4.2263E-02
     6     2.4500E+05  2.4400E+05     4.0900E-03     3.6702E-04     8.9736E-02
     7     2.4400E+05  2.4300E+05     4.1068E-03     5.6110E-04     1.3663E-01
     8     2.4300E+05  2.4200E+05     4.1237E-03     8.2395E-04     1.9981E-01
     9     2.4200E+05  2.4100E+05     4.1408E-03     9.5955E-04     2.3173E-01
    10     2.4100E+05  2.4000E+05     4.1580E-03     1.0234E-03     2.4613E-01
    11     2.4000E+05  2.3900E+05     4.1754E-03     1.1834E-03     2.8342E-01
    12     2.3900E+05  2.3800E+05     4.1929E-03     1.3449E-03     3.2076E-01
    13     2.3800E+05  2.3700E+05     4.2105E-03     1.5050E-03     3.5744E-01
    14     2.3700E+05  2.3600E+05     4.2283E-03     1.7857E-03     4.2232E-01
    15     2.3600E+05  2.3500E+05     4.2463E-03     1.8909E-03     4.4531E-01
    16     2.3500E+05  2.3400E+05     4.2644E-03     2.2283E-03     5.2254E-01
    17     2.3400E+05  2.3300E+05     4.2827E-03     2.3306E-03     5.4419E-01
    18     2.3300E+05  2.3200E+05     4.3011E-03     2.5825E-03     6.0043E-01
    19     2.3200E+05  2.3100E+05     4.3197E-03     2.7335E-03     6.3280E-01
    20     2.3100E+05  2.3000E+05     4.3384E-03     2.8537E-03     6.5778E-01
    21     2.3000E+05  2.2900E+05     4.3573E-03     3.0570E-03     7.0158E-01
    22     2.2900E+05  2.2800E+05     4.3764E-03     3.1559E-03     7.2112E-01
    23     2.2800E+05  2.2700E+05     4.3956E-03     3.3292E-03     7.5739E-01
    24     2.2700E+05  2.2600E+05     4.4150E-03     3.4618E-03     7.8410E-01
    25     2.2600E+05  2.2500E+05     4.4346E-03     3.5782E-03     8.0688E-01
    26     2.2500E+05  2.2400E+05     4.4544E-03     3.7622E-03     8.4461E-01
    27     2.2400E+05  2.2300E+05     4.4743E-03     3.8703E-03     8.6501E-01
    28     2.2300E+05  2.2200E+05     4.4944E-03     4.0288E-03     8.9641E-01
    29     2.2200E+05  2.2100E+05     4.5147E-03     4.2077E-03     9.3200E-01
    30     2.2100E+05  2.2000E+05     4.5352E-03     4.3332E-03     9.5547E-01
    31     2.2000E+05  2.1900E+05     4.5558E-03     4.5087E-03     9.8966E-01
    32     2.1900E+05  2.1800E+05     4.5767E-03     4.6536E-03     1.0168E+00
    33     2.1800E+05  2.1700E+05     4.5977E-03     4.7897E-03     1.0418E+00
    34     2.1700E+05  2.1600E+05     4.6189E-03     5.0375E-03     1.0906E+00
    35     2.1600E+05  2.1500E+05     4.6404E-03     5.1700E-03     1.1141E+00
    36     2.1500E+05  2.1400E+05     4.6620E-03     5.3080E-03     1.1386E+00
    37     2.1400E+05  2.1300E+05     4.6838E-03     5.5330E-03     1.1813E+00
    38     2.1300E+05  2.1200E+05     4.7059E-03     5.6765E-03     1.2063E+00
    39     2.1200E+05  2.1100E+05     4.7281E-03     5.8235E-03     1.2317E+00
    40     2.1100E+05  2.1000E+05     4.7506E-03     5.9765E-03     1.2581E+00
    41     2.1000E+05  2.0900E+05     4.7733E-03     6.1010E-03     1.2782E+00
    42     2.0900E+05  2.0800E+05     4.7962E-03     6.2190E-03     1.2967E+00
    43     2.0800E+05  2.0700E+05     4.8193E-03     6.3920E-03     1.3263E+00
    44     2.0700E+05  2.0600E+05     4.8426E-03     6.4720E-03     1.3365E+00
    45     2.0600E+05  2.0500E+05     4.8662E-03     6.5790E-03     1.3520E+00
    46     2.0500E+05  2.0400E+05     4.8900E-03     6.7345E-03     1.3772E+00
    47     2.0400E+05  2.0300E+05     4.9140E-03     6.7975E-03     1.3833E+00
    48     2.0300E+05  2.0200E+05     4.9383E-03     6.9150E-03     1.4003E+00
    49     2.0200E+05  2.0100E+05     4.9628E-03     7.0525E-03     1.4211E+00
    50     2.0100E+05  2.0000E+05     4.9875E-03     7.1005E-03     1.4236E+00
    51     2.0000E+05  1.9900E+05     5.0125E-03     7.2630E-03     1.4490E+00
    52     1.9900E+05  1.9800E+05     5.0378E-03     7.3640E-03     1.4618E+00
    53     1.9800E+05  1.9700E+05     5.0633E-03     7.4080E-03     1.4631E+00
    54     1.9700E+05  1.9600E+05     5.0891E-03     7.5065E-03     1.4750E+00
    55     1.9600E+05  1.9500E+05     5.1151E-03     7.5320E-03     1.4725E+00
    56     1.9500E+05  1.9400E+05     5.1414E-03     7.6050E-03     1.4792E+00
    57     1.9400E+05  1.9300E+05     5.1680E-03     7.7380E-03     1.4973E+00
    58     1.9300E+05  1.9200E+05     5.1948E-03     7.7300E-03     1.4880E+00
    59     1.9200E+05  1.9100E+05     5.2219E-03     7.7940E-03     1.4925E+00
    60     1.9100E+05  1.9000E+05     5.2494E-03     7.8290E-03     1.4914E+00
    61     1.9000E+05  1.8900E+05     5.2771E-03     7.8745E-03     1.4922E+00
    62     1.8900E+05  1.8800E+05     5.3051E-03     7.9505E-03     1.4987E+00
    63     1.8800E+05  1.8700E+05     5.3333E-03     7.8935E-03     1.4800E+00
    64     1.8700E+05  1.8600E+05     5.3619E-03     7.9135E-03     1.4759E+00
    65     1.8600E+05  1.8500E+05     5.3908E-03     7.9160E-03     1.4684E+00
    66     1.8500E+05  1.8400E+05     5.4201E-03     7.9150E-03     1.4603E+00
    67     1.8400E+05  1.8300E+05     5.4496E-03     7.9205E-03     1.4534E+00
    68     1.8300E+05  1.8200E+05     5.4795E-03     7.8765E-03     1.4375E+00
    69     1.8200E+05  1.8100E+05     5.5097E-03     7.8915E-03     1.4323E+00
    70     1.8100E+05  1.8000E+05     5.5402E-03     7.8040E-03     1.4086E+00
    71     1.8000E+05  1.7900E+05     5.5710E-03     7.7130E-03     1.3845E+00
    72     1.7900E+05  1.7800E+05     5.6023E-03     7.5735E-03     1.3519E+00
    73     1.7800E+05  1.7700E+05     5.6338E-03     7.4270E-03     1.3183E+00
    74     1.7700E+05  1.7600E+05     5.6657E-03     7.2995E-03     1.2884E+00
    75     1.7600E+05  1.7500E+05     5.6980E-03     7.1075E-03     1.2474E+00
    76     1.7500E+05  1.7400E+05     5.7307E-03     6.9320E-03     1.2096E+00
    77     1.7400E+05  1.7300E+05     5.7637E-03     6.6950E-03     1.1616E+00
    78     1.7300E+05  1.7200E+05     5.7971E-03     6.5455E-03     1.1291E+00
    79     1.7200E+05  1.7100E+05     5.8309E-03     6.3335E-03     1.0862E+00
    80     1.7100E+05  1.7000E+05     5.8651E-03     6.0705E-03     1.0350E+00
    81     1.7000E+05  1.6900E+05     5.8997E-03     5.7655E-03     9.7725E-01
    82     1.6900E+05  1.6800E+05     5.9347E-03     5.5165E-03     9.2953E-01
    83     1.6800E+05  1.6700E+05     5.9702E-03     5.2980E-03     8.8741E-01
    84     1.6700E+05  1.6600E+05     6.0060E-03     5.0465E-03     8.4024E-01
    85     1.6600E+05  1.6500E+05     6.0423E-03     4.7888E-03     7.9254E-01
    86     1.6500E+05  1.6400E+05     6.0790E-03     4.5111E-03     7.4207E-01
    87     1.6400E+05  1.6300E+05     6.1162E-03     4.2809E-03     6.9992E-01
    88     1.6300E+05  1.6200E+05     6.1539E-03     4.0011E-03     6.5018E-01
    89     1.6200E+05  1.6100E+05     6.1920E-03     3.7617E-03     6.0751E-01
    90     1.6100E+05  1.6000E+05     6.2305E-03     3.5220E-03     5.6528E-01
    91     1.6000E+05  1.5900E+05     6.2696E-03     3.2990E-03     5.2619E-01
    92     1.5900E+05  1.5800E+05     6.3092E-03     3.0862E-03     4.8916E-01
    93     1.5800E+05  1.5700E+05     6.3492E-03     2.9122E-03     4.5867E-01
    94     1.5700E+05  1.5600E+05     6.3898E-03     2.6930E-03     4.2145E-01
    95     1.5600E+05  1.5500E+05     6.4309E-03     2.5243E-03     3.9253E-01
    96     1.5500E+05  1.5400E+05     6.4725E-03     2.3712E-03     3.6635E-01
    97     1.5400E+05  1.5300E+05     6.5147E-03     2.2025E-03     3.3808E-01
    98     1.5300E+05  1.5200E+05     6.5574E-03     2.0249E-03     3.0880E-01
    99     1.5200E+05  1.5100E+05     6.6007E-03     1.8905E-03     2.8641E-01
   100     1.5100E+05  1.5000E+05     6.6445E-03     1.7825E-03     2.6827E-01
   101     1.5000E+05  1.4900E+05     6.6890E-03     1.6458E-03     2.4605E-01
   102     1.4900E+05  1.4800E+05     6.7340E-03     1.5622E-03     2.3199E-01
   103     1.4800E+05  1.4700E+05     6.7797E-03     1.4006E-03     2.0659E-01
   104     1.4700E+05  1.4600E+05     6.8260E-03     1.2931E-03     1.8944E-01
   105     1.4600E+05  1.4500E+05     6.8729E-03     1.2199E-03     1.7749E-01
   106     1.4500E+05  1.4400E+05     6.9204E-03     1.1116E-03     1.6063E-01
   107     1.4400E+05  1.4300E+05     6.9687E-03     1.0407E-03     1.4934E-01
   108     1.4300E+05  1.4200E+05     7.0176E-03     1.0267E-03     1.4630E-01
   109     1.4200E+05  1.4100E+05     7.0672E-03     9.5390E-04     1.3498E-01
   110     1.4100E+05  1.4000E+05     7.1175E-03     8.6705E-04     1.2182E-01
   111     1.4000E+05  1.3900E+05     7.1685E-03     8.3880E-04     1.1701E-01
   112     1.3900E+05  1.3800E+05     7.2202E-03     7.8830E-04     1.0918E-01
   113     1.3800E+05  1.3700E+05     7.2728E-03     7.0295E-04     9.6655E-02
   114     1.3700E+05  1.3600E+05     7.3260E-03     6.5575E-04     8.9509E-02
   115     1.3600E+05  1.3500E+05     7.3801E-03     6.0515E-04     8.1997E-02
   116     1.3500E+05  1.3400E+05     7.4350E-03     5.8200E-04     7.8279E-02
   117     1.3400E+05  1.3300E+05     7.4907E-03     5.6895E-04     7.5954E-02
   118     1.3300E+05  1.3200E+05     7.5472E-03     5.3115E-04     7.0377E-02
   119     1.3200E+05  1.3100E+05     7.6046E-03     4.7607E-04     6.2603E-02
   120     1.3100E+05  1.3000E+05     7.6629E-03     4.2696E-04     5.5718E-02
   121     1.3000E+05  1.2900E+05     7.7220E-03     3.5060E-04     4.5402E-02
   122     1.2900E+05  1.2800E+05     7.7821E-03     3.7870E-04     4.8663E-02
   123     1.2800E+05  1.2700E+05     7.8432E-03     3.3303E-04     4.2461E-02
   124     1.2700E+05  1.2600E+05     7.9052E-03     3.1839E-04     4.0276E-02
   125     1.2600E+05  1.2500E+05     7.9682E-03     3.3706E-04     4.2301E-02
   126     1.2500E+05  1.2400E+05     8.0322E-03     3.5550E-04     4.4260E-02
   127     1.2400E+05  1.2300E+05     8.0972E-03     3.3114E-04     4.0896E-02
   128     1.2300E+05  1.2200E+05     8.1633E-03     2.7707E-04     3.3941E-02
   129     1.2200E+05  1.2100E+05     8.2305E-03     1.9353E-04     2.3514E-02
   130     1.2100E+05  1.2000E+05     8.2988E-03     2.0475E-04     2.4672E-02
   131     1.2000E+05  1.1900E+05     8.3682E-03     1.7371E-04     2.0758E-02
   132     1.1900E+05  1.1800E+05     8.4389E-03     2.0537E-04     2.4336E-02
   133     1.1800E+05  1.1700E+05     8.5107E-03     2.5384E-04     2.9826E-02
   134     1.1700E+05  1.1600E+05     8.5837E-03     2.1732E-04     2.5318E-02
   135     1.1600E+05  1.1500E+05     8.6581E-03     2.2037E-04     2.5453E-02
   136     1.1500E+05  1.1400E+05     8.7337E-03     1.6989E-04     1.9452E-02
   137     1.1400E+05  1.1300E+05     8.8106E-03     1.9737E-04     2.2401E-02
   138     1.1300E+05  1.1200E+05     8.8889E-03     1.7852E-04     2.0083E-02
   139     1.1200E+05  1.1100E+05     8.9687E-03     1.5312E-04     1.7073E-02
   140     1.1100E+05  1.1000E+05     9.0498E-03     1.2168E-04     1.3446E-02
   141     1.1000E+05  1.0900E+05     9.1325E-03     1.5334E-04     1.6791E-02
   142     1.0900E+05  1.0800E+05     9.2167E-03     1.4107E-04     1.5306E-02
   143     1.0800E+05  1.0700E+05     9.3024E-03     8.4715E-05     9.1068E-03
   144     1.0700E+05  1.0600E+05     9.3897E-03     8.2735E-05     8.8112E-03
   145     1.0600E+05  1.0500E+05     9.4787E-03     8.7980E-05     9.2818E-03
   146     1.0500E+05  1.0400E+05     9.5695E-03     1.6285E-04     1.7018E-02
   147     1.0400E+05  1.0300E+05     9.6619E-03     1.1945E-04     1.2363E-02
   148     1.0300E+05  1.0200E+05     9.7562E-03     7.4095E-05     7.5947E-03
   149     1.0200E+05  1.0100E+05     9.8523E-03     6.9635E-05     7.0679E-03
   150     1.0100E+05  1.0000E+05     9.9503E-03     8.6505E-05     8.6937E-03
  TOTAL                                              5.0000E-01
