  GROUP      UPPER       LOWER         LETHARGY         DATA        DATA/LETHARGY

     1     1.9640E+07  1.7332E+07     1.2501E-01     0.0000E+00     0.0000E+00
     2     1.7332E+07  1.6905E+07     2.4945E-02     0.0000E+00     0.0000E+00
     3     1.6905E+07  1.6487E+07     2.5037E-02     0.0000E+00     0.0000E+00
     4     1.6487E+07  1.5683E+07     4.9995E-02     0.0000E+00     0.0000E+00
     5     1.5683E+07  1.4918E+07     5.0009E-02     6.8600E-03     1.3718E-01
     6     1.4918E+07  1.4550E+07     2.4978E-02     7.8400E-01     3.1388E+01
     7     1.4550E+07  1.4191E+07     2.4983E-02     9.2300E-02     3.6945E+00
     8     1.4191E+07  1.3840E+07     2.5045E-02     4.6500E-03     1.8567E-01
     9     1.3840E+07  1.3499E+07     2.4947E-02     3.2300E-03     1.2947E-01
    10     1.3499E+07  1.2840E+07     5.0050E-02     6.1900E-03     1.2368E-01
    11     1.2840E+07  1.2523E+07     2.4998E-02     2.0200E-03     8.0805E-02
    12     1.2523E+07  1.2214E+07     2.4984E-02     1.5500E-03     6.2039E-02
    13     1.2214E+07  1.1618E+07     5.0027E-02     2.2089E-03     4.4154E-02
    14     1.1618E+07  1.1052E+07     4.9944E-02     1.8921E-03     3.7884E-02
    15     1.1052E+07  1.0513E+07     4.9999E-02     1.7800E-03     3.5601E-02
    16     1.0513E+07  1.0000E+07     5.0027E-02     1.6890E-03     3.3761E-02
    17     1.0000E+07  9.5123E+06     4.9999E-02     1.6000E-03     3.2000E-02
    18     9.5123E+06  9.0484E+06     4.9998E-02     1.5601E-03     3.1203E-02
    19     9.0484E+06  8.6071E+06     5.0001E-02     1.5200E-03     3.0400E-02
    20     8.6071E+06  8.1873E+06     5.0003E-02     1.9599E-03     3.9195E-02
    21     8.1873E+06  7.7880E+06     5.0000E-02     1.9400E-03     3.8800E-02
    22     7.7880E+06  7.4082E+06     4.9997E-02     2.1602E-03     4.3207E-02
    23     7.4082E+06  7.0469E+06     5.0000E-02     2.3300E-03     4.6600E-02
    24     7.0469E+06  6.7032E+06     5.0003E-02     2.0799E-03     4.1596E-02
    25     6.7032E+06  6.5924E+06     1.6668E-02     6.3394E-04     3.8034E-02
    26     6.5924E+06  6.3763E+06     3.3329E-02     1.2202E-03     3.6610E-02
    27     6.3763E+06  6.0653E+06     5.0004E-02     1.6498E-03     3.2993E-02
    28     6.0653E+06  5.7695E+06     4.9999E-02     1.5201E-03     3.0403E-02
    29     5.7695E+06  5.4881E+06     5.0003E-02     1.5599E-03     3.1196E-02
    30     5.4881E+06  5.2205E+06     4.9989E-02     1.4803E-03     2.9613E-02
    31     5.2205E+06  4.9658E+06     5.0019E-02     1.3901E-03     2.7792E-02
    32     4.9658E+06  4.7237E+06     4.9982E-02     1.4199E-03     2.8408E-02
    33     4.7237E+06  4.4933E+06     5.0005E-02     1.4599E-03     2.9195E-02
    34     4.4933E+06  4.0657E+06     1.0000E-01     2.8599E-03     2.8599E-02
    35     4.0657E+06  3.6788E+06     9.9999E-02     2.6601E-03     2.6601E-02
    36     3.6788E+06  3.3287E+06     1.0000E-01     2.5299E-03     2.5298E-02
    37     3.3287E+06  3.1664E+06     4.9987E-02     1.2903E-03     2.5813E-02
    38     3.1664E+06  3.0119E+06     5.0024E-02     1.3094E-03     2.6175E-02
    39     3.0119E+06  2.8650E+06     5.0003E-02     1.3399E-03     2.6797E-02
    40     2.8650E+06  2.7253E+06     4.9990E-02     1.3703E-03     2.7412E-02
    41     2.7253E+06  2.5924E+06     4.9994E-02     1.3902E-03     2.7807E-02
    42     2.5924E+06  2.4660E+06     4.9987E-02     1.4003E-03     2.8013E-02
    43     2.4660E+06  2.3851E+06     3.3356E-02     9.1849E-04     2.7536E-02
    44     2.3851E+06  2.3653E+06     8.3362E-03     2.3382E-04     2.8049E-02
    45     2.3653E+06  2.3457E+06     8.3210E-03     2.3636E-04     2.8405E-02
    46     2.3457E+06  2.3069E+06     1.6679E-02     4.5564E-04     2.7318E-02
    47     2.3069E+06  2.2313E+06     3.3320E-02     9.1836E-04     2.7562E-02
    48     2.2313E+06  2.1225E+06     4.9990E-02     1.3603E-03     2.7212E-02
    49     2.1225E+06  2.0190E+06     4.9992E-02     1.3801E-03     2.7606E-02
    50     2.0190E+06  1.9205E+06     5.0017E-02     1.3596E-03     2.7183E-02
    51     1.9205E+06  1.8268E+06     5.0020E-02     1.3594E-03     2.7177E-02
    52     1.8268E+06  1.7377E+06     5.0003E-02     1.3400E-03     2.6798E-02
    53     1.7377E+06  1.6530E+06     4.9971E-02     1.3308E-03     2.6632E-02
    54     1.6530E+06  1.5724E+06     4.9989E-02     1.3503E-03     2.7012E-02
    55     1.5724E+06  1.4957E+06     5.0009E-02     1.3297E-03     2.6589E-02
    56     1.4957E+06  1.4227E+06     5.0038E-02     1.3391E-03     2.6762E-02
    57     1.4227E+06  1.3534E+06     4.9937E-02     1.2817E-03     2.5667E-02
    58     1.3534E+06  1.2874E+06     4.9995E-02     1.2281E-03     2.4564E-02
    59     1.2874E+06  1.2246E+06     5.0010E-02     1.2318E-03     2.4631E-02
    60     1.2246E+06  1.1648E+06     5.0065E-02     1.2284E-03     2.4536E-02
    61     1.1648E+06  1.1080E+06     4.9993E-02     1.1802E-03     2.3607E-02
    62     1.1080E+06  1.0026E+06     9.9960E-02     2.2816E-03     2.2825E-02
    63     1.0026E+06  9.6167E+05     4.1681E-02     9.1129E-04     2.1864E-02
    64     9.6167E+05  9.0718E+05     5.8330E-02     1.2507E-03     2.1442E-02
    65     9.0718E+05  8.6294E+05     4.9996E-02     1.0401E-03     2.0804E-02
    66     8.6294E+05  8.2085E+05     5.0005E-02     1.0299E-03     2.0596E-02
    67     8.2085E+05  7.8082E+05     4.9996E-02     1.0001E-03     2.0004E-02
    68     7.8082E+05  7.4274E+05     4.9999E-02     9.5802E-04     1.9161E-02
    69     7.4274E+05  7.0651E+05     5.0009E-02     8.9785E-04     1.7954E-02
    70     7.0651E+05  6.7206E+05     4.9990E-02     8.5017E-04     1.7007E-02
    71     6.7206E+05  6.3928E+05     5.0005E-02     8.2090E-04     1.6416E-02
    72     6.3928E+05  6.0810E+05     5.0003E-02     7.8795E-04     1.5758E-02
    73     6.0810E+05  5.7844E+05     5.0005E-02     7.5795E-04     1.5158E-02
    74     5.7844E+05  5.5023E+05     4.9998E-02     7.2103E-04     1.4421E-02
    75     5.5023E+05  5.2340E+05     4.9990E-02     6.8713E-04     1.3745E-02
    76     5.2340E+05  4.9787E+05     5.0007E-02     6.5090E-04     1.3016E-02
    77     4.9787E+05  4.5049E+05     1.0000E-01     1.1800E-03     1.1800E-02
    78     4.5049E+05  4.0762E+05     1.0000E-01     1.0400E-03     1.0400E-02
    79     4.0762E+05  3.8774E+05     5.0000E-02     5.0600E-04     1.0120E-02
    80     3.8774E+05  3.6883E+05     4.9999E-02     4.7900E-04     9.5802E-03
    81     3.6883E+05  3.3373E+05     1.0000E-01     8.7797E-04     8.7794E-03
    82     3.3373E+05  3.0197E+05     1.0000E-01     7.9097E-04     7.9093E-03
    83     3.0197E+05  2.9849E+05     1.1591E-02     9.2138E-05     7.9489E-03
    84     2.9849E+05  2.9721E+05     4.2975E-03     3.3181E-05     7.7211E-03
    85     2.9721E+05  2.9452E+05     9.0920E-03     6.4534E-05     7.0979E-03
    86     2.9452E+05  2.8725E+05     2.4994E-02     1.7804E-04     7.1233E-03
    87     2.8725E+05  2.7324E+05     5.0002E-02     3.2998E-04     6.5993E-03
    88     2.7324E+05  2.4724E+05     9.9991E-02     6.1905E-04     6.1911E-03
    89     2.4724E+05  2.3518E+05     5.0008E-02     2.9195E-04     5.8380E-03
    90     2.3518E+05  2.2371E+05     5.0001E-02     2.7298E-04     5.4595E-03
    91     2.2371E+05  2.1280E+05     4.9998E-02     2.5202E-04     5.0406E-03
    92     2.1280E+05  2.0242E+05     5.0008E-02     2.2896E-04     4.5785E-03
    93     2.0242E+05  1.9255E+05     4.9989E-02     2.2504E-04     4.5018E-03
    94     1.9255E+05  1.8316E+05     4.9996E-02     2.1402E-04     4.2808E-03
    95     1.8316E+05  1.7422E+05     5.0041E-02     1.9283E-04     3.8534E-03
    96     1.7422E+05  1.6573E+05     4.9959E-02     1.9015E-04     3.8061E-03
    97     1.6573E+05  1.5764E+05     5.0046E-02     1.7884E-04     3.5735E-03
    98     1.5764E+05  1.4996E+05     4.9945E-02     1.7518E-04     3.5074E-03
    99     1.4996E+05  1.4264E+05     5.0045E-02     1.6587E-04     3.3144E-03
   100     1.4264E+05  1.3569E+05     4.9951E-02     1.4613E-04     2.9255E-03
   101     1.3569E+05  1.2907E+05     5.0018E-02     1.4596E-04     2.9182E-03
   102     1.2907E+05  1.2277E+05     5.0042E-02     1.3489E-04     2.6955E-03
   103     1.2277E+05  1.1679E+05     4.9935E-02     1.3015E-04     2.6064E-03
   104     1.1679E+05  1.1109E+05     5.0037E-02     1.1662E-04     2.3307E-03
   105     1.1109E+05  9.8036E+04     1.2501E-01     2.8661E-04     2.2928E-03
   106     9.8036E+04  8.6517E+04     1.2499E-01     2.4399E-04     1.9520E-03
   107     8.6517E+04  8.2503E+04     4.7506E-02     8.5925E-05     1.8087E-03
   108     8.2503E+04  7.9499E+04     3.7090E-02     6.2801E-05     1.6932E-03
   109     7.9499E+04  7.2024E+04     9.8745E-02     1.5843E-04     1.6044E-03
   110     7.2024E+04  6.7380E+04     6.6651E-02     1.0253E-04     1.5383E-03
   111     6.7380E+04  5.6562E+04     1.7501E-01     2.3301E-04     1.3314E-03
   112     5.6562E+04  5.2475E+04     7.5001E-02     9.0884E-05     1.2118E-03
   113     5.2475E+04  4.6309E+04     1.2500E-01     1.3942E-04     1.1154E-03
   114     4.6309E+04  4.0868E+04     1.2499E-01     1.2201E-04     9.7617E-04
   115     4.0868E+04  3.4307E+04     1.7500E-01     1.5500E-04     8.8572E-04
   116     3.4307E+04  3.1828E+04     7.5003E-02     5.8498E-05     7.7994E-04
   117     3.1828E+04  2.8501E+04     1.1041E-01     8.3466E-05     7.5598E-04
   118     2.8501E+04  2.7000E+04     5.4102E-02     3.7327E-05     6.8993E-04
   119     2.7000E+04  2.6058E+04     3.5512E-02     2.2293E-05     6.2776E-04
   120     2.6058E+04  2.4788E+04     4.9965E-02     2.9424E-05     5.8889E-04
   121     2.4788E+04  2.4176E+04     2.4999E-02     1.8000E-05     7.2002E-04
   122     2.4176E+04  2.3579E+04     2.5004E-02     1.7196E-05     6.8773E-04
   123     2.3579E+04  2.1875E+04     7.5012E-02     4.5692E-05     6.0913E-04
   124     2.1875E+04  1.9304E+04     1.2503E-01     7.1310E-05     5.7033E-04
   125     1.9304E+04  1.5034E+04     2.5000E-01     1.2597E-04     5.0388E-04
   126     1.5034E+04  1.1709E+04     2.4996E-01     1.0702E-04     4.2815E-04
   127     1.1709E+04  1.0595E+04     9.9976E-02     3.7307E-05     3.7316E-04
   128     1.0595E+04  9.1188E+03     1.5004E-01     5.2886E-05     3.5247E-04
   129     9.1188E+03  7.1017E+03     2.5000E-01     7.7899E-05     3.1159E-04
   130     7.1017E+03  5.5308E+03     2.5000E-01     6.5400E-05     2.6160E-04
   131     5.5308E+03  4.3074E+03     2.5000E-01     5.9301E-05     2.3721E-04
   132     4.3074E+03  3.7074E+03     1.5000E-01     3.1499E-05     2.0999E-04
   133     3.7074E+03  3.3546E+03     9.9998E-02     2.0900E-05     2.0900E-04
   134     3.3546E+03  3.0354E+03     9.9989E-02     1.9302E-05     1.9304E-04
   135     3.0354E+03  2.7465E+03     1.0002E-01     1.7797E-05     1.7794E-04
   136     2.7465E+03  2.6126E+03     4.9981E-02     6.8632E-06     1.3731E-04
   137     2.6126E+03  2.4852E+03     4.9993E-02     7.4616E-06     1.4925E-04
   138     2.4852E+03  2.2487E+03     1.0000E-01     1.8299E-05     1.8299E-04
   139     2.2487E+03  2.0347E+03     1.0000E-01     1.1700E-05     1.1700E-04
   140     2.0347E+03  1.5846E+03     2.5002E-01     3.6298E-05     1.4518E-04
   141     1.5846E+03  1.2341E+03     2.4999E-01     2.9101E-05     1.1641E-04
   142     1.2341E+03  9.6112E+02     2.5000E-01     2.7200E-05     1.0880E-04
   143     9.6112E+02  7.4852E+02     2.5000E-01     2.2100E-05     8.8400E-05
   144     7.4852E+02  5.8295E+02     2.5000E-01     2.1200E-05     8.4801E-05
   145     5.8295E+02  4.5400E+02     2.5000E-01     1.7000E-05     6.7999E-05
   146     4.5400E+02  3.5358E+02     2.4999E-01     1.3701E-05     5.4807E-05
   147     3.5358E+02  2.7536E+02     2.5003E-01     1.3298E-05     5.3186E-05
   148     2.7536E+02  2.1445E+02     2.5000E-01     1.1900E-05     4.7599E-05
   149     2.1445E+02  1.6702E+02     2.4996E-01     1.2002E-05     4.8015E-05
   150     1.6702E+02  1.3007E+02     2.5004E-01     1.0198E-05     4.0785E-05
   151     1.3007E+02  1.0130E+02     2.4999E-01     7.7406E-06     3.0964E-05
   152     1.0130E+02  7.8893E+01     2.4999E-01     7.6402E-06     3.0562E-05
   153     7.8893E+01  6.1442E+01     2.5000E-01     5.6519E-06     2.2608E-05
   154     6.1442E+01  4.7851E+01     2.5000E-01     4.7681E-06     1.9072E-05
   155     4.7851E+01  3.7266E+01     2.5001E-01     4.9703E-06     1.9880E-05
   156     3.7266E+01  2.9023E+01     2.4999E-01     4.4996E-06     1.7999E-05
   157     2.9023E+01  2.2603E+01     2.5001E-01     3.1300E-06     1.2520E-05
   158     2.2603E+01  1.7604E+01     2.4996E-01     3.5798E-06     1.4322E-05
   159     1.7604E+01  1.3710E+01     2.5000E-01     2.6906E-06     1.0762E-05
   160     1.3710E+01  1.0677E+01     2.5003E-01     2.0298E-06     8.1181E-06
   161     1.0677E+01  8.3153E+00     2.4999E-01     2.0700E-06     8.2802E-06
   162     8.3153E+00  6.4759E+00     2.5001E-01     1.7201E-06     6.8801E-06
   163     6.4759E+00  5.0435E+00     2.4999E-01     1.8700E-06     7.4804E-06
   164     5.0435E+00  3.9279E+00     2.5000E-01     1.2400E-06     4.9601E-06
   165     3.9279E+00  3.0590E+00     2.5002E-01     1.5699E-06     6.2792E-06
   166     3.0590E+00  2.3824E+00     2.4998E-01     1.3401E-06     5.3608E-06
   167     2.3824E+00  1.8554E+00     2.5001E-01     9.4996E-07     3.7997E-06
   168     1.8554E+00  1.4450E+00     2.4999E-01     5.7204E-07     2.2882E-06
   169     1.4450E+00  1.1253E+00     2.5006E-01     9.4607E-07     3.7834E-06
   170     1.1253E+00  8.7643E-01     2.4995E-01     6.8286E-07     2.7320E-06
   171     8.7643E-01  6.8256E-01     2.5001E-01     5.3602E-07     2.1440E-06
   172     6.8256E-01  5.3158E-01     2.5000E-01     7.2601E-07     2.9041E-06
   173     5.3158E-01  4.1399E-01     2.5001E-01     6.8197E-07     2.7278E-06
   174     4.1399E-01  1.0000E-01     1.4207E+00     1.9700E-06     1.3867E-06
   175     1.0000E-01  1.0000E-03     4.6052E+00     1.4700E-06     3.1921E-07
  TOTAL                                              9.9997E-01
