  GROUP      UPPER       LOWER         LETHARGY         DATA        DATA/LETHARGY

     1     2.0000E+07  1.9953E+07     2.3528E-03     0.0000E+00     0.0000E+00
     2     1.9953E+07  1.9055E+07     4.6050E-02     0.0000E+00     0.0000E+00
     3     1.9055E+07  1.8197E+07     4.6073E-02     0.0000E+00     0.0000E+00
     4     1.8197E+07  1.7378E+07     4.6052E-02     0.0000E+00     0.0000E+00
     5     1.7378E+07  1.6596E+07     4.6043E-02     0.0000E+00     0.0000E+00
     6     1.6596E+07  1.5849E+07     4.6055E-02     0.0000E+00     0.0000E+00
     7     1.5849E+07  1.5136E+07     4.6030E-02     3.2159E+09     6.9865E+10
     8     1.5136E+07  1.4454E+07     4.6105E-02     5.8488E+12     1.2686E+14
     9     1.4454E+07  1.3804E+07     4.6013E-02     5.6105E+13     1.2193E+15
    10     1.3804E+07  1.3183E+07     4.6030E-02     1.4388E+13     3.1257E+14
    11     1.3183E+07  1.2589E+07     4.6105E-02     1.8758E+12     4.0685E+13
    12     1.2589E+07  1.2023E+07     4.6002E-02     9.6657E+11     2.1012E+13
    13     1.2023E+07  1.1482E+07     4.6041E-02     5.6015E+11     1.2166E+13
    14     1.1482E+07  1.0965E+07     4.6072E-02     5.7905E+11     1.2568E+13
    15     1.0965E+07  1.0471E+07     4.6099E-02     7.0972E+11     1.5396E+13
    16     1.0471E+07  1.0000E+07     4.6024E-02     7.7846E+11     1.6914E+13
    17     1.0000E+07  9.5499E+06     4.6054E-02     8.1199E+11     1.7631E+13
    18     9.5499E+06  9.1201E+06     4.6050E-02     8.7780E+11     1.9062E+13
    19     9.1201E+06  8.7096E+06     4.6055E-02     8.3194E+11     1.8064E+13
    20     8.7096E+06  8.3176E+06     4.6052E-02     7.1238E+11     1.5469E+13
    21     8.3176E+06  7.9433E+06     4.6045E-02     7.0212E+11     1.5249E+13
    22     7.9433E+06  7.5858E+06     4.6051E-02     7.1224E+11     1.5466E+13
    23     7.5858E+06  7.2444E+06     4.6049E-02     7.3446E+11     1.5949E+13
    24     7.2444E+06  6.9183E+06     4.6059E-02     7.3612E+11     1.5982E+13
    25     6.9183E+06  6.6069E+06     4.6056E-02     7.3322E+11     1.5920E+13
    26     6.6069E+06  6.3096E+06     4.6042E-02     7.5674E+11     1.6436E+13
    27     6.3096E+06  6.0256E+06     4.6055E-02     7.9575E+11     1.7278E+13
    28     6.0256E+06  5.7544E+06     4.6052E-02     8.2918E+11     1.8005E+13
    29     5.7544E+06  5.4954E+06     4.6053E-02     8.6724E+11     1.8831E+13
    30     5.4954E+06  5.2481E+06     4.6045E-02     9.0240E+11     1.9598E+13
    31     5.2481E+06  5.0119E+06     4.6051E-02     9.3313E+11     2.0263E+13
    32     5.0119E+06  4.7863E+06     4.6057E-02     9.6850E+11     2.1028E+13
    33     4.7863E+06  4.5709E+06     4.6048E-02     1.0081E+12     2.1893E+13
    34     4.5709E+06  4.3652E+06     4.6046E-02     1.0184E+12     2.2117E+13
    35     4.3652E+06  4.1687E+06     4.6060E-02     1.0534E+12     2.2869E+13
    36     4.1687E+06  3.9811E+06     4.6046E-02     1.0977E+12     2.3839E+13
    37     3.9811E+06  3.8019E+06     4.6057E-02     1.1002E+12     2.3887E+13
    38     3.8019E+06  3.6308E+06     4.6048E-02     1.1187E+12     2.4294E+13
    39     3.6308E+06  3.4674E+06     4.6048E-02     1.1485E+12     2.4941E+13
    40     3.4674E+06  3.3113E+06     4.6064E-02     1.1907E+12     2.5849E+13
    41     3.3113E+06  3.1623E+06     4.6041E-02     1.2360E+12     2.6845E+13
    42     3.1623E+06  3.0200E+06     4.6043E-02     1.2894E+12     2.8005E+13
    43     3.0200E+06  2.8840E+06     4.6079E-02     1.3633E+12     2.9586E+13
    44     2.8840E+06  2.7542E+06     4.6051E-02     1.3936E+12     3.0261E+13
    45     2.7542E+06  2.6303E+06     4.6029E-02     1.5085E+12     3.2773E+13
    46     2.6303E+06  2.5119E+06     4.6058E-02     1.5559E+12     3.3782E+13
    47     2.5119E+06  2.3988E+06     4.6071E-02     1.6984E+12     3.6865E+13
    48     2.3988E+06  2.2909E+06     4.6024E-02     1.7971E+12     3.9046E+13
    49     2.2909E+06  2.1878E+06     4.6048E-02     1.7926E+12     3.8930E+13
    50     2.1878E+06  2.0893E+06     4.6067E-02     1.8696E+12     4.0583E+13
    51     2.0893E+06  1.9953E+06     4.6035E-02     1.8709E+12     4.0641E+13
    52     1.9953E+06  1.9055E+06     4.6050E-02     1.8735E+12     4.0684E+13
    53     1.9055E+06  1.8197E+06     4.6073E-02     1.9884E+12     4.3158E+13
    54     1.8197E+06  1.7378E+06     4.6052E-02     2.2754E+12     4.9410E+13
    55     1.7378E+06  1.6596E+06     4.6043E-02     2.4064E+12     5.2263E+13
    56     1.6596E+06  1.5849E+06     4.6055E-02     2.2743E+12     4.9382E+13
    57     1.5849E+06  1.5136E+06     4.6030E-02     2.3123E+12     5.0234E+13
    58     1.5136E+06  1.4454E+06     4.6105E-02     2.4093E+12     5.2258E+13
    59     1.4454E+06  1.3804E+06     4.6013E-02     2.3580E+12     5.1246E+13
    60     1.3804E+06  1.3183E+06     4.6030E-02     2.5101E+12     5.4531E+13
    61     1.3183E+06  1.2589E+06     4.6105E-02     2.4676E+12     5.3521E+13
    62     1.2589E+06  1.2023E+06     4.6002E-02     2.6142E+12     5.6829E+13
    63     1.2023E+06  1.1482E+06     4.6041E-02     2.9820E+12     6.4768E+13
    64     1.1482E+06  1.0965E+06     4.6072E-02     2.7412E+12     5.9498E+13
    65     1.0965E+06  1.0471E+06     4.6099E-02     2.5057E+12     5.4356E+13
    66     1.0471E+06  1.0000E+06     4.6024E-02     2.4540E+12     5.3321E+13
    67     1.0000E+06  9.5499E+05     4.6054E-02     2.6146E+12     5.6771E+13
    68     9.5499E+05  9.1201E+05     4.6050E-02     2.8484E+12     6.1854E+13
    69     9.1201E+05  8.7096E+05     4.6055E-02     2.7153E+12     5.8959E+13
    70     8.7096E+05  8.3176E+05     4.6052E-02     2.7389E+12     5.9473E+13
    71     8.3176E+05  7.9433E+05     4.6045E-02     2.7612E+12     5.9967E+13
    72     7.9433E+05  7.5858E+05     4.6051E-02     2.7135E+12     5.8924E+13
    73     7.5858E+05  7.2444E+05     4.6049E-02     2.8082E+12     6.0983E+13
    74     7.2444E+05  6.9183E+05     4.6059E-02     3.4516E+12     7.4938E+13
    75     6.9183E+05  6.6069E+05     4.6056E-02     2.8963E+12     6.2888E+13
    76     6.6069E+05  6.3096E+05     4.6042E-02     3.4155E+12     7.4182E+13
    77     6.3096E+05  6.0256E+05     4.6055E-02     2.9995E+12     6.5128E+13
    78     6.0256E+05  5.7544E+05     4.6052E-02     2.6789E+12     5.8172E+13
    79     5.7544E+05  5.4954E+05     4.6053E-02     2.6231E+12     5.6959E+13
    80     5.4954E+05  5.2481E+05     4.6045E-02     2.5648E+12     5.5701E+13
    81     5.2481E+05  5.0119E+05     4.6051E-02     2.4726E+12     5.3693E+13
    82     5.0119E+05  4.7863E+05     4.6057E-02     2.5340E+12     5.5019E+13
    83     4.7863E+05  4.5709E+05     4.6048E-02     2.6326E+12     5.7171E+13
    84     4.5709E+05  4.3652E+05     4.6046E-02     2.3086E+12     5.0137E+13
    85     4.3652E+05  4.1687E+05     4.6060E-02     2.0481E+12     4.4467E+13
    86     4.1687E+05  3.9811E+05     4.6046E-02     2.0216E+12     4.3904E+13
    87     3.9811E+05  3.8019E+05     4.6057E-02     2.0432E+12     4.4361E+13
    88     3.8019E+05  3.6308E+05     4.6048E-02     2.9431E+12     6.3914E+13
    89     3.6308E+05  3.4674E+05     4.6048E-02     3.0590E+12     6.6430E+13
    90     3.4674E+05  3.3113E+05     4.6064E-02     2.4957E+12     5.4179E+13
    91     3.3113E+05  3.1623E+05     4.6041E-02     1.6987E+12     3.6896E+13
    92     3.1623E+05  3.0200E+05     4.6043E-02     3.3090E+12     7.1868E+13
    93     3.0200E+05  2.8840E+05     4.6079E-02     2.2955E+12     4.9818E+13
    94     2.8840E+05  2.7542E+05     4.6051E-02     1.4083E+12     3.0582E+13
    95     2.7542E+05  2.6303E+05     4.6029E-02     2.5085E+12     5.4498E+13
    96     2.6303E+05  2.5119E+05     4.6058E-02     1.8462E+12     4.0084E+13
    97     2.5119E+05  2.3988E+05     4.6071E-02     1.7886E+12     3.8822E+13
    98     2.3988E+05  2.2909E+05     4.6024E-02     1.7710E+12     3.8480E+13
    99     2.2909E+05  2.1878E+05     4.6048E-02     1.4613E+12     3.1733E+13
   100     2.1878E+05  2.0893E+05     4.6067E-02     1.9419E+12     4.2153E+13
   101     2.0893E+05  1.9953E+05     4.6035E-02     1.4324E+12     3.1115E+13
   102     1.9953E+05  1.9055E+05     4.6050E-02     1.1142E+12     2.4194E+13
   103     1.9055E+05  1.8197E+05     4.6073E-02     1.8782E+12     4.0766E+13
   104     1.8197E+05  1.7378E+05     4.6052E-02     2.0245E+12     4.3961E+13
   105     1.7378E+05  1.6596E+05     4.6043E-02     1.5255E+12     3.3132E+13
   106     1.6596E+05  1.5849E+05     4.6055E-02     1.7169E+12     3.7280E+13
   107     1.5849E+05  1.5136E+05     4.6030E-02     1.3301E+12     2.8897E+13
   108     1.5136E+05  1.4454E+05     4.6105E-02     1.0172E+12     2.2064E+13
   109     1.4454E+05  1.3804E+05     4.6013E-02     9.8983E+11     2.1512E+13
   110     1.3804E+05  1.3183E+05     4.6030E-02     2.3688E+12     5.1462E+13
   111     1.3183E+05  1.2589E+05     4.6105E-02     1.5335E+12     3.3262E+13
   112     1.2589E+05  1.2023E+05     4.6002E-02     1.4861E+12     3.2305E+13
   113     1.2023E+05  1.1482E+05     4.6041E-02     1.3822E+12     3.0022E+13
   114     1.1482E+05  1.0965E+05     4.6072E-02     1.2456E+12     2.7036E+13
   115     1.0965E+05  1.0471E+05     4.6099E-02     1.1750E+12     2.5488E+13
   116     1.0471E+05  1.0000E+05     4.6024E-02     1.0563E+12     2.2951E+13
   117     1.0000E+05  9.5499E+04     4.6054E-02     9.1620E+11     1.9894E+13
   118     9.5499E+04  9.1201E+04     4.6050E-02     1.1783E+12     2.5587E+13
   119     9.1201E+04  8.7096E+04     4.6055E-02     1.0898E+12     2.3664E+13
   120     8.7096E+04  8.3176E+04     4.6052E-02     6.2766E+11     1.3629E+13
   121     8.3176E+04  7.9433E+04     4.6045E-02     2.0404E+12     4.4312E+13
   122     7.9433E+04  7.5858E+04     4.6051E-02     1.1621E+12     2.5235E+13
   123     7.5858E+04  7.2444E+04     4.6049E-02     8.3377E+11     1.8106E+13
   124     7.2444E+04  6.9183E+04     4.6059E-02     1.4731E+12     3.1983E+13
   125     6.9183E+04  6.6069E+04     4.6056E-02     1.1461E+12     2.4885E+13
   126     6.6069E+04  6.3096E+04     4.6042E-02     1.0099E+12     2.1934E+13
   127     6.3096E+04  6.0256E+04     4.6055E-02     9.5203E+11     2.0671E+13
   128     6.0256E+04  5.7544E+04     4.6052E-02     9.2090E+11     1.9997E+13
   129     5.7544E+04  5.4954E+04     4.6053E-02     8.8242E+11     1.9161E+13
   130     5.4954E+04  5.2481E+04     4.6045E-02     7.7287E+11     1.6785E+13
   131     5.2481E+04  5.0119E+04     4.6051E-02     7.4284E+11     1.6131E+13
   132     5.0119E+04  4.7863E+04     4.6057E-02     1.0339E+12     2.2449E+13
   133     4.7863E+04  4.5709E+04     4.6048E-02     1.0422E+12     2.2634E+13
   134     4.5709E+04  4.3652E+04     4.6046E-02     9.7890E+11     2.1259E+13
   135     4.3652E+04  4.1687E+04     4.6060E-02     8.4630E+11     1.8374E+13
   136     4.1687E+04  3.9811E+04     4.6046E-02     8.3290E+11     1.8088E+13
   137     3.9811E+04  3.8019E+04     4.6057E-02     8.1449E+11     1.7684E+13
   138     3.8019E+04  3.6308E+04     4.6048E-02     7.5988E+11     1.6502E+13
   139     3.6308E+04  3.4674E+04     4.6048E-02     7.2060E+11     1.5649E+13
   140     3.4674E+04  3.3113E+04     4.6064E-02     6.8492E+11     1.4869E+13
   141     3.3113E+04  3.1623E+04     4.6041E-02     6.2722E+11     1.3623E+13
   142     3.1623E+04  3.0200E+04     4.6043E-02     5.0302E+11     1.0925E+13
   143     3.0200E+04  2.8840E+04     4.6079E-02     3.2796E+11     7.1175E+12
   144     2.8840E+04  2.7542E+04     4.6051E-02     1.6550E+11     3.5939E+12
   145     2.7542E+04  2.6303E+04     4.6029E-02     6.8180E+11     1.4812E+13
   146     2.6303E+04  2.5119E+04     4.6058E-02     1.9311E+12     4.1928E+13
   147     2.5119E+04  2.3988E+04     4.6071E-02     1.7551E+12     3.8095E+13
   148     2.3988E+04  2.2909E+04     4.6024E-02     9.6438E+11     2.0954E+13
   149     2.2909E+04  2.1878E+04     4.6048E-02     8.0317E+11     1.7442E+13
   150     2.1878E+04  2.0893E+04     4.6067E-02     6.7763E+11     1.4709E+13
   151     2.0893E+04  1.9953E+04     4.6035E-02     7.4649E+11     1.6216E+13
   152     1.9953E+04  1.9055E+04     4.6050E-02     7.6749E+11     1.6667E+13
   153     1.9055E+04  1.8197E+04     4.6073E-02     7.1829E+11     1.5590E+13
   154     1.8197E+04  1.7378E+04     4.6052E-02     6.8588E+11     1.4894E+13
   155     1.7378E+04  1.6596E+04     4.6043E-02     7.6114E+11     1.6531E+13
   156     1.6596E+04  1.5849E+04     4.6055E-02     7.1811E+11     1.5592E+13
   157     1.5849E+04  1.5136E+04     4.6030E-02     7.2496E+11     1.5750E+13
   158     1.5136E+04  1.4454E+04     4.6105E-02     7.0269E+11     1.5241E+13
   159     1.4454E+04  1.3804E+04     4.6013E-02     6.7365E+11     1.4641E+13
   160     1.3804E+04  1.3183E+04     4.6030E-02     6.2024E+11     1.3475E+13
   161     1.3183E+04  1.2589E+04     4.6105E-02     6.9787E+11     1.5137E+13
   162     1.2589E+04  1.2023E+04     4.6002E-02     6.7355E+11     1.4642E+13
   163     1.2023E+04  1.1482E+04     4.6041E-02     6.6332E+11     1.4407E+13
   164     1.1482E+04  1.0965E+04     4.6072E-02     6.2556E+11     1.3578E+13
   165     1.0965E+04  1.0471E+04     4.6099E-02     6.0143E+11     1.3047E+13
   166     1.0471E+04  1.0000E+04     4.6024E-02     5.9801E+11     1.2993E+13
   167     1.0000E+04  9.5499E+03     4.6054E-02     5.7147E+11     1.2409E+13
   168     9.5499E+03  9.1201E+03     4.6050E-02     5.1888E+11     1.1268E+13
   169     9.1201E+03  8.7096E+03     4.6055E-02     4.8364E+11     1.0501E+13
   170     8.7096E+03  8.3176E+03     4.6052E-02     4.0692E+11     8.8360E+12
   171     8.3176E+03  7.9433E+03     4.6045E-02     3.2069E+11     6.9647E+12
   172     7.9433E+03  7.5858E+03     4.6051E-02     3.3518E+11     7.2786E+12
   173     7.5858E+03  7.2444E+03     4.6049E-02     4.6643E+11     1.0129E+13
   174     7.2444E+03  6.9183E+03     4.6059E-02     6.0701E+11     1.3179E+13
   175     6.9183E+03  6.6069E+03     4.6056E-02     6.9376E+11     1.5064E+13
   176     6.6069E+03  6.3096E+03     4.6042E-02     6.3810E+11     1.3859E+13
   177     6.3096E+03  6.0256E+03     4.6055E-02     6.1889E+11     1.3438E+13
   178     6.0256E+03  5.7544E+03     4.6052E-02     7.1774E+11     1.5585E+13
   179     5.7544E+03  5.4954E+03     4.6053E-02     6.6777E+11     1.4500E+13
   180     5.4954E+03  5.2481E+03     4.6045E-02     6.5823E+11     1.4295E+13
   181     5.2481E+03  5.0119E+03     4.6051E-02     7.4676E+11     1.6216E+13
   182     5.0119E+03  4.7863E+03     4.6057E-02     6.7643E+11     1.4687E+13
   183     4.7863E+03  4.5709E+03     4.6048E-02     6.8248E+11     1.4821E+13
   184     4.5709E+03  4.3652E+03     4.6046E-02     6.0927E+11     1.3232E+13
   185     4.3652E+03  4.1687E+03     4.6060E-02     6.0599E+11     1.3157E+13
   186     4.1687E+03  3.9811E+03     4.6046E-02     5.5598E+11     1.2075E+13
   187     3.9811E+03  3.8019E+03     4.6057E-02     5.6635E+11     1.2297E+13
   188     3.8019E+03  3.6308E+03     4.6048E-02     6.9588E+11     1.5112E+13
   189     3.6308E+03  3.4674E+03     4.6048E-02     6.9447E+11     1.5081E+13
   190     3.4674E+03  3.3113E+03     4.6064E-02     6.8140E+11     1.4792E+13
   191     3.3113E+03  3.1623E+03     4.6041E-02     6.6304E+11     1.4401E+13
   192     3.1623E+03  3.0199E+03     4.6076E-02     6.3756E+11     1.3837E+13
   193     3.0199E+03  2.8840E+03     4.6045E-02     6.3351E+11     1.3758E+13
   194     2.8840E+03  2.7542E+03     4.6051E-02     6.0553E+11     1.3149E+13
   195     2.7542E+03  2.6303E+03     4.6029E-02     5.3548E+11     1.1634E+13
   196     2.6303E+03  2.5119E+03     4.6058E-02     4.9898E+11     1.0834E+13
   197     2.5119E+03  2.3988E+03     4.6071E-02     5.3919E+11     1.1704E+13
   198     2.3988E+03  2.2909E+03     4.6024E-02     5.0198E+11     1.0907E+13
   199     2.2909E+03  2.1878E+03     4.6048E-02     5.3084E+11     1.1528E+13
   200     2.1878E+03  2.0893E+03     4.6067E-02     5.4643E+11     1.1862E+13
   201     2.0893E+03  1.9953E+03     4.6035E-02     3.9246E+11     8.5252E+12
   202     1.9953E+03  1.9055E+03     4.6050E-02     6.7550E+11     1.4669E+13
   203     1.9055E+03  1.8197E+03     4.6073E-02     6.7316E+11     1.4611E+13
   204     1.8197E+03  1.7378E+03     4.6052E-02     6.4870E+11     1.4086E+13
   205     1.7378E+03  1.6596E+03     4.6043E-02     6.2770E+11     1.3633E+13
   206     1.6596E+03  1.5849E+03     4.6055E-02     5.9339E+11     1.2884E+13
   207     1.5849E+03  1.5136E+03     4.6030E-02     5.7757E+11     1.2548E+13
   208     1.5136E+03  1.4454E+03     4.6105E-02     5.7832E+11     1.2544E+13
   209     1.4454E+03  1.3804E+03     4.6013E-02     5.6112E+11     1.2195E+13
   210     1.3804E+03  1.3183E+03     4.6030E-02     5.6535E+11     1.2282E+13
   211     1.3183E+03  1.2589E+03     4.6105E-02     5.5401E+11     1.2016E+13
   212     1.2589E+03  1.2023E+03     4.6002E-02     5.5597E+11     1.2086E+13
   213     1.2023E+03  1.1481E+03     4.6128E-02     5.0624E+11     1.0975E+13
   214     1.1481E+03  1.0965E+03     4.5985E-02     4.3780E+11     9.5205E+12
   215     1.0965E+03  1.0471E+03     4.6099E-02     4.5288E+11     9.8240E+12
   216     1.0471E+03  1.0000E+03     4.6024E-02     5.2030E+11     1.1305E+13
   217     1.0000E+03  9.5499E+02     4.6054E-02     5.1150E+11     1.1106E+13
   218     9.5499E+02  9.1201E+02     4.6050E-02     5.3237E+11     1.1561E+13
   219     9.1201E+02  8.7096E+02     4.6055E-02     5.2474E+11     1.1394E+13
   220     8.7096E+02  8.3176E+02     4.6052E-02     5.1984E+11     1.1288E+13
   221     8.3176E+02  7.9433E+02     4.6045E-02     5.0392E+11     1.0944E+13
   222     7.9433E+02  7.5858E+02     4.6051E-02     5.1600E+11     1.1205E+13
   223     7.5858E+02  7.2444E+02     4.6049E-02     5.0122E+11     1.0885E+13
   224     7.2444E+02  6.9183E+02     4.6059E-02     5.0483E+11     1.0961E+13
   225     6.9183E+02  6.6069E+02     4.6056E-02     4.9384E+11     1.0723E+13
   226     6.6069E+02  6.3096E+02     4.6042E-02     4.9940E+11     1.0847E+13
   227     6.3096E+02  6.0256E+02     4.6055E-02     4.9687E+11     1.0789E+13
   228     6.0256E+02  5.7544E+02     4.6052E-02     4.2941E+11     9.3245E+12
   229     5.7544E+02  5.4954E+02     4.6053E-02     4.8463E+11     1.0523E+13
   230     5.4954E+02  5.2481E+02     4.6045E-02     4.7241E+11     1.0260E+13
   231     5.2481E+02  5.0119E+02     4.6051E-02     4.7468E+11     1.0308E+13
   232     5.0119E+02  4.7863E+02     4.6057E-02     4.6923E+11     1.0188E+13
   233     4.7863E+02  4.5709E+02     4.6048E-02     4.7697E+11     1.0358E+13
   234     4.5709E+02  4.3652E+02     4.6046E-02     4.7135E+11     1.0236E+13
   235     4.3652E+02  4.1687E+02     4.6060E-02     4.6293E+11     1.0051E+13
   236     4.1687E+02  3.9811E+02     4.6046E-02     4.5605E+11     9.9041E+12
   237     3.9811E+02  3.8019E+02     4.6057E-02     4.4319E+11     9.6227E+12
   238     3.8019E+02  3.6308E+02     4.6048E-02     4.1141E+11     8.9345E+12
   239     3.6308E+02  3.4674E+02     4.6048E-02     3.2820E+11     7.1273E+12
   240     3.4674E+02  3.3113E+02     4.6064E-02     2.2209E+11     4.8213E+12
   241     3.3113E+02  3.1623E+02     4.6041E-02     3.5103E+11     7.6242E+12
   242     3.1623E+02  3.0199E+02     4.6076E-02     4.8016E+11     1.0421E+13
   243     3.0199E+02  2.8840E+02     4.6045E-02     5.1114E+11     1.1101E+13
   244     2.8840E+02  2.7542E+02     4.6051E-02     5.0310E+11     1.0925E+13
   245     2.7542E+02  2.6303E+02     4.6029E-02     4.9566E+11     1.0768E+13
   246     2.6303E+02  2.5119E+02     4.6058E-02     4.8248E+11     1.0475E+13
   247     2.5119E+02  2.3988E+02     4.6071E-02     4.6107E+11     1.0008E+13
   248     2.3988E+02  2.2909E+02     4.6024E-02     4.4932E+11     9.7627E+12
   249     2.2909E+02  2.1878E+02     4.6048E-02     4.3432E+11     9.4319E+12
   250     2.1878E+02  2.0893E+02     4.6067E-02     4.4953E+11     9.7581E+12
   251     2.0893E+02  1.9953E+02     4.6035E-02     4.3773E+11     9.5088E+12
   252     1.9953E+02  1.9055E+02     4.6050E-02     4.3145E+11     9.3691E+12
   253     1.9055E+02  1.8197E+02     4.6073E-02     3.9306E+11     8.5314E+12
   254     1.8197E+02  1.7378E+02     4.6052E-02     4.3592E+11     9.4659E+12
   255     1.7378E+02  1.6596E+02     4.6043E-02     4.2116E+11     9.1471E+12
   256     1.6596E+02  1.5849E+02     4.6055E-02     4.1826E+11     9.0816E+12
   257     1.5849E+02  1.5136E+02     4.6030E-02     4.1016E+11     8.9107E+12
   258     1.5136E+02  1.4454E+02     4.6105E-02     4.1037E+11     8.9008E+12
   259     1.4454E+02  1.3804E+02     4.6013E-02     4.1007E+11     8.9120E+12
   260     1.3804E+02  1.3183E+02     4.6030E-02     4.0614E+11     8.8234E+12
   261     1.3183E+02  1.2589E+02     4.6105E-02     4.0398E+11     8.7623E+12
   262     1.2589E+02  1.2023E+02     4.6002E-02     4.0256E+11     8.7510E+12
   263     1.2023E+02  1.1482E+02     4.6041E-02     3.9210E+11     8.5163E+12
   264     1.1482E+02  1.0965E+02     4.6072E-02     3.8345E+11     8.3229E+12
   265     1.0965E+02  1.0471E+02     4.6099E-02     3.8730E+11     8.4014E+12
   266     1.0471E+02  1.0000E+02     4.6024E-02     3.7809E+11     8.2149E+12
   267     1.0000E+02  9.5499E+01     4.6054E-02     3.8188E+11     8.2920E+12
   268     9.5499E+01  9.1201E+01     4.6050E-02     3.8042E+11     8.2610E+12
   269     9.1201E+01  8.7096E+01     4.6055E-02     3.7985E+11     8.2478E+12
   270     8.7096E+01  8.3176E+01     4.6052E-02     3.7834E+11     8.2154E+12
   271     8.3176E+01  7.9433E+01     4.6045E-02     3.7639E+11     8.1743E+12
   272     7.9433E+01  7.5858E+01     4.6051E-02     3.7414E+11     8.1246E+12
   273     7.5858E+01  7.2444E+01     4.6049E-02     3.7201E+11     8.0785E+12
   274     7.2444E+01  6.9183E+01     4.6059E-02     3.6940E+11     8.0202E+12
   275     6.9183E+01  6.6069E+01     4.6056E-02     3.6786E+11     7.9873E+12
   276     6.6069E+01  6.3096E+01     4.6042E-02     3.6208E+11     7.8642E+12
   277     6.3096E+01  6.0256E+01     4.6055E-02     3.6015E+11     7.8199E+12
   278     6.0256E+01  5.7544E+01     4.6052E-02     3.5689E+11     7.7497E+12
   279     5.7544E+01  5.4954E+01     4.6053E-02     3.5539E+11     7.7169E+12
   280     5.4954E+01  5.2481E+01     4.6045E-02     3.5249E+11     7.6552E+12
   281     5.2481E+01  5.0119E+01     4.6051E-02     3.4827E+11     7.5627E+12
   282     5.0119E+01  4.7863E+01     4.6057E-02     3.3850E+11     7.3496E+12
   283     4.7863E+01  4.5709E+01     4.6048E-02     2.9953E+11     6.5049E+12
   284     4.5709E+01  4.3652E+01     4.6046E-02     3.2809E+11     7.1252E+12
   285     4.3652E+01  4.1687E+01     4.6060E-02     3.1618E+11     6.8646E+12
   286     4.1687E+01  3.9811E+01     4.6046E-02     3.1400E+11     6.8192E+12
   287     3.9811E+01  3.8019E+01     4.6057E-02     3.0700E+11     6.6655E+12
   288     3.8019E+01  3.6308E+01     4.6048E-02     3.0631E+11     6.6520E+12
   289     3.6308E+01  3.4674E+01     4.6048E-02     3.0056E+11     6.5272E+12
   290     3.4674E+01  3.3113E+01     4.6064E-02     3.0180E+11     6.5518E+12
   291     3.3113E+01  3.1623E+01     4.6041E-02     3.0048E+11     6.5263E+12
   292     3.1623E+01  3.0200E+01     4.6043E-02     2.9823E+11     6.4773E+12
   293     3.0200E+01  2.8840E+01     4.6079E-02     2.9549E+11     6.4127E+12
   294     2.8840E+01  2.7542E+01     4.6051E-02     2.8990E+11     6.2952E+12
   295     2.7542E+01  2.6303E+01     4.6029E-02     2.5685E+11     5.5801E+12
   296     2.6303E+01  2.5119E+01     4.6058E-02     2.6315E+11     5.7133E+12
   297     2.5119E+01  2.3988E+01     4.6071E-02     2.6399E+11     5.7300E+12
   298     2.3988E+01  2.2909E+01     4.6024E-02     2.5983E+11     5.6456E+12
   299     2.2909E+01  2.1878E+01     4.6048E-02     2.5631E+11     5.5660E+12
   300     2.1878E+01  2.0893E+01     4.6067E-02     1.9578E+11     4.2500E+12
   301     2.0893E+01  1.9953E+01     4.6035E-02     2.1082E+11     4.5795E+12
   302     1.9953E+01  1.9055E+01     4.6050E-02     1.5355E+11     3.3345E+12
   303     1.9055E+01  1.8197E+01     4.6073E-02     1.0386E+11     2.2543E+12
   304     1.8197E+01  1.7378E+01     4.6052E-02     1.7726E+11     3.8492E+12
   305     1.7378E+01  1.6596E+01     4.6043E-02     1.8735E+11     4.0689E+12
   306     1.6596E+01  1.5849E+01     4.6055E-02     1.9304E+11     4.1915E+12
   307     1.5849E+01  1.5136E+01     4.6030E-02     1.9665E+11     4.2722E+12
   308     1.5136E+01  1.4454E+01     4.6105E-02     1.9922E+11     4.3210E+12
   309     1.4454E+01  1.3804E+01     4.6013E-02     1.9932E+11     4.3318E+12
   310     1.3804E+01  1.3183E+01     4.6030E-02     1.9880E+11     4.3190E+12
   311     1.3183E+01  1.2589E+01     4.6105E-02     1.9943E+11     4.3255E+12
   312     1.2589E+01  1.2023E+01     4.6002E-02     1.9782E+11     4.3002E+12
   313     1.2023E+01  1.1482E+01     4.6041E-02     1.9675E+11     4.2734E+12
   314     1.1482E+01  1.0965E+01     4.6072E-02     1.9453E+11     4.2224E+12
   315     1.0965E+01  1.0471E+01     4.6099E-02     1.9148E+11     4.1537E+12
   316     1.0471E+01  1.0000E+01     4.6024E-02     1.8472E+11     4.0136E+12
   317     1.0000E+01  9.5499E+00     4.6054E-02     1.9002E+11     4.1259E+12
   318     9.5499E+00  9.1201E+00     4.6050E-02     1.7866E+11     3.8797E+12
   319     9.1201E+00  8.7096E+00     4.6055E-02     1.7896E+11     3.8857E+12
   320     8.7096E+00  8.3176E+00     4.6052E-02     1.7673E+11     3.8376E+12
   321     8.3176E+00  7.9433E+00     4.6045E-02     1.7353E+11     3.7686E+12
   322     7.9433E+00  7.5858E+00     4.6051E-02     1.6010E+11     3.4765E+12
   323     7.5858E+00  7.2444E+00     4.6049E-02     1.5659E+11     3.4004E+12
   324     7.2444E+00  6.9183E+00     4.6059E-02     1.5596E+11     3.3862E+12
   325     6.9183E+00  6.6069E+00     4.6056E-02     1.5489E+11     3.3632E+12
   326     6.6069E+00  6.3096E+00     4.6042E-02     1.5310E+11     3.3251E+12
   327     6.3096E+00  6.0256E+00     4.6055E-02     1.5179E+11     3.2958E+12
   328     6.0256E+00  5.7544E+00     4.6052E-02     1.4946E+11     3.2454E+12
   329     5.7544E+00  5.4954E+00     4.6053E-02     1.4703E+11     3.1926E+12
   330     5.4954E+00  5.2481E+00     4.6045E-02     1.4398E+11     3.1269E+12
   331     5.2481E+00  5.0119E+00     4.6051E-02     1.4071E+11     3.0556E+12
   332     5.0119E+00  4.7863E+00     4.6057E-02     1.3737E+11     2.9825E+12
   333     4.7863E+00  4.5709E+00     4.6048E-02     1.3401E+11     2.9102E+12
   334     4.5709E+00  4.3652E+00     4.6046E-02     1.2673E+11     2.7523E+12
   335     4.3652E+00  4.1687E+00     4.6060E-02     8.5581E+10     1.8580E+12
   336     4.1687E+00  3.9811E+00     4.6046E-02     7.3015E+10     1.5857E+12
   337     3.9811E+00  3.8019E+00     4.6057E-02     8.5004E+10     1.8456E+12
   338     3.8019E+00  3.6308E+00     4.6048E-02     9.0066E+10     1.9559E+12
   339     3.6308E+00  3.4674E+00     4.6048E-02     9.2901E+10     2.0175E+12
   340     3.4674E+00  3.3113E+00     4.6064E-02     9.4124E+10     2.0433E+12
   341     3.3113E+00  3.1623E+00     4.6041E-02     9.4848E+10     2.0601E+12
   342     3.1623E+00  3.0200E+00     4.6043E-02     9.4709E+10     2.0570E+12
   343     3.0200E+00  2.8840E+00     4.6079E-02     9.4186E+10     2.0440E+12
   344     2.8840E+00  2.7542E+00     4.6051E-02     9.3273E+10     2.0254E+12
   345     2.7542E+00  2.6303E+00     4.6029E-02     9.2055E+10     1.9999E+12
   346     2.6303E+00  2.5119E+00     4.6058E-02     9.0743E+10     1.9702E+12
   347     2.5119E+00  2.3988E+00     4.6071E-02     8.9512E+10     1.9429E+12
   348     2.3988E+00  2.2909E+00     4.6024E-02     8.7382E+10     1.8986E+12
   349     2.2909E+00  2.1878E+00     4.6048E-02     8.5839E+10     1.8641E+12
   350     2.1878E+00  2.0893E+00     4.6067E-02     8.4178E+10     1.8273E+12
   351     2.0893E+00  1.9953E+00     4.6035E-02     8.2155E+10     1.7846E+12
   352     1.9953E+00  1.9055E+00     4.6050E-02     8.0080E+10     1.7390E+12
   353     1.9055E+00  1.8197E+00     4.6073E-02     7.8134E+10     1.6959E+12
   354     1.8197E+00  1.7378E+00     4.6052E-02     7.6245E+10     1.6556E+12
   355     1.7378E+00  1.6596E+00     4.6043E-02     7.3868E+10     1.6043E+12
   356     1.6596E+00  1.5849E+00     4.6055E-02     7.1521E+10     1.5529E+12
   357     1.5849E+00  1.5136E+00     4.6030E-02     6.9868E+10     1.5179E+12
   358     1.5136E+00  1.4454E+00     4.6105E-02     6.7674E+10     1.4678E+12
   359     1.4454E+00  1.3804E+00     4.6013E-02     6.5650E+10     1.4268E+12
   360     1.3804E+00  1.3183E+00     4.6030E-02     6.3986E+10     1.3901E+12
   361     1.3183E+00  1.2589E+00     4.6105E-02     6.1823E+10     1.3409E+12
   362     1.2589E+00  1.2023E+00     4.6002E-02     6.0296E+10     1.3107E+12
   363     1.2023E+00  1.1481E+00     4.6128E-02     5.8642E+10     1.2713E+12
   364     1.1481E+00  1.0965E+00     4.5985E-02     5.6615E+10     1.2312E+12
   365     1.0965E+00  1.0471E+00     4.6099E-02     5.5008E+10     1.1933E+12
   366     1.0471E+00  1.0000E+00     4.6024E-02     5.3551E+10     1.1635E+12
   367     1.0000E+00  9.5499E-01     4.6054E-02     5.1902E+10     1.1270E+12
   368     9.5499E-01  9.1201E-01     4.6050E-02     4.9905E+10     1.0837E+12
   369     9.1201E-01  8.7096E-01     4.6055E-02     4.8480E+10     1.0527E+12
   370     8.7096E-01  8.3176E-01     4.6052E-02     4.6895E+10     1.0183E+12
   371     8.3176E-01  7.9433E-01     4.6045E-02     4.5071E+10     9.7886E+11
   372     7.9433E-01  7.5858E-01     4.6051E-02     4.3785E+10     9.5080E+11
   373     7.5858E-01  7.2444E-01     4.6049E-02     4.2313E+10     9.1887E+11
   374     7.2444E-01  6.9183E-01     4.6059E-02     4.0979E+10     8.8971E+11
   375     6.9183E-01  6.6069E-01     4.6056E-02     3.9398E+10     8.5545E+11
   376     6.6069E-01  6.3096E-01     4.6042E-02     3.8048E+10     8.2637E+11
   377     6.3096E-01  6.0256E-01     4.6055E-02     3.6850E+10     8.0012E+11
   378     6.0256E-01  5.7544E-01     4.6052E-02     3.5780E+10     7.7693E+11
   379     5.7544E-01  5.4954E-01     4.6053E-02     3.4637E+10     7.5210E+11
   380     5.4954E-01  5.2481E-01     4.6045E-02     3.3415E+10     7.2571E+11
   381     5.2481E-01  5.0119E-01     4.6051E-02     3.1904E+10     6.9280E+11
   382     5.0119E-01  4.7863E-01     4.6057E-02     3.0647E+10     6.6541E+11
   383     4.7863E-01  4.5709E-01     4.6048E-02     2.9833E+10     6.4787E+11
   384     4.5709E-01  4.3652E-01     4.6046E-02     2.8844E+10     6.2642E+11
   385     4.3652E-01  4.1687E-01     4.6060E-02     2.7600E+10     5.9921E+11
   386     4.1687E-01  3.9811E-01     4.6046E-02     2.6611E+10     5.7792E+11
   387     3.9811E-01  3.8019E-01     4.6057E-02     2.5857E+10     5.6140E+11
   388     3.8019E-01  3.6308E-01     4.6048E-02     2.4833E+10     5.3929E+11
   389     3.6308E-01  3.4674E-01     4.6048E-02     2.3882E+10     5.1863E+11
   390     3.4674E-01  3.3113E-01     4.6064E-02     2.2974E+10     4.9874E+11
   391     3.3113E-01  3.1623E-01     4.6041E-02     2.2044E+10     4.7880E+11
   392     3.1623E-01  3.0199E-01     4.6076E-02     2.1148E+10     4.5899E+11
   393     3.0199E-01  2.8840E-01     4.6045E-02     2.0597E+10     4.4732E+11
   394     2.8840E-01  2.7542E-01     4.6051E-02     1.9887E+10     4.3184E+11
   395     2.7542E-01  2.6303E-01     4.6029E-02     1.8960E+10     4.1192E+11
   396     2.6303E-01  2.5119E-01     4.6058E-02     1.8251E+10     3.9626E+11
   397     2.5119E-01  2.3988E-01     4.6071E-02     1.7586E+10     3.8171E+11
   398     2.3988E-01  2.2909E-01     4.6024E-02     1.6748E+10     3.6390E+11
   399     2.2909E-01  2.1878E-01     4.6048E-02     1.6265E+10     3.5321E+11
   400     2.1878E-01  2.0893E-01     4.6067E-02     1.5558E+10     3.3772E+11
   401     2.0893E-01  1.9953E-01     4.6035E-02     1.4992E+10     3.2566E+11
   402     1.9953E-01  1.9055E-01     4.6050E-02     1.4456E+10     3.1391E+11
   403     1.9055E-01  1.8197E-01     4.6073E-02     1.3840E+10     3.0039E+11
   404     1.8197E-01  1.7378E-01     4.6052E-02     1.3138E+10     2.8528E+11
   405     1.7378E-01  1.6596E-01     4.6043E-02     1.2896E+10     2.8009E+11
   406     1.6596E-01  1.5849E-01     4.6055E-02     1.2098E+10     2.6268E+11
   407     1.5849E-01  1.5136E-01     4.6030E-02     1.1777E+10     2.5586E+11
   408     1.5136E-01  1.4454E-01     4.6105E-02     1.1395E+10     2.4716E+11
   409     1.4454E-01  1.3804E-01     4.6013E-02     1.0816E+10     2.3506E+11
   410     1.3804E-01  1.3183E-01     4.6030E-02     1.0518E+10     2.2851E+11
   411     1.3183E-01  1.2589E-01     4.6105E-02     9.9421E+09     2.1564E+11
   412     1.2589E-01  1.2023E-01     4.6002E-02     9.6981E+09     2.1082E+11
   413     1.2023E-01  1.1481E-01     4.6128E-02     9.2104E+09     1.9967E+11
   414     1.1481E-01  1.0965E-01     4.5985E-02     8.8323E+09     1.9207E+11
   415     1.0965E-01  1.0471E-01     4.6099E-02     8.4079E+09     1.8239E+11
   416     1.0471E-01  1.0000E-01     4.6024E-02     8.0304E+09     1.7448E+11
   417     1.0000E-01  9.5499E-02     4.6054E-02     7.6390E+09     1.6587E+11
   418     9.5499E-02  9.1201E-02     4.6050E-02     7.3851E+09     1.6037E+11
   419     9.1201E-02  8.7096E-02     4.6055E-02     7.0997E+09     1.5416E+11
   420     8.7096E-02  8.3176E-02     4.6052E-02     6.6757E+09     1.4496E+11
   421     8.3176E-02  7.9433E-02     4.6045E-02     6.4825E+09     1.4079E+11
   422     7.9433E-02  7.5858E-02     4.6051E-02     6.1680E+09     1.3394E+11
   423     7.5858E-02  7.2444E-02     4.6049E-02     5.8164E+09     1.2631E+11
   424     7.2444E-02  6.9183E-02     4.6059E-02     5.5823E+09     1.2120E+11
   425     6.9183E-02  6.6069E-02     4.6056E-02     5.3524E+09     1.1622E+11
   426     6.6069E-02  6.3096E-02     4.6042E-02     5.0131E+09     1.0888E+11
   427     6.3096E-02  6.0256E-02     4.6055E-02     4.7016E+09     1.0209E+11
   428     6.0256E-02  5.7544E-02     4.6052E-02     4.6031E+09     9.9953E+10
   429     5.7544E-02  5.4954E-02     4.6053E-02     4.3325E+09     9.4075E+10
   430     5.4954E-02  5.2481E-02     4.6045E-02     4.1156E+09     8.9383E+10
   431     5.2481E-02  5.0119E-02     4.6051E-02     3.9291E+09     8.5320E+10
   432     5.0119E-02  4.7863E-02     4.6057E-02     3.6818E+09     7.9938E+10
   433     4.7863E-02  4.5709E-02     4.6048E-02     3.4097E+09     7.4048E+10
   434     4.5709E-02  4.3652E-02     4.6046E-02     3.2857E+09     7.1357E+10
   435     4.3652E-02  4.1687E-02     4.6060E-02     3.0463E+09     6.6138E+10
   436     4.1687E-02  3.9811E-02     4.6046E-02     2.9268E+09     6.3562E+10
   437     3.9811E-02  3.8019E-02     4.6057E-02     2.7432E+09     5.9562E+10
   438     3.8019E-02  3.6308E-02     4.6048E-02     2.5826E+09     5.6086E+10
   439     3.6308E-02  3.4674E-02     4.6048E-02     2.4048E+09     5.2224E+10
   440     3.4674E-02  3.3113E-02     4.6064E-02     2.2435E+09     4.8704E+10
   441     3.3113E-02  3.1623E-02     4.6041E-02     2.1326E+09     4.6320E+10
   442     3.1623E-02  3.0199E-02     4.6076E-02     1.9632E+09     4.2608E+10
   443     3.0199E-02  2.8840E-02     4.6045E-02     1.8462E+09     4.0096E+10
   444     2.8840E-02  2.7542E-02     4.6051E-02     1.7450E+09     3.7893E+10
   445     2.7542E-02  2.6303E-02     4.6029E-02     1.5976E+09     3.4708E+10
   446     2.6303E-02  2.5119E-02     4.6058E-02     1.5273E+09     3.3160E+10
   447     2.5119E-02  2.3988E-02     4.6071E-02     1.3827E+09     3.0012E+10
   448     2.3988E-02  2.2909E-02     4.6024E-02     1.3174E+09     2.8625E+10
   449     2.2909E-02  2.1878E-02     4.6048E-02     1.2060E+09     2.6190E+10
   450     2.1878E-02  2.0893E-02     4.6067E-02     1.1544E+09     2.5059E+10
   451     2.0893E-02  1.9953E-02     4.6035E-02     1.0620E+09     2.3069E+10
   452     1.9953E-02  1.9055E-02     4.6050E-02     9.8745E+08     2.1443E+10
   453     1.9055E-02  1.8197E-02     4.6073E-02     9.0368E+08     1.9614E+10
   454     1.8197E-02  1.7378E-02     4.6052E-02     8.3313E+08     1.8091E+10
   455     1.7378E-02  1.6596E-02     4.6043E-02     0.0000E+00     0.0000E+00
   456     1.6596E-02  1.5849E-02     4.6055E-02     0.0000E+00     0.0000E+00
   457     1.5849E-02  1.5136E-02     4.6030E-02     0.0000E+00     0.0000E+00
   458     1.5136E-02  1.4454E-02     4.6105E-02     0.0000E+00     0.0000E+00
   459     1.4454E-02  1.3804E-02     4.6013E-02     0.0000E+00     0.0000E+00
   460     1.3804E-02  1.3183E-02     4.6030E-02     0.0000E+00     0.0000E+00
   461     1.3183E-02  1.2589E-02     4.6105E-02     0.0000E+00     0.0000E+00
   462     1.2589E-02  1.2023E-02     4.6002E-02     0.0000E+00     0.0000E+00
   463     1.2023E-02  1.1481E-02     4.6128E-02     0.0000E+00     0.0000E+00
   464     1.1481E-02  1.0965E-02     4.5985E-02     0.0000E+00     0.0000E+00
   465     1.0965E-02  1.0471E-02     4.6099E-02     0.0000E+00     0.0000E+00
   466     1.0471E-02  1.0000E-02     4.6024E-02     0.0000E+00     0.0000E+00
   467     1.0000E-02  9.5499E-03     4.6054E-02     0.0000E+00     0.0000E+00
   468     9.5499E-03  9.1201E-03     4.6050E-02     0.0000E+00     0.0000E+00
   469     9.1201E-03  8.7096E-03     4.6055E-02     0.0000E+00     0.0000E+00
   470     8.7096E-03  8.3176E-03     4.6052E-02     0.0000E+00     0.0000E+00
   471     8.3176E-03  7.9433E-03     4.6045E-02     0.0000E+00     0.0000E+00
   472     7.9433E-03  7.5858E-03     4.6051E-02     0.0000E+00     0.0000E+00
   473     7.5858E-03  7.2444E-03     4.6049E-02     0.0000E+00     0.0000E+00
   474     7.2444E-03  6.9183E-03     4.6059E-02     0.0000E+00     0.0000E+00
   475     6.9183E-03  6.6069E-03     4.6056E-02     0.0000E+00     0.0000E+00
   476     6.6069E-03  6.3096E-03     4.6042E-02     0.0000E+00     0.0000E+00
   477     6.3096E-03  6.0256E-03     4.6055E-02     0.0000E+00     0.0000E+00
   478     6.0256E-03  5.7544E-03     4.6052E-02     0.0000E+00     0.0000E+00
   479     5.7544E-03  5.4954E-03     4.6053E-02     0.0000E+00     0.0000E+00
   480     5.4954E-03  5.2481E-03     4.6045E-02     0.0000E+00     0.0000E+00
   481     5.2481E-03  5.0119E-03     4.6051E-02     0.0000E+00     0.0000E+00
   482     5.0119E-03  4.7863E-03     4.6057E-02     0.0000E+00     0.0000E+00
   483     4.7863E-03  4.5709E-03     4.6048E-02     0.0000E+00     0.0000E+00
   484     4.5709E-03  4.3652E-03     4.6046E-02     0.0000E+00     0.0000E+00
   485     4.3652E-03  4.1687E-03     4.6060E-02     0.0000E+00     0.0000E+00
   486     4.1687E-03  3.9811E-03     4.6046E-02     0.0000E+00     0.0000E+00
   487     3.9811E-03  3.8019E-03     4.6057E-02     0.0000E+00     0.0000E+00
   488     3.8019E-03  3.6308E-03     4.6048E-02     0.0000E+00     0.0000E+00
   489     3.6308E-03  3.4674E-03     4.6048E-02     0.0000E+00     0.0000E+00
   490     3.4674E-03  3.3113E-03     4.6064E-02     0.0000E+00     0.0000E+00
   491     3.3113E-03  3.1623E-03     4.6041E-02     0.0000E+00     0.0000E+00
   492     3.1623E-03  3.0200E-03     4.6043E-02     0.0000E+00     0.0000E+00
   493     3.0200E-03  2.8840E-03     4.6079E-02     0.0000E+00     0.0000E+00
   494     2.8840E-03  2.7542E-03     4.6051E-02     0.0000E+00     0.0000E+00
   495     2.7542E-03  2.6303E-03     4.6029E-02     0.0000E+00     0.0000E+00
   496     2.6303E-03  2.5119E-03     4.6058E-02     0.0000E+00     0.0000E+00
   497     2.5119E-03  2.3988E-03     4.6071E-02     0.0000E+00     0.0000E+00
   498     2.3988E-03  2.2909E-03     4.6024E-02     0.0000E+00     0.0000E+00
   499     2.2909E-03  2.1878E-03     4.6048E-02     0.0000E+00     0.0000E+00
   500     2.1878E-03  2.0893E-03     4.6067E-02     0.0000E+00     0.0000E+00
   501     2.0893E-03  1.9953E-03     4.6035E-02     0.0000E+00     0.0000E+00
   502     1.9953E-03  1.9055E-03     4.6050E-02     0.0000E+00     0.0000E+00
   503     1.9055E-03  1.8197E-03     4.6073E-02     0.0000E+00     0.0000E+00
   504     1.8197E-03  1.7378E-03     4.6052E-02     0.0000E+00     0.0000E+00
   505     1.7378E-03  1.6596E-03     4.6043E-02     0.0000E+00     0.0000E+00
   506     1.6596E-03  1.5849E-03     4.6055E-02     0.0000E+00     0.0000E+00
   507     1.5849E-03  1.5136E-03     4.6030E-02     0.0000E+00     0.0000E+00
   508     1.5136E-03  1.4454E-03     4.6105E-02     0.0000E+00     0.0000E+00
   509     1.4454E-03  1.3804E-03     4.6013E-02     0.0000E+00     0.0000E+00
   510     1.3804E-03  1.3183E-03     4.6030E-02     0.0000E+00     0.0000E+00
   511     1.3183E-03  1.2589E-03     4.6105E-02     0.0000E+00     0.0000E+00
   512     1.2589E-03  1.2023E-03     4.6002E-02     0.0000E+00     0.0000E+00
   513     1.2023E-03  1.1482E-03     4.6041E-02     0.0000E+00     0.0000E+00
   514     1.1482E-03  1.0965E-03     4.6072E-02     0.0000E+00     0.0000E+00
   515     1.0965E-03  1.0471E-03     4.6099E-02     0.0000E+00     0.0000E+00
   516     1.0471E-03  1.0000E-03     4.6024E-02     0.0000E+00     0.0000E+00
   517     1.0000E-03  9.5499E-04     4.6054E-02     0.0000E+00     0.0000E+00
   518     9.5499E-04  9.1201E-04     4.6050E-02     0.0000E+00     0.0000E+00
   519     9.1201E-04  8.7096E-04     4.6055E-02     0.0000E+00     0.0000E+00
   520     8.7096E-04  8.3176E-04     4.6052E-02     0.0000E+00     0.0000E+00
   521     8.3176E-04  7.9433E-04     4.6045E-02     0.0000E+00     0.0000E+00
   522     7.9433E-04  7.5858E-04     4.6051E-02     0.0000E+00     0.0000E+00
   523     7.5858E-04  7.2444E-04     4.6049E-02     0.0000E+00     0.0000E+00
   524     7.2444E-04  6.9183E-04     4.6059E-02     0.0000E+00     0.0000E+00
   525     6.9183E-04  6.6069E-04     4.6056E-02     0.0000E+00     0.0000E+00
   526     6.6069E-04  6.3096E-04     4.6042E-02     0.0000E+00     0.0000E+00
   527     6.3096E-04  6.0256E-04     4.6055E-02     0.0000E+00     0.0000E+00
   528     6.0256E-04  5.7544E-04     4.6052E-02     0.0000E+00     0.0000E+00
   529     5.7544E-04  5.4954E-04     4.6053E-02     0.0000E+00     0.0000E+00
   530     5.4954E-04  5.2481E-04     4.6045E-02     0.0000E+00     0.0000E+00
   531     5.2481E-04  5.0119E-04     4.6051E-02     0.0000E+00     0.0000E+00
   532     5.0119E-04  4.7863E-04     4.6057E-02     0.0000E+00     0.0000E+00
   533     4.7863E-04  4.5709E-04     4.6048E-02     0.0000E+00     0.0000E+00
   534     4.5709E-04  4.3652E-04     4.6046E-02     0.0000E+00     0.0000E+00
   535     4.3652E-04  4.1687E-04     4.6060E-02     0.0000E+00     0.0000E+00
   536     4.1687E-04  3.9811E-04     4.6046E-02     0.0000E+00     0.0000E+00
   537     3.9811E-04  3.8019E-04     4.6057E-02     0.0000E+00     0.0000E+00
   538     3.8019E-04  3.6308E-04     4.6048E-02     0.0000E+00     0.0000E+00
   539     3.6308E-04  3.4674E-04     4.6048E-02     0.0000E+00     0.0000E+00
   540     3.4674E-04  3.3113E-04     4.6064E-02     0.0000E+00     0.0000E+00
   541     3.3113E-04  3.1623E-04     4.6041E-02     0.0000E+00     0.0000E+00
   542     3.1623E-04  3.0199E-04     4.6076E-02     0.0000E+00     0.0000E+00
   543     3.0199E-04  2.8840E-04     4.6045E-02     0.0000E+00     0.0000E+00
   544     2.8840E-04  2.7542E-04     4.6051E-02     0.0000E+00     0.0000E+00
   545     2.7542E-04  2.6303E-04     4.6029E-02     0.0000E+00     0.0000E+00
   546     2.6303E-04  2.5119E-04     4.6058E-02     0.0000E+00     0.0000E+00
   547     2.5119E-04  2.3988E-04     4.6071E-02     0.0000E+00     0.0000E+00
   548     2.3988E-04  2.2909E-04     4.6024E-02     0.0000E+00     0.0000E+00
   549     2.2909E-04  2.1878E-04     4.6048E-02     0.0000E+00     0.0000E+00
   550     2.1878E-04  2.0893E-04     4.6067E-02     0.0000E+00     0.0000E+00
   551     2.0893E-04  1.9953E-04     4.6035E-02     0.0000E+00     0.0000E+00
   552     1.9953E-04  1.9055E-04     4.6050E-02     0.0000E+00     0.0000E+00
   553     1.9055E-04  1.8197E-04     4.6073E-02     0.0000E+00     0.0000E+00
   554     1.8197E-04  1.7378E-04     4.6052E-02     0.0000E+00     0.0000E+00
   555     1.7378E-04  1.6596E-04     4.6043E-02     0.0000E+00     0.0000E+00
   556     1.6596E-04  1.5849E-04     4.6055E-02     0.0000E+00     0.0000E+00
   557     1.5849E-04  1.5136E-04     4.6030E-02     0.0000E+00     0.0000E+00
   558     1.5136E-04  1.4454E-04     4.6105E-02     0.0000E+00     0.0000E+00
   559     1.4454E-04  1.3804E-04     4.6013E-02     0.0000E+00     0.0000E+00
   560     1.3804E-04  1.3183E-04     4.6030E-02     0.0000E+00     0.0000E+00
   561     1.3183E-04  1.2589E-04     4.6105E-02     0.0000E+00     0.0000E+00
   562     1.2589E-04  1.2023E-04     4.6002E-02     0.0000E+00     0.0000E+00
   563     1.2023E-04  1.1482E-04     4.6041E-02     0.0000E+00     0.0000E+00
   564     1.1482E-04  1.0965E-04     4.6072E-02     0.0000E+00     0.0000E+00
   565     1.0965E-04  1.0471E-04     4.6099E-02     0.0000E+00     0.0000E+00
   566     1.0471E-04  1.0000E-04     4.6024E-02     0.0000E+00     0.0000E+00
   567     1.0000E-04  9.5499E-05     4.6054E-02     0.0000E+00     0.0000E+00
   568     9.5499E-05  9.1201E-05     4.6050E-02     0.0000E+00     0.0000E+00
   569     9.1201E-05  8.7096E-05     4.6055E-02     0.0000E+00     0.0000E+00
   570     8.7096E-05  8.3176E-05     4.6052E-02     0.0000E+00     0.0000E+00
   571     8.3176E-05  7.9433E-05     4.6045E-02     0.0000E+00     0.0000E+00
   572     7.9433E-05  7.5858E-05     4.6051E-02     0.0000E+00     0.0000E+00
   573     7.5858E-05  7.2444E-05     4.6049E-02     0.0000E+00     0.0000E+00
   574     7.2444E-05  6.9183E-05     4.6059E-02     0.0000E+00     0.0000E+00
   575     6.9183E-05  6.6069E-05     4.6056E-02     0.0000E+00     0.0000E+00
   576     6.6069E-05  6.3096E-05     4.6042E-02     0.0000E+00     0.0000E+00
   577     6.3096E-05  6.0256E-05     4.6055E-02     0.0000E+00     0.0000E+00
   578     6.0256E-05  5.7544E-05     4.6052E-02     0.0000E+00     0.0000E+00
   579     5.7544E-05  5.4954E-05     4.6053E-02     0.0000E+00     0.0000E+00
   580     5.4954E-05  5.2481E-05     4.6045E-02     0.0000E+00     0.0000E+00
   581     5.2481E-05  5.0119E-05     4.6051E-02     0.0000E+00     0.0000E+00
   582     5.0119E-05  4.7863E-05     4.6057E-02     0.0000E+00     0.0000E+00
   583     4.7863E-05  4.5709E-05     4.6048E-02     0.0000E+00     0.0000E+00
   584     4.5709E-05  4.3652E-05     4.6046E-02     0.0000E+00     0.0000E+00
   585     4.3652E-05  4.1687E-05     4.6060E-02     0.0000E+00     0.0000E+00
   586     4.1687E-05  3.9811E-05     4.6046E-02     0.0000E+00     0.0000E+00
   587     3.9811E-05  3.8019E-05     4.6057E-02     0.0000E+00     0.0000E+00
   588     3.8019E-05  3.6308E-05     4.6048E-02     0.0000E+00     0.0000E+00
   589     3.6308E-05  3.4674E-05     4.6048E-02     0.0000E+00     0.0000E+00
   590     3.4674E-05  3.3113E-05     4.6064E-02     0.0000E+00     0.0000E+00
   591     3.3113E-05  3.1623E-05     4.6041E-02     0.0000E+00     0.0000E+00
   592     3.1623E-05  3.0199E-05     4.6076E-02     0.0000E+00     0.0000E+00
   593     3.0199E-05  2.8840E-05     4.6045E-02     0.0000E+00     0.0000E+00
   594     2.8840E-05  2.7542E-05     4.6051E-02     0.0000E+00     0.0000E+00
   595     2.7542E-05  2.6303E-05     4.6029E-02     0.0000E+00     0.0000E+00
   596     2.6303E-05  2.5119E-05     4.6058E-02     0.0000E+00     0.0000E+00
   597     2.5119E-05  2.3988E-05     4.6071E-02     0.0000E+00     0.0000E+00
   598     2.3988E-05  2.2909E-05     4.6024E-02     0.0000E+00     0.0000E+00
   599     2.2909E-05  2.1878E-05     4.6048E-02     0.0000E+00     0.0000E+00
   600     2.1878E-05  2.0893E-05     4.6067E-02     0.0000E+00     0.0000E+00
   601     2.0893E-05  1.9953E-05     4.6035E-02     0.0000E+00     0.0000E+00
   602     1.9953E-05  1.9055E-05     4.6050E-02     0.0000E+00     0.0000E+00
   603     1.9055E-05  1.8197E-05     4.6073E-02     0.0000E+00     0.0000E+00
   604     1.8197E-05  1.7378E-05     4.6052E-02     0.0000E+00     0.0000E+00
   605     1.7378E-05  1.6596E-05     4.6043E-02     0.0000E+00     0.0000E+00
   606     1.6596E-05  1.5849E-05     4.6055E-02     0.0000E+00     0.0000E+00
   607     1.5849E-05  1.5136E-05     4.6030E-02     0.0000E+00     0.0000E+00
   608     1.5136E-05  1.4454E-05     4.6105E-02     0.0000E+00     0.0000E+00
   609     1.4454E-05  1.3804E-05     4.6013E-02     0.0000E+00     0.0000E+00
   610     1.3804E-05  1.3183E-05     4.6030E-02     0.0000E+00     0.0000E+00
   611     1.3183E-05  1.2589E-05     4.6105E-02     0.0000E+00     0.0000E+00
   612     1.2589E-05  1.2023E-05     4.6002E-02     0.0000E+00     0.0000E+00
   613     1.2023E-05  1.1482E-05     4.6041E-02     0.0000E+00     0.0000E+00
   614     1.1482E-05  1.0965E-05     4.6072E-02     0.0000E+00     0.0000E+00
   615     1.0965E-05  1.0471E-05     4.6099E-02     0.0000E+00     0.0000E+00
   616     1.0471E-05  1.0000E-05     4.6024E-02     0.0000E+00     0.0000E+00
  TOTAL                                              3.7942E+14
