  47 100   6  20     0.04762    -0.45968                                   Ag100
  47 101   2  26     0.01651    -0.41480                                   Ag101
  47 102   6  20    -0.13732    -0.56964                                   Ag102
  47 103   6  15    -0.07019    -0.59392                                   Ag103
  47 104   7  36    -0.28886    -1.59700                                   Ag104
  47 105   6  15    -0.03731    -0.65922                                   Ag105
  47 106   7  22     0.01371    -1.18735                                   Ag106
  47 107   6  15    -0.02035    -0.60123                                   Ag107
  47 108   7  36    -0.23308    -1.18384                                   Ag108
  47 109   7  22    -0.01809    -0.86207                                   Ag109
  47 110   7  36    -0.10672    -0.88227                                   Ag110
  47 111   7  22     0.06374    -0.40673                                   Ag111
  47 115   4  22    -0.64139    -1.22808                                   Ag115
