  47 100   6  20    -0.02642    -0.50531                                   Ag100
  47 101   2  26    -0.06307    -0.47144                                   Ag101
  47 102   6  21    -0.22224    -0.58149                                   Ag102
  47 103   4  37    -0.18004    -0.73173                                   Ag103
  47 104   5  26    -0.41389    -1.72314                                   Ag104
  47 105   6  15    -0.13517    -0.72899                                   Ag105
  47 106   7  22    -0.01573    -1.20728                                   Ag106
  47 107   6  15    -0.05346    -0.61533                                   Ag107
  47 108   7  36    -0.25659    -1.20056                                   Ag108
  47 109   7  22    -0.03059    -0.87133                                   Ag109
  47 110   7  36    -0.12806    -0.89278                                   Ag110
  47 111   7  22     0.07575    -0.40280                                   Ag111
  47 115   2  20    -0.64134    -1.39989                                   Ag115
