  33  69   6  36     0.19922     0.75077                                   As069
  33  70   7  22    -0.01506    -0.56814                                   As070
  33  71   2  20     0.06796    -0.15053                                   As071
  33  72   7  36    -0.18525    -1.45612                                   As072
  33  73   7  22    -0.09309    -1.06692                                   As073
  33  74   7  36    -0.36337    -1.10948                                   As074
  33  75   6  36    -0.01133    -0.15308                                   As075
  33  76   6  20    -0.42180    -2.46891                                   As076
  33  77   7  36    -0.37187    -1.48258                                   As077
  33  78   7  22    -0.34609    -1.51132                                   As078
  33  79   6  15    -0.13063    -0.53499                                   As079
  33  80   7  22    -0.06921    -0.39249                                   As080
  33  81   6  21    -0.46672    -1.34576                                   As081
  33  82   7  22    -1.04069    -2.16365                                   As082
