  79 185   2  26    -0.00623    -0.30970                                   Au185
  79 186   4  22     0.04596     0.06432                                   Au186
  79 187   7  33    -0.43532    -0.91578                                   Au187
  79 188   6  20    -0.00871     0.27810                                   Au188
  79 189   4  34    -0.18830    -0.52972                                   Au189
  79 191   2  20    -0.11828    -0.23748                                   Au191
  79 193   6  36    -0.10677    -0.23379                                   Au193
  79 194   6  22     0.06494     0.21262                                   Au194
  79 195   6  15     0.12875    -0.27808                                   Au195
  79 196   7  22    -0.15267    -1.04606                                   Au196
  79 197   6  15     0.07027    -0.12007                                   Au197
  79 198   7  22    -0.03010    -0.94428                                   Au198
  79 199   6  15     0.00806    -0.01210                                   Au199
  79 201   6  15     0.37143     0.88976                                   Au201
  79 203   6  17     0.43746     0.40267                                   Au203
