  79 185   2  26    -0.09276    -0.33247                                   Au185
  79 186   4  22     0.01772     0.06017                                   Au186
  79 187   7  33    -0.50457    -0.96774                                   Au187
  79 188   6  20     0.10716     0.29862                                   Au188
  79 189   4  34    -0.14050    -0.50801                                   Au189
  79 191   2  20    -0.06824    -0.21993                                   Au191
  79 193   6  36    -0.05348    -0.21204                                   Au193
  79 194   6  22     0.06216     0.21195                                   Au194
  79 195   6  15     0.17735    -0.26184                                   Au195
  79 196   7  22    -0.15290    -1.04615                                   Au196
  79 197   6  15     0.04664    -0.12972                                   Au197
  79 198   7  22    -0.02103    -0.94023                                   Au198
  79 199   6  22     0.01751     0.07180                                   Au199
  79 201   6  15     0.43987     0.90191                                   Au201
  79 203   6  17     0.53177     0.44070                                   Au203
