  83 193   7  33     0.04458     0.10785                                   Bi193
  83 194   7  33    -0.19790     0.83765                                   Bi194
  83 197   6  15     0.51141     1.52020                                   Bi197
  83 199   5  17    -0.54103     0.24076                                   Bi199
  83 203   2  20     0.17241     0.61758                                   Bi203
  83 205   2  20     0.14735     0.59609                                   Bi205
  83 206   6  22     0.02919     0.11373                                   Bi206
  83 207   4  22    -0.01704    -0.24037                                   Bi207
  83 208   6  23    -0.26197    -0.78893                                   Bi208
  83 209   6  21    -0.50306    -1.58052                                   Bi209
  83 210   6  36     0.17084    -0.51332                                   Bi210
  83 211   6  15     0.09001     0.14799                                   Bi211
  83 213   6  20     0.43869     0.86568                                   Bi213
