  35  71   2  20    -0.08049    -0.53904                                   Br071
  35  72   2  26    -0.30030    -1.00647                                   Br072
  35  73   6  20     0.01861    -0.18769                                   Br073
  35  74   7  22    -0.00967    -1.60798                                   Br074
  35  75   6  20    -0.07468    -0.67575                                   Br075
  35  76   6  20    -0.11156    -0.81243                                   Br076
  35  77   4  37     0.02880    -0.47842                                   Br077
  35  78   6  21    -0.45476    -1.79025                                   Br078
  35  79   5  43    -0.22387    -1.32100                                   Br079
  35  80   7  26    -0.30630    -2.40106                                   Br080
  35  81   4  22    -0.53822    -1.60136                                   Br081
  35  82   4  34    -0.05225    -1.61703                                   Br082
  35  83   6  23    -0.03048    -0.59763                                   Br083
  35  85   6  23     0.20598     0.87969                                   Br085
  35  86   6  15     0.66021     1.09196                                   Br086
