  35  71   2  20    -0.06224    -0.52900                                   Br071
  35  72   2  26    -0.39936    -1.06874                                   Br072
  35  73   7  27     0.05907     0.52324                                   Br073
  35  74   7  22    -0.07626    -1.66328                                   Br074
  35  75   6  20     0.00654    -0.62312                                   Br075
  35  76   2  26    -0.08374    -0.71766                                   Br076
  35  77   2  26     0.06199    -0.65498                                   Br077
  35  78   6  21    -0.42518    -1.76496                                   Br078
  35  79   5  43    -0.15870    -1.26444                                   Br079
  35  80   4  16    -0.28250    -2.48138                                   Br080
  35  81   7  36    -0.45790    -1.54690                                   Br081
  35  82   7  22     0.04836    -1.41598                                   Br082
  35  83   6  15    -0.23330    -1.09096                                   Br083
  35  85   6  23     0.17831     0.86313                                   Br085
  35  86   6  15     0.74617     1.35786                                   Br086
