  20  41   6  15     0.70778     0.62206                                   Ca041
  20  42   6  23     0.16537     1.05318                                   Ca042
  20  43   7  22     0.72514    -0.56714                                   Ca043
  20  44   6  22    -0.06543     1.64093                                   Ca044
  20  45   7  22     0.30331    -0.97336                                   Ca045
  20  46   6  23     0.32571     2.76578                                   Ca046
  20  47   5  43    -0.20627    -1.72362                                   Ca047
  20  48   6  15     0.66559     0.49555                                   Ca048
  20  49   6  23     0.60861     1.51605                                   Ca049
  20  51   6  15     0.31706     1.33531                                   Ca051
