  48 101   6  22     0.40400     2.62823                                   Cd101
  48 102   6  36     0.07157     0.60726                                   Cd102
  48 103   6  21    -0.53073    -1.16214                                   Cd103
  48 104   6  23     0.07822     0.27285                                   Cd104
  48 105   6  21    -0.25192    -0.74206                                   Cd105
  48 106   6  36     0.07133    -0.01248                                   Cd106
  48 107   6  15     0.04476    -1.07646                                   Cd107
  48 108   6  36     0.12724     0.09225                                   Cd108
  48 109   6  15     0.01463    -0.56094                                   Cd109
  48 110   6  23     0.21663     0.47292                                   Cd110
  48 111   7  36    -0.38778    -1.23797                                   Cd111
  48 112   7  29    -0.26917    -0.03748                                   Cd112
  48 113   6  15    -0.24971    -1.01933                                   Cd113
  48 114   6  23    -0.00445     0.14789                                   Cd114
  48 115   7  22     0.34181    -0.51634                                   Cd115
  48 116   6  36    -0.16968    -0.09427                                   Cd116
  48 117   6  15    -0.19557    -0.84862                                   Cd117
  48 118   5  17     0.01254     1.10807                                   Cd118
  48 120   6  23     0.36997     2.39892                                   Cd120
  48 121   6  15     0.51881    -0.11958                                   Cd121
  48 122   6  15     0.35409     1.58975                                   Cd122
