  58 126   6  15     0.37140     1.50644                                   Ce126
  58 127   6  23     0.40405     0.07721                                   Ce127
  58 128   5  17     0.09439     1.06511                                   Ce128
  58 129   2  20    -0.14152    -0.03890                                   Ce129
  58 131   2  26    -0.28186    -0.59656                                   Ce131
  58 132   2  20     0.21140     0.59696                                   Ce132
  58 133   6  22    -0.16492    -0.20463                                   Ce133
  58 134   5  17     0.01728     0.53294                                   Ce134
  58 135   6  22     0.14973     0.67631                                   Ce135
  58 136   6  22     0.09859     0.89435                                   Ce136
  58 137   6  15     0.28650    -0.38870                                   Ce137
  58 138   6  23     0.28221     1.41893                                   Ce138
  58 139   7  21    -0.21015    -0.14530                                   Ce139
  58 140   6  36     0.09395     0.38089                                   Ce140
  58 141   6  22    -0.05049     0.10070                                   Ce141
  58 142   5  54    -0.12059     0.17693                                   Ce142
  58 143   7  29     0.43274    -0.00561                                   Ce143
  58 144   6  22     0.30996     0.64452                                   Ce144
  58 145   6  22    -0.54822    -0.66659                                   Ce145
  58 146   6  22     0.42040     0.68745                                   Ce146
  58 147   6  15    -0.54255    -0.57801                                   Ce147
  58 148   6  36     0.52342     0.97348                                   Ce148
  58 149   6  15    -0.67990    -0.69661                                   Ce149
  58 150   6  22     0.83365     1.34070                                   Ce150
