  58 126   6  15     0.29847     1.47247                                   Ce126
  58 127   4  22     0.52172     0.01992                                   Ce127
  58 128   2  20     0.16745     0.91782                                   Ce128
  58 129   2  20    -0.00982    -0.00795                                   Ce129
  58 131   2  26    -0.16109    -0.55562                                   Ce131
  58 132   6  15     0.13531     0.65074                                   Ce132
  58 133   7  21    -0.00074    -0.22740                                   Ce133
  58 134   6  23     0.10857     0.61452                                   Ce134
  58 135   6  23     0.26074     0.77567                                   Ce135
  58 136   6  23     0.23113     0.96767                                   Ce136
  58 137   7  22     0.57038    -0.08747                                   Ce137
  58 138   6  23     0.34504     1.44020                                   Ce138
  58 139   6  22    -0.05480    -0.12255                                   Ce139
  58 140   6  36     0.10269     0.38496                                   Ce140
  58 141   6  22     0.16363     0.18249                                   Ce141
  58 142   5  54    -0.23354     0.10612                                   Ce142
  58 143   6  21     0.52709    -0.01017                                   Ce143
  58 144   6  22     0.26825     0.62839                                   Ce144
  58 145   6  15    -0.51489    -0.82697                                   Ce145
  58 146   6  22     0.31659     0.65431                                   Ce146
  58 147   6  15    -0.34965    -0.48880                                   Ce147
  58 148   6  22     0.40463     0.82389                                   Ce148
  58 149   6  22    -0.36359    -0.46635                                   Ce149
  58 150   6  22     0.86081     1.34654                                   Ce150
