  66 143   7  33     0.19508     0.94506                                   Dy143
  66 146   6  23     0.46433     2.54027                                   Dy146
  66 147   6  15     0.35567     1.29729                                   Dy147
  66 148   2  20     0.29644     1.37356                                   Dy148
  66 149   6  22     0.32678     0.98123                                   Dy149
  66 150   2  20     0.23721     1.09184                                   Dy150
  66 151   2  20    -0.17327    -0.48683                                   Dy151
  66 152   6  23     0.48958     1.58588                                   Dy152
  66 153   2  20    -0.11918    -0.28595                                   Dy153
  66 154   6  15     0.08622     0.28256                                   Dy154
  66 155   2  26    -0.27032    -0.62246                                   Dy155
  66 156   6  15     0.09212     0.30568                                   Dy156
  66 157   6  15     0.23530    -0.41838                                   Dy157
  66 158   6  22     0.05979     0.18147                                   Dy158
  66 159   4  22    -0.37103    -0.49273                                   Dy159
  66 160   6  36     0.11088     0.32885                                   Dy160
  66 161   6  22    -0.22361    -0.23565                                   Dy161
  66 162   5  17    -0.24509     0.46269                                   Dy162
  66 163   6  22    -0.42143    -0.49327                                   Dy163
  66 164   6  22    -0.20185     0.27392                                   Dy164
  66 165   6  22    -0.09435    -0.28705                                   Dy165
  66 166   6  22     0.29355     0.63927                                   Dy166
