  68 156   2  20     0.05583     0.20918                                   Er156
  68 157   7  18     0.03978     0.10021                                   Er157
  68 158   6  15     0.15086     0.53493                                   Er158
  68 159   7  21     0.00088     0.00501                                   Er159
  68 160   2  20     0.12662     0.48337                                   Er160
  68 161   6  22    -0.16258    -0.45910                                   Er161
  68 162   2  20     0.08243     0.29621                                   Er162
  68 163   6  22    -0.07897    -0.32427                                   Er163
  68 164   6  15     0.16884     0.56356                                   Er164
  68 165   6  22    -0.36748    -0.43056                                   Er165
  68 166   6  15     0.22035     0.69002                                   Er166
  68 167   6  22    -0.26743    -0.17699                                   Er167
  68 168   6  22    -0.18851     0.32968                                   Er168
  68 169   6  22    -0.16138    -0.14202                                   Er169
  68 170   5  38     0.19543     0.44009                                   Er170
  68 171   6  22    -0.08388    -0.10721                                   Er171
  68 172   6  23     0.27151     0.62031                                   Er172
