  68 156   2  20     0.13649     0.23311                                   Er156
  68 157   7  18    -0.11861     0.06175                                   Er157
  68 158   6  15     0.10822     0.52420                                   Er158
  68 159   4  22    -0.21269    -0.08712                                   Er159
  68 160   6  15     0.10054     0.56309                                   Er160
  68 161   6  22    -0.36378    -0.52778                                   Er161
  68 162   2  20     0.02359     0.28154                                   Er162
  68 163   6  22    -0.28130    -0.36913                                   Er163
  68 164   6  36     0.18147     0.56631                                   Er164
  68 165   6  22    -0.57447    -0.49933                                   Er165
  68 166   6  15     0.24121     0.69420                                   Er166
  68 167   6  22    -0.47217    -0.22567                                   Er167
  68 168   6  22    -0.10384     0.35450                                   Er168
  68 169   6  22    -0.37598    -0.19652                                   Er169
  68 170   6  15     0.16879     0.51218                                   Er170
  68 171   6  22    -0.30057    -0.15999                                   Er171
  68 172   6  23     0.30920     0.62854                                   Er172
