  63 139   2  26    -0.01212    -0.63586                                   Eu139
  63 140   4  21     0.08809    -0.03616                                   Eu140
  63 141   2  20    -0.07525    -0.35763                                   Eu141
  63 142   2  26    -0.21055    -0.63219                                   Eu142
  63 143   2  20    -0.11454    -0.15111                                   Eu143
  63 144   6  20    -0.13199    -0.72887                                   Eu144
  63 145   7  36    -0.54134    -2.10118                                   Eu145
  63 146   7  22    -0.33110    -1.03321                                   Eu146
  63 147   6  15    -0.02176    -0.32820                                   Eu147
  63 148   6  15     0.52541     0.95613                                   Eu148
  63 149   7  22    -0.08811    -0.59213                                   Eu149
  63 150   7  22    -0.08149    -0.43854                                   Eu150
  63 151   4  37    -0.16586    -0.73361                                   Eu151
  63 152   4  37     0.08583    -0.86660                                   Eu152
  63 153   6  22    -0.34296    -0.26851                                   Eu153
  63 154   6  20     0.09642    -0.44226                                   Eu154
  63 155   6  22    -0.08179     0.06994                                   Eu155
  63 156   4  22    -0.15905    -0.32212                                   Eu156
  63 157   7  33    -0.01768     0.48243                                   Eu157
