  63 139   2  26    -0.10497    -0.67015                                   Eu139
  63 140   7  21     0.02378     0.11640                                   Eu140
  63 141   6  20    -0.07756    -0.13895                                   Eu141
  63 142   2  26    -0.23380    -0.65108                                   Eu142
  63 143   2  20    -0.02076    -0.11679                                   Eu143
  63 144   2  26    -0.16342    -0.78056                                   Eu144
  63 145   7  36    -0.41618    -1.83666                                   Eu145
  63 146   7  22    -0.36415    -1.03303                                   Eu146
  63 147   6  15    -0.10420    -0.37218                                   Eu147
  63 148   6  15     0.52541     0.95613                                   Eu148
  63 149   7  22    -0.20007    -0.64657                                   Eu149
  63 150   6  22    -0.19333    -0.51506                                   Eu150
  63 151   4  37    -0.27426    -0.78794                                   Eu151
  63 152   6  21     0.02706    -0.93195                                   Eu152
  63 153   6  22    -0.38457    -0.27928                                   Eu153
  63 154   6  21     0.07661    -0.44756                                   Eu154
  63 155   6  22    -0.12813     0.06170                                   Eu155
  63 156   4  22    -0.18160    -0.32739                                   Eu156
  63 157   7  33     0.18699     0.52866                                   Eu157
  63 159   6  22     0.45383     0.63260                                   Eu159
