  26  52   6  23     0.57212     2.42315                                   Fe052
  26  53   6  20     0.07896    -0.31335                                   Fe053
  26  54   6  23     0.29134     1.76183                                   Fe054
  26  55   7  36    -0.19125    -0.69180                                   Fe055
  26  56   5  35     0.00000     0.00000                                   Fe056
  26  57   6  23     0.33687     0.17153                                   Fe057
  26  58   6  22     0.09760     1.31649                                   Fe058
  26  59   6  23     0.02768    -0.07691                                   Fe059
  26  60   6  23     0.15613     0.66548                                   Fe060
  26  61   6  22     0.15740     0.80233                                   Fe061
  26  62   2  20     0.26880     0.88105                                   Fe062
