  64 140   6  22     0.32859     1.88503                                   Gd140
  64 141   2  20    -0.06489    -0.26383                                   Gd141
  64 143   6  22     0.24819     0.72050                                   Gd143
  64 145   6  21    -0.24617    -0.86041                                   Gd145
  64 146   2  20    -0.04293    -0.24723                                   Gd146
  64 147   4  22    -0.62340    -1.40624                                   Gd147
  64 148   6  22     0.56415     1.51717                                   Gd148
  64 149   6  23    -0.06991    -0.15983                                   Gd149
  64 150   6  23     0.15285     0.48852                                   Gd150
  64 151   2  26    -0.28758    -0.62182                                   Gd151
  64 152   2  20     0.02742     0.07991                                   Gd152
  64 153   4  22    -0.27277    -0.87044                                   Gd153
  64 154   6  22    -0.59605     0.11775                                   Gd154
  64 155   6  22    -0.27520    -0.38962                                   Gd155
  64 156   6  22    -0.12060     0.40770                                   Gd156
  64 157   5  38    -0.24547    -0.24300                                   Gd157
  64 158   6  22    -0.31540     0.29130                                   Gd158
  64 159   6  22    -0.39670    -0.10921                                   Gd159
  64 160   7  33     0.17551     0.48221                                   Gd160
  64 161   6  22    -0.39061    -0.06815                                   Gd161
  64 162   6  15     0.41247     0.90328                                   Gd162
