  64 141   2  20    -0.16276    -0.30401                                   Gd141
  64 143   6  22     0.04809     0.63018                                   Gd143
  64 144   6  22     0.28027     2.04263                                   Gd144
  64 145   6  21    -0.38107    -0.98918                                   Gd145
  64 146   2  20    -0.17068    -0.35907                                   Gd146
  64 147   7  29    -0.68095    -1.12902                                   Gd147
  64 148   6  23     0.65237     1.54988                                   Gd148
  64 149   6  22    -0.21653    -0.24680                                   Gd149
  64 150   6  23     0.26257     0.52949                                   Gd150
  64 151   2  26    -0.43498    -0.69526                                   Gd151
  64 152   2  20     0.12930     0.13258                                   Gd152
  64 153   4  22    -0.47443    -0.97143                                   Gd153
  64 154   6  22    -0.65246     0.09375                                   Gd154
  64 155   6  22    -0.48185    -0.43379                                   Gd155
  64 156   6  22    -0.18574     0.37978                                   Gd156
  64 157   5  38    -0.45463    -0.29847                                   Gd157
  64 158   6  22    -0.37870     0.27107                                   Gd158
  64 159   6  22    -0.61585    -0.15814                                   Gd159
  64 160   7  33     0.10869     0.46416                                   Gd160
  64 161   6  22    -0.61772    -0.13581                                   Gd161
  64 162   6  15     0.44276     0.90849                                   Gd162
