  32  66   6  22     0.59462     2.85948                                   Ge066
  32  67   6  22    -0.05499     0.04647                                   Ge067
  32  68   6  23     0.34118     1.82896                                   Ge068
  32  69   6  36    -0.04084    -0.05399                                   Ge069
  32  70   6  36     0.26372     1.24218                                   Ge070
  32  71   4  37    -0.42618    -1.50001                                   Ge071
  32  72   2  50    -0.04585     0.16901                                   Ge072
  32  73   6  21    -0.18019    -1.26110                                   Ge073
  32  74   5  38    -0.19821     1.21896                                   Ge074
  32  75   4  22    -0.88881    -2.12308                                   Ge075
  32  76   6  36    -0.02547     0.34579                                   Ge076
  32  77   6  21    -0.44327    -1.17751                                   Ge077
  32  78   6  23     0.39718     1.10376                                   Ge078
  32  79   6  23     0.28088     0.80789                                   Ge079
  32  80   6  21     0.62429     1.99756                                   Ge080
  32  81   2  20     0.41209    -0.17415                                   Ge081
  32  82   2  20     0.64640     1.20733                                   Ge082
