  80 180   2  20     0.24452     0.74258                                   Hg180
  80 185   6  22    -0.07672     0.27758                                   Hg185
  80 186   2  20     0.18343     0.84902                                   Hg186
  80 188   6  15     0.30973     0.90477                                   Hg188
  80 190   6  22     0.18434     0.54020                                   Hg190
  80 191   6  23    -0.21269    -0.26604                                   Hg191
  80 192   2  20     0.15796     0.47720                                   Hg192
  80 193   6  23     0.16947     0.66219                                   Hg193
  80 194   6  22     0.29684     0.91469                                   Hg194
  80 195   6  22    -0.39036    -0.70956                                   Hg195
  80 196   6  23     0.02758     0.50102                                   Hg196
  80 197   6  20    -0.61661    -1.21887                                   Hg197
  80 198   6  36    -0.15617    -0.12475                                   Hg198
  80 199   4  22    -0.44110    -1.13815                                   Hg199
  80 200   6  22    -0.94175    -1.02907                                   Hg200
  80 201   6  22    -0.54938    -0.36501                                   Hg201
  80 202   6  22    -0.45980     0.12583                                   Hg202
  80 203   6  15    -0.29208    -0.28095                                   Hg203
  80 204   6  23     0.18052     0.74023                                   Hg204
  80 205   6  22    -0.00167     0.71532                                   Hg205
