  53 117   2  20    -0.01496    -0.03432                                   I117
  53 118   6  15     0.43288     1.44690                                   I118
  53 119   2  20     0.00238     0.08030                                   I119
  53 120   2  26    -0.12913    -0.42540                                   I120
  53 121   4  34    -0.02853    -0.11329                                   I121
  53 122   2  26    -0.17302    -0.60329                                   I122
  53 123   6  36     0.10265     0.47535                                   I123
  53 124   4  37    -0.33944    -1.07159                                   I124
  53 125   6  15    -0.07759    -0.52782                                   I125
  53 126   7  36    -0.42637    -1.39465                                   I126
  53 127   6  36    -0.05548    -0.23478                                   I127
  53 128   7  36    -0.03692    -1.33323                                   I128
  53 129   6  15    -0.05584    -0.19750                                   I129
  53 130   7  36    -0.07829    -1.32442                                   I130
  53 131   2  20     0.13777     0.48364                                   I131
  53 133   6  15     0.19527     0.81959                                   I133
  53 135   6  23    -0.07026     0.86333                                   I135
