  53 117   2  20    -0.07333    -0.04816                                   I117
  53 118   6  15     0.48575     1.45077                                   I118
  53 119   2  20     0.01964     0.08327                                   I119
  53 120   2  26    -0.07457    -0.41076                                   I120
  53 121   4  34    -0.00106    -0.10124                                   I121
  53 122   6  20    -0.10741    -0.58346                                   I122
  53 123   6  36     0.06144     0.46486                                   I123
  53 124   4  37    -0.24592    -1.02199                                   I124
  53 125   6  15    -0.01389    -0.49672                                   I125
  53 126   7  36    -0.31229    -1.30215                                   I126
  53 127   6  36    -0.01991    -0.21687                                   I127
  53 128   7  36     0.01572    -1.29120                                   I128
  53 129   6  22    -0.14942    -0.21306                                   I129
  53 130   7  36    -0.02249    -1.28756                                   I130
  53 131   6  15     0.23630     0.51801                                   I131
  53 133   6  15     0.26336     0.83172                                   I133
  53 135   6  23     0.01153     0.93799                                   I135
