  49 102   2  20     0.06516     0.10270                                   In102
  49 104   2  20     0.01325    -0.41696                                   In104
  49 105   6  36    -0.00568    -0.55003                                   In105
  49 106   6  21    -0.15836    -0.77029                                   In106
  49 107   5  17    -0.05599    -0.54051                                   In107
  49 108   7  36    -0.64997    -2.19774                                   In108
  49 109   4  37    -0.11004    -1.01855                                   In109
  49 110   7  36    -0.40386    -1.73288                                   In110
  49 111   6  15    -0.11666    -1.01843                                   In111
  49 112   6  22    -1.08885    -2.92015                                   In112
  49 113   6  15    -0.11483    -1.12612                                   In113
  49 114   4  16     0.57955    -1.05799                                   In114
  49 115   6  15    -0.03358    -1.04948                                   In115
  49 116   7  22     0.54054    -0.67926                                   In116
  49 117   6  15     0.17413    -0.24420                                   In117
  49 118   6  18    -0.43448    -0.55295                                   In118
  49 119   6  15     0.02552    -0.63912                                   In119
  49 121   7  33     0.33522     0.62429                                   In121
  49 123   7  33     0.71664     1.30457                                   In123
  49 125   5  17    -0.32518     1.11128                                   In125
  49 127   6  15     1.13690     2.06498                                   In127
