  49 102   2  20    -0.01020     0.06813                                   In102
  49 104   2  20    -0.07411    -0.48775                                   In104
  49 105   6  15    -0.13588    -0.97710                                   In105
  49 106   6  21    -0.26782    -0.91333                                   In106
  49 107   5  17    -0.12949    -0.59793                                   In107
  49 108   7  36    -0.75343    -2.31904                                   In108
  49 109   7  36    -0.16257    -1.05493                                   In109
  49 110   7  36    -0.52676    -1.84110                                   In110
  49 111   7  36    -0.15250    -0.93941                                   In111
  49 113   6  15    -0.05513    -1.07430                                   In113
  49 114   4  16     0.48483    -1.11572                                   In114
  49 115   6  15     0.06055    -0.99175                                   In115
  49 116   7  22     0.43761    -0.72621                                   In116
  49 117   6  23     0.30763    -0.11215                                   In117
  49 118   6  18    -0.53422    -0.61053                                   In118
  49 119   6  15     0.12757    -0.59319                                   In119
  49 125   5  17    -0.38250     1.10255                                   In125
