  77 181   6  20     0.03940    -0.16313                                   Ir181
  77 182   2  26    -0.14873    -0.49560                                   Ir182
  77 184   2  26    -0.02268    -0.14176                                   Ir184
  77 185   4  22     0.08180    -0.02400                                   Ir185
  77 187   7  33     0.22732     0.43589                                   Ir187
  77 188   6  22     0.20137     0.45909                                   Ir188
  77 189   6  22    -0.04330     0.02148                                   Ir189
  77 190   7  22    -0.17339    -0.82271                                   Ir190
  77 191   7  22     0.00763    -0.38293                                   Ir191
  77 192   7  22     0.49125    -0.84274                                   Ir192
  77 193   4  34     0.98197    -0.17665                                   Ir193
  77 194   6  21    -0.07534    -0.79535                                   Ir194
  77 195   6  22    -0.11954    -0.21155                                   Ir195
  77 197   7  23    -0.13376     0.08851                                   Ir197
