  77 181   2  26    -0.04419    -0.15203                                   Ir181
  77 182   2  26    -0.17390    -0.50255                                   Ir182
  77 184   2  26    -0.05867    -0.14800                                   Ir184
  77 185   7  33     0.03458     0.12208                                   Ir185
  77 187   7  33     0.12165     0.42626                                   Ir187
  77 188   6  22     0.20126     0.45902                                   Ir188
  77 189   7  33     0.00096     0.00152                                   Ir189
  77 190   7  22    -0.19505    -0.83107                                   Ir190
  77 191   2  26    -0.13562    -0.48267                                   Ir191
  77 192   7  22     0.45461    -0.85595                                   Ir192
  77 193   7  22     0.85213    -0.20458                                   Ir193
  77 194   6  21    -0.06869    -0.79279                                   Ir194
  77 195   6  22    -0.05901    -0.19074                                   Ir195
  77 197   7  23    -0.16403     0.07672                                   Ir197
