  36  74   6  23     0.25380     1.59344                                   Kr074
  36  75   2  25    -0.14414    -0.66339                                   Kr075
  36  76   6  23     0.11298     1.15766                                   Kr076
  36  77   2  26    -0.20172    -0.48391                                   Kr077
  36  78   6  23     0.08458     1.30177                                   Kr078
  36  79   4  22    -0.13218    -0.47448                                   Kr079
  36  80   6  23     0.21243     1.68416                                   Kr080
  36  81   7  29    -0.15253    -0.44135                                   Kr081
  36  82   6  36     0.05613     0.09806                                   Kr082
  36  83   4  22    -0.74423    -1.90808                                   Kr083
  36  84   6  23    -0.51379     1.42849                                   Kr084
  36  85   7  29    -0.35678     0.24162                                   Kr085
  36  86   6  22     0.71252     1.83320                                   Kr086
  36  87   6  22    -0.79907    -0.71348                                   Kr087
  36  88   7  29     0.53320     1.14662                                   Kr088
  36  89   6  23     0.05573     0.19184                                   Kr089
  36  90   2  20     0.41349     0.68998                                   Kr090
  36  92   6  22     1.12192     1.61997                                   Kr092
