  57 127   4  22     0.05749    -0.11703                                   La127
  57 128   6  22     0.31329     0.62789                                   La128
  57 129   4  22     0.10107     0.06660                                   La129
  57 130   4  22    -0.01972    -0.15237                                   La130
  57 131   2  20     0.01598    -0.31207                                   La131
  57 132   2  26    -0.07139    -0.37067                                   La132
  57 133   2  20    -0.02017    -0.37806                                   La133
  57 134   7  34    -0.12303    -0.79031                                   La134
  57 135   4  22    -0.20819    -0.43972                                   La135
  57 136   5  43    -0.77350    -2.36076                                   La136
  57 137   6  15    -0.07789     0.06371                                   La137
  57 138   7  22    -0.31324    -0.98975                                   La138
  57 139   7  22     0.38619    -0.36930                                   La139
  57 140   6  21    -0.12043    -1.04906                                   La140
  57 141   6  22     0.02564    -0.07741                                   La141
  57 142   7  23     0.06400    -0.05936                                   La142
  57 143   2  20    -0.04665    -0.25759                                   La143
  57 144   6  22     0.11261    -0.01310                                   La144
  57 145   6  22     0.03540    -0.12311                                   La145
  57 146   6  22     0.28496     0.22246                                   La146
  57 147   4  22    -0.04502    -0.31223                                   La147
  57 148   6  22    -0.14969    -0.31339                                   La148
