  57 127   4  22    -0.03112    -0.14265                                   La127
  57 128   6  22     0.21207     0.61685                                   La128
  57 129   4  22     0.00636     0.04036                                   La129
  57 130   2  26    -0.01605    -0.03282                                   La130
  57 131   2  20    -0.07435    -0.34977                                   La131
  57 132   2  26    -0.12798    -0.39154                                   La132
  57 133   6  20     0.05580    -0.17991                                   La133
  57 134   6  21    -0.27865    -1.06608                                   La134
  57 135   2  26    -0.15489    -0.49302                                   La135
  57 136   5  43    -0.78754    -2.37569                                   La136
  57 137   6  15     0.01593     0.09828                                   La137
  57 138   7  22    -0.37530    -1.01855                                   La138
  57 139   6  23     0.29858    -0.41193                                   La139
  57 140   7  36    -0.17486    -0.92342                                   La140
  57 141   6  22    -0.04928    -0.11182                                   La141
  57 142   7  23    -0.14502    -0.20541                                   La142
  57 143   2  20    -0.11531    -0.28232                                   La143
  57 144   6  22    -0.04525    -0.06863                                   La144
  57 145   6  22    -0.08007    -0.17038                                   La145
  57 146   6  22     0.17029     0.21098                                   La146
  57 147   4  22    -0.16461    -0.34419                                   La147
  57 148   6  22    -0.24183    -0.33723                                   La148
