  71 163   2  26    -0.03056    -0.09863                                   Lu163
  71 166   6  23     0.53240    -0.05605                                   Lu166
  71 168   2  26    -0.01038    -0.18423                                   Lu168
  71 169   2  26    -0.05982    -0.20020                                   Lu169
  71 170   6  22    -0.11677    -0.30827                                   Lu170
  71 171   6  22    -0.05731    -0.17749                                   Lu171
  71 172   6  22    -0.20527    -0.48560                                   Lu172
  71 173   6  22    -0.00919    -0.02360                                   Lu173
  71 174   6  22    -0.63268    -0.33803                                   Lu174
  71 175   6  22    -0.05454    -0.12709                                   Lu175
  71 176   6  36     0.31728    -0.06703                                   Lu176
  71 177   2  20     0.28230    -0.09340                                   Lu177
  71 178   6  20     0.13675     0.22823                                   Lu178
  71 179   6  23     0.26787     0.58836                                   Lu179
