  71 163   2  26    -0.11540    -0.11531                                   Lu163
  71 166   6  23     0.34080    -0.08785                                   Lu166
  71 168   2  26     0.05594    -0.16911                                   Lu168
  71 169   2  26     0.03442    -0.18347                                   Lu169
  71 170   7  21    -0.05659    -0.33215                                   Lu170
  71 171   6  22    -0.23347    -0.22075                                   Lu171
  71 172   6  22    -0.12299    -0.46329                                   Lu172
  71 173   2  20     0.04363    -0.10097                                   Lu173
  71 174   6  22    -0.54451    -0.31128                                   Lu174
  71 175   6  22    -0.14928    -0.15687                                   Lu175
  71 176   6  15     0.40896    -0.06918                                   Lu176
  71 177   4  22     0.42601    -0.02135                                   Lu177
  71 179   6  15     0.08699     0.38400                                   Lu179
