  42  88   6  22     0.51439     2.34070                                   Mo088
  42  90   6  22     0.40163     1.73646                                   Mo090
  42  91   6  23    -0.09123     0.73235                                   Mo091
  42  92   6  36     0.24338     1.03695                                   Mo092
  42  93   6  23    -0.11805     0.00521                                   Mo093
  42  94   6  23     0.22514     1.45791                                   Mo094
  42  95   6  22    -0.36218     0.04349                                   Mo095
  42  96   5  38    -0.23740     1.04282                                   Mo096
  42  97   5  17    -0.86911    -1.64356                                   Mo097
  42  98   6  22    -0.51557     0.02415                                   Mo098
  42  99   6  22    -1.17526    -1.58007                                   Mo099
  42 100   6  23     0.00305     0.19658                                   Mo100
  42 101   6  22    -1.02205    -1.09015                                   Mo101
  42 102   6  23     0.17307     0.71914                                   Mo102
  42 103   2  20    -0.21312    -0.09937                                   Mo103
  42 104   6  22     0.33922     0.59272                                   Mo104
  42 105   6  22    -0.21434    -0.08895                                   Mo105
  42 106   6  22     0.36518     0.54387                                   Mo106
  42 107   6  22     0.06881     0.27915                                   Mo107
  42 108   6  22     0.70057     1.48835                                   Mo108
