  42  88   6  23     0.46229     2.34829                                   Mo088
  42  90   6  22     0.33228     1.71307                                   Mo090
  42  91   6  23     0.03749     0.78927                                   Mo091
  42  92   6  36     0.16829     0.98736                                   Mo092
  42  93   4  22     0.07157     0.12287                                   Mo093
  42  94   6  23     0.19850     1.44889                                   Mo094
  42  95   5  17    -0.21245     0.04310                                   Mo095
  42  96   5  38    -0.26525     1.03199                                   Mo096
  42  97   7  29    -0.68956    -1.45661                                   Mo097
  42  98   6  22    -0.60027    -0.05133                                   Mo098
  42  99   6  22    -1.06030    -1.45048                                   Mo099
  42 100   6  23     0.08276     0.23701                                   Mo100
  42 101   6  22    -0.83601    -0.95951                                   Mo101
  42 102   6  23     0.28864     0.76727                                   Mo102
  42 103   2  20    -0.03554    -0.04928                                   Mo103
  42 104   6  22     0.28014     0.57148                                   Mo104
  42 105   6  22    -0.02445    -0.03180                                   Mo105
  42 106   6  22     0.24034     0.48813                                   Mo106
  42 107   6  22     0.21692     0.31242                                   Mo107
  42 108   6  22     0.84434     1.52472                                   Mo108
