  41  89   6  23     0.15261     0.93581                                   Nb089
  41  90   5  17    -0.14658    -0.67639                                   Nb090
  41  91   2  25    -0.06838    -0.78312                                   Nb091
  41  93   6  36    -0.06408    -0.37721                                   Nb093
  41  94   4  37     0.09891    -0.44485                                   Nb094
  41  95   6  36     0.00951    -0.05650                                   Nb095
  41  96   6  15    -0.12018    -0.27819                                   Nb096
  41  97   6  22     0.04554     0.16513                                   Nb097
  41  98   7  16     0.03828     0.81173                                   Nb098
  41  99   6  23     0.32746     0.33668                                   Nb099
  41 101   4  22    -0.11938    -0.30338                                   Nb101
  41 103   6  22    -0.21240    -0.46111                                   Nb103
  41 105   6  22     0.60277     0.98112                                   Nb105
