  41  89   6  23     0.22405     0.95376                                   Nb089
  41  90   7  26    -0.02380    -0.48476                                   Nb090
  41  91   7  22    -0.05765    -2.27662                                   Nb091
  41  93   6  15     0.03812    -0.52377                                   Nb093
  41  94   6  23     0.26935    -0.29985                                   Nb094
  41  95   6  36     0.09294    -0.02329                                   Nb095
  41  96   6  23    -0.00424    -0.23956                                   Nb096
  41  97   6  22     0.13843     0.21248                                   Nb097
  41  98   6  16     0.14518     0.78480                                   Nb098
  41  99   6  23     0.35507     0.34760                                   Nb099
  41 101   4  22    -0.12870    -0.30615                                   Nb101
  41 103   6  22    -0.06803    -0.41168                                   Nb103
  41 105   6  22     0.75728     1.02343                                   Nb105
