  60 128   5  17     0.07990     1.46997                                   Nd128
  60 131   6  20    -0.19927    -0.16741                                   Nd131
  60 132   6  22     0.62314     2.09958                                   Nd132
  60 133   2  26    -0.23615    -0.51928                                   Nd133
  60 134   2  20     0.23086     0.79285                                   Nd134
  60 135   4  22    -0.17789    -0.27436                                   Nd135
  60 136   6  23     0.36220     1.50524                                   Nd136
  60 137   6  22     0.03593     0.33775                                   Nd137
  60 138   6  23     0.06058     0.72419                                   Nd138
  60 139   6  15    -0.45934    -0.83834                                   Nd139
  60 140   6  23     0.23968     1.36375                                   Nd140
  60 141   6  15    -0.09645     0.13771                                   Nd141
  60 142   6  23     0.11445     0.63747                                   Nd142
  60 143   7  29     0.13866     0.58859                                   Nd143
  60 144   6  22    -0.49652     0.26392                                   Nd144
  60 145   4  22    -0.21343    -0.74946                                   Nd145
  60 146   5  38    -0.24616     0.11074                                   Nd146
  60 147   4  22    -0.62508    -0.48943                                   Nd147
  60 148   6  22    -0.12944     0.30703                                   Nd148
  60 149   4  22    -0.73629    -0.85314                                   Nd149
  60 150   6  36     0.27941     0.52960                                   Nd150
  60 151   7  29     0.19171    -0.15630                                   Nd151
  60 152   6  23     0.43864     0.89736                                   Nd152
  60 156   6  17     1.29673     1.86995                                   Nd156
