  76 172   6  22     0.17491     0.61791                                   Os172
  76 174   2  20     0.13218     0.58202                                   Os174
  76 175   6  23     0.02978     0.11006                                   Os175
  76 177   6  22     0.06494     0.19253                                   Os177
  76 179   2  26    -0.06277    -0.16143                                   Os179
  76 181   7  21    -0.04836    -0.13270                                   Os181
  76 182   7  33     0.11665     0.39217                                   Os182
  76 183   6  22    -0.17629    -0.40101                                   Os183
  76 184   6  36     0.23292     0.66923                                   Os184
  76 185   6  22    -0.07520    -0.16384                                   Os185
  76 186   6  15     0.31704     0.85874                                   Os186
  76 187   7  29    -0.01977    -0.33137                                   Os187
  76 188   6  23     0.31962     0.38473                                   Os188
  76 189   4  22     0.20121    -0.26799                                   Os189
  76 190   6  23     0.42977     0.47536                                   Os190
  76 191   7  22     0.15227    -0.64783                                   Os191
  76 192   6  22     0.21142     0.49387                                   Os192
  76 193   6  22    -0.51114    -0.42915                                   Os193
  76 194   6  15     0.11852     0.39249                                   Os194
