  76 172   6  22     0.19715     0.62528                                   Os172
  76 174   2  20     0.14387     0.58385                                   Os174
  76 175   6  23    -0.15350     0.07794                                   Os175
  76 177   6  22    -0.12927     0.15783                                   Os177
  76 179   6  20    -0.25676    -0.21540                                   Os179
  76 180   2  20     0.12194     0.67052                                   Os180
  76 181   2  26    -0.24680    -0.18387                                   Os181
  76 182   6  36     0.06208     0.35678                                   Os182
  76 183   2  26    -0.33358    -0.40873                                   Os183
  76 184   6  23     0.34206     0.69569                                   Os184
  76 185   6  22    -0.24938    -0.20885                                   Os185
  76 186   6  15     0.28154     0.85178                                   Os186
  76 187   6  22    -0.20906    -0.43323                                   Os187
  76 188   6  23     0.29053     0.37528                                   Os188
  76 189   7  29     0.06810    -0.27197                                   Os189
  76 190   6  23     0.44149     0.47875                                   Os190
  76 191   7  22     0.01419    -0.70107                                   Os191
  76 192   6  22     0.37104     0.54709                                   Os192
  76 193   6  22    -0.69592    -0.49464                                   Os193
  76 194   6  23     0.18285     0.65380                                   Os194
