  46  97   6  36     0.01040     0.94387                                   Pd097
  46  98   6  23     0.12713     1.88498                                   Pd098
  46  99   6  15    -0.19951    -0.69666                                   Pd099
  46 100   6  23     0.16860     0.57392                                   Pd100
  46 101   6  21    -0.35891    -0.93731                                   Pd101
  46 102   6  23     0.13946     0.45103                                   Pd102
  46 103   6  21    -0.32279    -0.95036                                   Pd103
  46 104   6  23     0.12154     0.10882                                   Pd104
  46 105   4  22    -0.58541    -0.91576                                   Pd105
  46 106   5  38    -0.23303     0.47270                                   Pd106
  46 107   6  22    -0.75084    -0.60487                                   Pd107
  46 108   6  22    -0.55195     0.39344                                   Pd108
  46 109   6  22    -0.94761    -1.00754                                   Pd109
  46 110   6  23     0.26881     0.69457                                   Pd110
  46 111   6  22    -0.78522    -0.79750                                   Pd111
  46 112   6  23     0.34644     0.69054                                   Pd112
  46 113   6  22    -0.21643    -0.15641                                   Pd113
  46 114   6  23     0.63405     1.37031                                   Pd114
  46 116   6  22     0.07320     0.46697                                   Pd116
