  46  97   6  36     0.12358     0.98943                                   Pd097
  46  98   6  23     0.10234     1.87879                                   Pd098
  46  99   7  33    -0.03353    -0.25809                                   Pd099
  46 100   6  23     0.13939     0.55264                                   Pd100
  46 101   6  15    -0.22736    -0.87691                                   Pd101
  46 102   6  23     0.06653     0.39888                                   Pd102
  46 103   6  21    -0.26628    -0.89818                                   Pd103
  46 104   6  23     0.00407     0.01826                                   Pd104
  46 105   4  22    -0.50508    -0.87086                                   Pd105
  46 106   7  33    -0.33283     0.43615                                   Pd106
  46 107   6  22    -0.66759    -0.60920                                   Pd107
  46 108   6  22    -0.64188     0.37920                                   Pd108
  46 109   6  22    -0.81677    -0.93443                                   Pd109
  46 110   6  23     0.19143     0.67040                                   Pd110
  46 111   6  22    -0.64431    -0.72375                                   Pd111
  46 112   6  23     0.25501     0.65508                                   Pd112
  46 113   6  22    -0.07118    -0.10962                                   Pd113
  46 114   6  23     0.53004     1.34111                                   Pd114
  46 116   6  15     0.08845     0.28735                                   Pd116
