  61 139   4  22    -0.22907    -0.17711                                   Pm139
  61 140   2  25    -0.75268    -1.50775                                   Pm140
  61 141   6  15     0.01577     0.07102                                   Pm141
  61 142   6  22    -0.07356    -0.28857                                   Pm142
  61 143   6  15    -0.21512    -1.01498                                   Pm143
  61 144   6  23    -0.08962    -0.31123                                   Pm144
  61 145   6  20    -0.20857    -0.64870                                   Pm145
  61 146   6  21    -0.75485    -1.95169                                   Pm146
  61 147   6  23    -0.08633    -0.26617                                   Pm147
  61 148   7  29    -0.00013    -0.51503                                   Pm148
  61 149   4  22    -0.18933    -0.50721                                   Pm149
  61 150   6  22    -0.26269    -0.46975                                   Pm150
  61 151   4  22    -0.08710    -0.23011                                   Pm151
  61 153   4  22     0.02511     0.07237                                   Pm153
  61 155   6  22    -0.26931     0.28057                                   Pm155
