  61 139   5  17    -0.17774    -0.23967                                   Pm139
  61 140   2  25    -0.75404    -1.50891                                   Pm140
  61 141   6  23    -0.04815     0.18699                                   Pm141
  61 142   7  22    -0.04602    -0.24568                                   Pm142
  61 143   6  15    -0.29484    -1.08970                                   Pm143
  61 144   6  23    -0.04491    -0.29851                                   Pm144
  61 145   6  20    -0.09373    -0.57567                                   Pm145
  61 146   6  21    -0.68235    -1.88977                                   Pm146
  61 147   7  33     0.02794    -0.18123                                   Pm147
  61 148   7  29     0.13000    -0.46724                                   Pm148
  61 149   4  34    -0.24559    -0.50741                                   Pm149
  61 150   6  22    -0.15101    -0.43311                                   Pm150
  61 151   4  22    -0.18502    -0.25958                                   Pm151
  61 153   6  22    -0.04583     0.10250                                   Pm153
  61 155   6  22    -0.17144     0.29621                                   Pm155
