  84 196   6  15     0.39256     1.22427                                   Po196
  84 198   6  22     0.51038     1.59537                                   Po198
  84 199   6  15     0.69633     1.57442                                   Po199
  84 200   6  22     0.38085     1.06409                                   Po200
  84 202   6  20     0.36153     1.00841                                   Po202
  84 203   6  15    -0.00256    -0.00517                                   Po203
  84 204   6  23     0.44605     1.54012                                   Po204
  84 205   6  15     0.17865     0.56971                                   Po205
  84 206   6  23     0.42370     1.67036                                   Po206
  84 207   6  15     0.09924     0.34276                                   Po207
  84 208   6  23     0.39856     1.22069                                   Po208
  84 209   6  22     0.43767     0.77250                                   Po209
  84 210   2  20     0.15193     0.83636                                   Po210
