  84 196   6  15     0.41528     1.23076                                   Po196
  84 198   6  22     0.48124     1.58781                                   Po198
  84 200   6  22     0.32720     1.05156                                   Po200
  84 202   6  20     0.30104     0.99311                                   Po202
  84 203   6  15    -0.20347    -0.04687                                   Po203
  84 204   6  23     0.46723     1.54349                                   Po204
  84 205   5  17     0.00443     0.52041                                   Po205
  84 206   6  23     0.43787     1.67268                                   Po206
  84 207   5  17    -0.08866     0.28865                                   Po207
  84 208   6  23     0.42517     1.22937                                   Po208
  84 209   6  22     0.24437     0.69510                                   Po209
  84 210   6  23     0.01690     0.80803                                   Po210
