  59 129   6  20     0.09665    -0.06860                                   Pr129
  59 131   4  22     0.10341     0.12519                                   Pr131
  59 133   4  34    -0.03314    -0.35871                                   Pr133
  59 135   6  36     0.04226    -0.05621                                   Pr135
  59 136   2  26    -0.09317    -0.41069                                   Pr136
  59 137   6  20     0.09048    -0.27755                                   Pr137
  59 138   6  20     0.08568    -0.26283                                   Pr138
  59 139   5  17    -0.06787     0.10741                                   Pr139
  59 140   7  22    -0.13110    -0.69541                                   Pr140
  59 141   6  21    -0.29947    -1.08724                                   Pr141
  59 143   4  16    -0.08436    -0.23308                                   Pr143
  59 145   6  22    -0.08765     0.04515                                   Pr145
  59 147   6  23    -0.01393    -0.12577                                   Pr147
  59 148   6  16     0.34670     0.29166                                   Pr148
