  78 180   2  20     0.17399     0.68744                                   Pt180
  78 181   4  22    -0.06134    -0.17967                                   Pt181
  78 182   2  20     0.15116     0.52432                                   Pt182
  78 183   4  34    -0.08983    -0.23098                                   Pt183
  78 184   6  15     0.21216     0.70582                                   Pt184
  78 185   2  26    -0.07119    -0.18249                                   Pt185
  78 186   6  15     0.21562     0.68505                                   Pt186
  78 187   4  34    -0.08249    -0.21776                                   Pt187
  78 188   2  20     0.12163     0.46135                                   Pt188
  78 189   2  26    -0.05046    -0.09266                                   Pt189
  78 190   2  20     0.09612     0.35599                                   Pt190
  78 191   6  23    -0.20642    -0.52736                                   Pt191
  78 192   6  15     0.10235     0.34978                                   Pt192
  78 193   6  22    -0.21794    -0.70547                                   Pt193
  78 194   6  15     0.06722     0.25228                                   Pt194
  78 195   6  22    -0.20648    -0.59834                                   Pt195
  78 196   5  38    -0.01842     0.28186                                   Pt196
  78 197   6  22    -0.61713    -0.93745                                   Pt197
  78 198   6  15     0.07221     0.26407                                   Pt198
  78 199   6  22    -0.20671    -0.18125                                   Pt199
  78 200   6  23     0.50556     1.09365                                   Pt200
