  37  77   5  17    -0.06650    -0.41844                                   Rb077
  37  78   7  22    -0.11481    -1.27740                                   Rb078
  37  79   6  20    -0.24638    -0.84203                                   Rb079
  37  80   7  22    -0.16456    -0.47498                                   Rb080
  37  81   7  22    -0.07613    -0.46931                                   Rb081
  37  82   2  25    -0.08828    -0.75919                                   Rb082
  37  83   5  17    -0.22039    -0.54083                                   Rb083
  37  84   7  22     0.00023    -0.35116                                   Rb084
  37  85   2  20    -0.09138    -0.30246                                   Rb085
  37  86   2  25     0.11372    -0.76819                                   Rb086
  37  87   5  43     0.00607    -0.72294                                   Rb087
  37  88   7  21    -0.18586    -0.57687                                   Rb088
  37  89   6  22     0.17974     0.47520                                   Rb089
  37  90   7  22    -0.03656    -0.42913                                   Rb090
  37  91   4  22    -0.41909    -0.96169                                   Rb091
  37  92   6  22    -0.03086    -0.18260                                   Rb092
  37  93   6  22     0.20990     0.62190                                   Rb093
