  37  77   5  17    -0.01646    -0.38229                                   Rb077
  37  78   7  22    -0.10462    -1.27128                                   Rb078
  37  79   2  25    -0.13401    -0.86800                                   Rb079
  37  80   7  22    -0.17183    -0.47495                                   Rb080
  37  81   7  22    -0.02841    -0.52522                                   Rb081
  37  82   2  25    -0.05913    -0.74962                                   Rb082
  37  83   6  36    -0.01778    -0.09354                                   Rb083
  37  84   7  22    -0.03340    -0.35119                                   Rb084
  37  85   6  23    -0.10222    -0.28776                                   Rb085
  37  86   6  15     0.07754    -1.21503                                   Rb086
  37  87   5  43    -0.01557    -0.77012                                   Rb087
  37  88   7  21    -0.21719    -0.62168                                   Rb088
  37  89   6  22     0.10366     0.42260                                   Rb089
  37  90   6  23    -0.13760    -0.51564                                   Rb090
  37  91   6  15    -0.25897    -0.60372                                   Rb091
  37  92   6  22    -0.16087    -0.26566                                   Rb092
  37  93   6  22     0.26669     0.64473                                   Rb093
