  75 171   6  20    -0.00878    -0.03229                                   Re171
  75 175   7  33     0.03198     0.47197                                   Re175
  75 177   7  33     0.10114     0.37313                                   Re177
  75 179   6  22    -0.61250     0.12461                                   Re179
  75 181   2  20    -0.00423     0.00294                                   Re181
  75 183   2  20     0.01437     0.05128                                   Re183
  75 184   6  22    -0.01796    -0.03641                                   Re184
  75 185   2  20     0.12152     0.35825                                   Re185
  75 186   4  22     0.12271    -0.21194                                   Re186
  75 187   6  22    -0.06416    -0.15085                                   Re187
  75 188   6  15     0.36644    -0.08567                                   Re188
  75 189   2  20    -0.00232     0.01713                                   Re189
  75 191   7  21    -0.03022    -0.07490                                   Re191
