  44  93   6  15     0.86623     2.23273                                   Ru093
  44  94   6  22     0.53776     2.51904                                   Ru094
  44  95   6  23    -0.14076     1.01981                                   Ru095
  44  96   6  23     0.23467     1.78296                                   Ru096
  44  97   6  15    -0.20115    -0.56410                                   Ru097
  44  98   6  36     0.13684     0.46244                                   Ru098
  44  99   6  15    -0.22987    -0.66370                                   Ru099
  44 100   6  23    -0.00799     0.29828                                   Ru100
  44 101   4  35    -0.57863    -0.82870                                   Ru101
  44 102   6  22    -0.45004     0.62579                                   Ru102
  44 103   6  22    -1.11956    -1.04696                                   Ru103
  44 104   6  23     0.25973     0.84686                                   Ru104
  44 105   6  22    -1.05937    -1.18487                                   Ru105
  44 106   6  23     0.42561     1.18395                                   Ru106
  44 107   6  22    -0.33486    -0.36861                                   Ru107
  44 108   6  22     0.43406     0.76419                                   Ru108
  44 109   6  22    -0.40053    -0.56630                                   Ru109
  44 110   6  22     0.45470     0.91440                                   Ru110
  44 111   6  22    -0.59467    -0.92331                                   Ru111
  44 112   6  22     0.52936     0.92512                                   Ru112
