  44  94   6  22     0.46864     2.49806                                   Ru094
  44  95   6  23    -0.00719     1.12791                                   Ru095
  44  96   6  23     0.21085     1.77755                                   Ru096
  44  97   6  15    -0.04103    -0.44643                                   Ru097
  44  98   6  36     0.10703     0.44700                                   Ru098
  44  99   6  15    -0.11926    -0.60162                                   Ru099
  44 100   6  23    -0.10250     0.22288                                   Ru100
  44 101   4  22    -0.49685    -0.79871                                   Ru101
  44 102   6  22    -0.54457     0.57801                                   Ru102
  44 103   6  22    -0.99294    -0.97334                                   Ru103
  44 104   6  23     0.23778     0.83908                                   Ru104
  44 105   6  22    -0.87556    -1.06876                                   Ru105
  44 106   6  23     0.38895     1.17199                                   Ru106
  44 107   6  22    -0.14708    -0.27490                                   Ru107
  44 108   6  22     0.32149     0.71948                                   Ru108
  44 109   6  15    -0.36383    -0.80446                                   Ru109
  44 110   6  22     0.35287     0.87852                                   Ru110
  44 111   6  15    -0.49530    -0.98313                                   Ru111
  44 112   6  22     0.41371     0.88354                                   Ru112
