  51 108   2  20     0.07346     0.40488                                   Sb108
  51 109   2  20     0.00515     0.08271                                   Sb109
  51 111   2  20     0.00540     0.07355                                   Sb111
  51 112   6  20    -0.30661    -1.07916                                   Sb112
  51 113   2  20    -0.04843    -0.16617                                   Sb113
  51 114   7  33     0.09434     0.32892                                   Sb114
  51 115   2  20    -0.04983    -0.21651                                   Sb115
  51 116   6  21    -0.72167    -1.71769                                   Sb116
  51 117   2  26    -0.13020    -0.54912                                   Sb117
  51 118   7  36    -0.47774    -1.41252                                   Sb118
  51 119   2  26    -0.08429    -0.38407                                   Sb119
  51 120   6  20    -0.57497    -1.63639                                   Sb120
  51 121   7  36    -0.12641    -0.47750                                   Sb121
  51 122   4  16     0.36400    -1.30146                                   Sb122
  51 123   6  15     0.02150     0.08312                                   Sb123
  51 124   4  22    -0.03912    -0.71036                                   Sb124
  51 125   6  23     0.35939     0.87675                                   Sb125
  51 127   6  15     0.40105     1.07723                                   Sb127
  51 129   6  15     0.28344     1.14351                                   Sb129
  51 131   2  20     0.09719     0.67331                                   Sb131
  51 133   4  37    -0.44219    -2.45390                                   Sb133
