  51 108   2  20     0.21055     0.52330                                   Sb108
  51 109   2  20     0.10102     0.13075                                   Sb109
  51 111   2  20     0.08705     0.12571                                   Sb111
  51 112   6  20    -0.16464    -0.95069                                   Sb112
  51 113   2  20     0.02758    -0.10299                                   Sb113
  51 114   7  33     0.15214     0.33537                                   Sb114
  51 115   6  23     0.12905     0.21263                                   Sb115
  51 116   6  21    -0.53355    -1.52892                                   Sb116
  51 117   6  15    -0.12298    -0.96049                                   Sb117
  51 118   7  36    -0.35375    -1.27084                                   Sb118
  51 119   4  22    -0.11758    -0.41008                                   Sb119
  51 120   6  20    -0.52486    -1.58799                                   Sb120
  51 121   7  36    -0.21461    -0.53632                                   Sb121
  51 122   4  16     0.35982    -1.30343                                   Sb122
  51 123   6  15     0.00476     0.07828                                   Sb123
  51 124   4  37     0.03526    -0.59167                                   Sb124
  51 125   6  15     0.27969     0.75698                                   Sb125
  51 127   6  15     0.49205     1.08441                                   Sb127
  51 129   6  15     0.38114     1.15247                                   Sb129
  51 130   4  22     0.01217    -0.02430                                   Sb130
  51 131   2  20     0.16610     0.69661                                   Sb131
  51 133   4  37    -0.43639    -2.49248                                   Sb133
  51 135   5  33    -0.40143     0.74246                                   Sb135
