  34  69   6  21     0.07787     0.41476                                   Se069
  34  70   6  22     0.46168     2.51563                                   Se070
  34  72   6  22     0.36343     1.71960                                   Se072
  34  73   7  22    -0.34080    -1.44434                                   Se073
  34  74   6  23     0.15993     0.98250                                   Se074
  34  75   4  22    -0.14947    -0.55721                                   Se075
  34  76   6  23     0.19030     1.34590                                   Se076
  34  77   4  22    -0.64033    -1.65702                                   Se077
  34  78   5  17    -0.54144    -0.81162                                   Se078
  34  79   7  36    -0.64878    -2.54844                                   Se079
  34  80   6  23     0.10375     0.09400                                   Se080
  34  81   6  15     0.01940    -0.93191                                   Se081
  34  82   6  23    -0.11637     0.11270                                   Se082
  34  83   6  21    -0.37569    -1.38216                                   Se083
  34  84   6  23     0.61266     1.49403                                   Se084
