  62 137   6  15     0.25727     1.19885                                   Sm137
  62 138   6  22     0.36506     1.32561                                   Sm138
  62 139   2  20     0.44840    -0.14179                                   Sm139
  62 141   6  15     0.17895    -0.53260                                   Sm141
  62 142   6  23     0.10512     1.48814                                   Sm142
  62 143   6  23    -0.08201     0.26028                                   Sm143
  62 144   2  20    -0.02180    -0.03174                                   Sm144
  62 145   6  23    -0.16777    -0.12268                                   Sm145
  62 146   6  23     0.36639     0.94623                                   Sm146
  62 147   6  15    -0.67719    -1.26145                                   Sm147
  62 148   6  23     0.06541     0.57903                                   Sm148
  62 149   4  22    -0.21835    -0.60657                                   Sm149
  62 150   5  54    -0.37883     0.39724                                   Sm150
  62 151   4  22    -0.61673    -0.93790                                   Sm151
  62 152   5  38     0.00454     0.47273                                   Sm152
  62 153   6  22    -0.48968    -0.85334                                   Sm153
  62 154   6  15     0.15833     0.50003                                   Sm154
  62 155   6  22    -0.34819    -0.07642                                   Sm155
  62 156   6  15     0.15398     0.52501                                   Sm156
