  50 108   6  23     0.40585     2.13138                                   Sn108
  50 109   4  22    -0.10164    -0.30286                                   Sn109
  50 110   2  20     0.27489     0.74932                                   Sn110
  50 111   4  37    -0.11105    -0.43021                                   Sn111
  50 112   6  22     0.12276     0.49966                                   Sn112
  50 113   7  22     0.39220    -0.92956                                   Sn113
  50 114   4  37    -0.25706    -1.10115                                   Sn114
  50 115   7  22     0.48786    -0.18725                                   Sn115
  50 116   6  23     0.00331     0.02397                                   Sn116
  50 117   6  15     0.41082    -0.09717                                   Sn117
  50 118   2  20     0.31760     0.32317                                   Sn118
  50 119   7  22     0.21535    -0.72806                                   Sn119
  50 120   2  20     0.32088    -0.15553                                   Sn120
  50 121   4  22    -0.03437    -0.64961                                   Sn121
  50 122   6  23     0.38965     1.05215                                   Sn122
  50 123   6  22     0.10872     0.10853                                   Sn123
  50 124   6  23     0.48560     1.44473                                   Sn124
  50 125   6  22     0.57275     0.76183                                   Sn125
  50 126   6  22     0.68995     1.66982                                   Sn126
  50 127   6  36     0.28222     0.71382                                   Sn127
  50 129   2  20     0.28469     0.28040                                   Sn129
