  38  78   2  20     0.00983     0.52432                                   Sr078
  38  79   2  20    -0.27614    -0.55792                                   Sr079
  38  80   6  23     0.22812     1.24029                                   Sr080
  38  81   6  20    -0.23313    -0.85271                                   Sr081
  38  82   6  22     0.33439     2.01755                                   Sr082
  38  83   7  22     0.33838    -0.20438                                   Sr083
  38  84   6  23     0.24056     1.97132                                   Sr084
  38  85   7  26     0.18327    -0.93833                                   Sr085
  38  86   6  23     0.25588     1.48658                                   Sr086
  38  87   6  38    -0.43103    -2.68820                                   Sr087
  38  88   2  20     0.66788     1.04386                                   Sr088
  38  89   6  15     0.24654     0.73943                                   Sr089
  38  90   6  23     0.80824     2.25028                                   Sr090
  38  91   6  22     0.58493     1.46944                                   Sr091
  38  93   6  23    -0.17840    -0.26630                                   Sr093
  38  94   2  20     0.81232     1.21370                                   Sr094
  38  95   6  22     0.07700     0.17991                                   Sr095
  38  96   6  22     0.48186     0.96617                                   Sr096
