  73 167   6  20    -0.20902    -0.29928                                   Ta167
  73 169   4  22    -0.02490    -0.26349                                   Ta169
  73 171   2  26    -0.33136    -0.42378                                   Ta171
  73 172   6  23     0.00037    -0.04693                                   Ta172
  73 175   6  20     0.09790    -0.30018                                   Ta175
  73 177   6  22    -0.11187    -0.08769                                   Ta177
  73 179   2  20     0.08345    -0.02589                                   Ta179
  73 180   7  21     0.05650    -0.17773                                   Ta180
  73 181   6  22     0.39134     0.31349                                   Ta181
  73 182   4  22     0.07216    -0.18653                                   Ta182
  73 183   6  22     0.00293     0.22999                                   Ta183
  73 185   6  22     0.48443     0.72133                                   Ta185
