  73 167   7  33    -0.02105    -0.06474                                   Ta167
  73 169   7  33    -0.01513    -0.03176                                   Ta169
  73 171   2  26    -0.36791    -0.43330                                   Ta171
  73 172   4  22    -0.03453    -0.08716                                   Ta172
  73 175   6  20    -0.06608    -0.20164                                   Ta175
  73 177   6  22    -0.02439    -0.07323                                   Ta177
  73 179   6  22     0.00532     0.01378                                   Ta179
  73 180   4  34    -0.05090    -0.22035                                   Ta180
  73 181   6  22     0.47663     0.32491                                   Ta181
  73 182   4  22    -0.02731    -0.20575                                   Ta182
  73 183   6  22    -0.07373     0.21732                                   Ta183
  73 185   6  24     0.39326     0.78658                                   Ta185
