  43  92   5  17     0.06358     0.18919                                   Tc092
  43  93   2  20    -0.04307    -0.60690                                   Tc093
  43  94   6  22    -0.53433    -0.39746                                   Tc094
  43  95   2  20     0.07745     0.03471                                   Tc095
  43  96   4  37    -0.44481    -0.95932                                   Tc096
  43  97   7  22    -0.16064    -1.24868                                   Tc097
  43  98   7  22    -0.25724    -1.28728                                   Tc098
  43  99   2  26     0.01696    -0.60535                                   Tc099
  43 100   7  36    -0.15773    -0.80755                                   Tc100
  43 101   7  22    -0.13216    -0.50059                                   Tc101
  43 102   6  22    -0.49414    -0.33298                                   Tc102
  43 103   7  22    -0.13369    -0.45854                                   Tc103
  43 104   6  19     0.26202     0.31671                                   Tc104
  43 105   2  26    -0.08926    -0.59709                                   Tc105
  43 106   6  16    -0.02580    -0.10590                                   Tc106
  43 107   6  22    -0.15484    -0.09395                                   Tc107
