  52 114   6  23     0.45171     1.79276                                   Te114
  52 116   6  23     0.57669     2.37074                                   Te116
  52 117   6  22     0.03549     0.64653                                   Te117
  52 118   6  23     0.14281     1.26855                                   Te118
  52 119   6  22    -0.17302    -0.13776                                   Te119
  52 120   6  23     0.25146     1.43884                                   Te120
  52 121   6  22    -0.17556    -0.13264                                   Te121
  52 122   6  36     0.02089     0.56230                                   Te122
  52 123   6  15    -0.07637    -0.77612                                   Te123
  52 124   7  36     0.01082    -0.08654                                   Te124
  52 125   6  15    -0.03163    -1.01492                                   Te125
  52 126   6  23    -0.18860     0.45819                                   Te126
  52 127   5  54    -0.65046    -0.59906                                   Te127
  52 128   6  23     0.32166     1.22406                                   Te128
  52 129   6  22    -0.41644     0.08323                                   Te129
  52 130   6  23     0.28306     1.46786                                   Te130
  52 131   6  15     0.31019     0.46007                                   Te131
  52 132   6  23     0.39959     1.54846                                   Te132
  52 133   2  20     0.02922     0.56589                                   Te133
