  52 114   6  23     0.36855     1.76459                                   Te114
  52 116   6  23     0.49175     2.34681                                   Te116
  52 117   6  22     0.18987     0.67180                                   Te117
  52 118   6  23     0.27188     1.29675                                   Te118
  52 119   6  22    -0.02513    -0.07994                                   Te119
  52 120   6  23     0.38262     1.48326                                   Te120
  52 121   6  22    -0.03160    -0.08489                                   Te121
  52 122   6  36     0.09907     0.60425                                   Te122
  52 123   6  21    -0.01468    -0.78782                                   Te123
  52 124   7  36     0.12565    -0.00891                                   Te124
  52 125   6  15     0.13585    -0.90184                                   Te125
  52 126   7  29    -0.00032     0.59509                                   Te126
  52 127   5  38    -0.42603    -0.50288                                   Te127
  52 128   6  23     0.36699     1.23433                                   Te128
  52 129   7  33    -0.21620     0.21246                                   Te129
  52 130   6  23     0.31696     1.47573                                   Te130
  52 131   6  23     0.52206     0.65077                                   Te131
  52 132   6  23     0.51955     1.57369                                   Te132
  52 133   2  20     0.14323     0.59979                                   Te133
