  69 153   2  20    -0.02822    -0.07740                                   Tm153
  69 157   4  18    -0.10169    -0.40126                                   Tm157
  69 159   2  26    -0.06137    -0.23953                                   Tm159
  69 160   4  22    -0.01784    -0.02667                                   Tm160
  69 161   2  26    -0.05510    -0.22361                                   Tm161
  69 162   7  20     0.16783     0.50631                                   Tm162
  69 163   2  26    -0.09072    -0.38752                                   Tm163
  69 164   7  33     0.02983     0.10933                                   Tm164
  69 165   7  22    -0.11182    -0.43944                                   Tm165
  69 167   7  22    -0.11841    -0.41068                                   Tm167
  69 168   4  37    -0.23393    -0.56518                                   Tm168
  69 169   6  22    -0.12416    -0.33797                                   Tm169
  69 170   6  22     0.13164    -0.21766                                   Tm170
  69 171   6  22     0.21606     0.09137                                   Tm171
  69 172   6  22     0.00039     0.01748                                   Tm172
  69 173   6  15     0.15785     0.35638                                   Tm173
  69 175   2  20    -0.34866     0.12547                                   Tm175
