  74 170   2  20     0.02239     0.62108                                   W170
  74 175   6  22    -0.18050     0.01900                                   W175
  74 176   7  33     0.11882     0.51762                                   W176
  74 177   6  22    -0.28443    -0.27015                                   W177
  74 178   6  15     0.10216     0.52802                                   W178
  74 179   6  20    -0.23297    -0.16039                                   W179
  74 180   6  15     0.29369     0.62980                                   W180
  74 181   6  22    -0.27453    -0.32135                                   W181
  74 182   6  23     0.39422     0.81257                                   W182
  74 183   6  22    -0.45966    -0.05345                                   W183
  74 184   5  38    -0.07213     0.66671                                   W184
  74 185   6  22    -0.15936     0.00706                                   W185
  74 186   6  23     0.13882     0.34596                                   W186
  74 187   5  54    -0.19545    -0.09421                                   W187
  74 188   6  23     0.42532     0.95423                                   W188
