  39  80   2  20    -0.00752    -0.18161                                   Y080
  39  82   2  20    -0.01347    -0.31411                                   Y082
  39  83   7  22    -0.03948    -0.48266                                   Y083
  39  85   7  22    -0.00217    -0.22708                                   Y085
  39  86   7  26    -0.07035    -1.81697                                   Y086
  39  87   5  17    -0.03591    -0.75929                                   Y087
  39  88   7  36    -0.50461    -2.62187                                   Y088
  39  89   7  26    -0.45057    -2.44751                                   Y089
  39  90   2  25     0.03508    -0.99072                                   Y090
  39  91   6  22    -0.57098    -0.81345                                   Y091
  39  93   6  22     0.02922     0.11783                                   Y093
  39  95   6  22     0.65909     1.32511                                   Y095
  39  99   6  22     0.29278     0.64390                                   Y099
