  39  80   2  20     0.02153    -0.16815                                   Y080
  39  82   2  20     0.01031    -0.31021                                   Y082
  39  83   7  22    -0.10103    -0.49005                                   Y083
  39  85   7  22     0.06867    -0.22709                                   Y085
  39  86   4  16    -0.19680    -2.46903                                   Y086
  39  87   5  17     0.02828    -0.73986                                   Y087
  39  88   7  36    -0.60963    -2.68888                                   Y088
  39  89   7  26    -0.34550    -2.31223                                   Y089
  39  90   7  22     0.29815    -0.53166                                   Y090
  39  91   6  22    -0.54672    -0.81287                                   Y091
  39  93   6  22     0.08438     0.14067                                   Y093
  39  95   6  22     0.81317     1.38261                                   Y095
  39  97   6  22     1.33274     1.44809                                   Y097
  39  99   6  22     0.12012     0.60612                                   Y099
