  70 160   2  20     0.02100     0.59775                                   Yb160
  70 162   2  20     0.14147     0.59095                                   Yb162
  70 163   2  26    -0.07025    -0.19066                                   Yb163
  70 164   2  20     0.11891     0.54599                                   Yb164
  70 165   6  22    -0.08362    -0.23786                                   Yb165
  70 166   6  15     0.09440     0.33983                                   Yb166
  70 167   4  22    -0.19994    -0.54873                                   Yb167
  70 168   6  15     0.06294     0.21324                                   Yb168
  70 169   6  36     0.27401    -0.12992                                   Yb169
  70 170   6  22    -0.06940     0.03375                                   Yb170
  70 171   7  21     0.12947    -0.03408                                   Yb171
  70 172   6  22     0.22368     0.36696                                   Yb172
  70 173   2  20     0.07609    -0.17018                                   Yb173
  70 174   6  22     0.52163     0.55130                                   Yb174
  70 175   2  20     0.35564    -0.14469                                   Yb175
  70 176   6  22     0.16782     0.24797                                   Yb176
  70 177   2  20     0.24480    -0.21239                                   Yb177
  70 178   6  15     0.46559     0.88963                                   Yb178
