  30  60   6  23     0.41583     2.26158                                   Zn060
  30  61   6  23     0.00036    -0.04352                                   Zn061
  30  62   6  23     0.31920     1.63499                                   Zn062
  30  63   6  15    -0.06738    -0.41906                                   Zn063
  30  64   6  36     0.27418     1.15108                                   Zn064
  30  65   6  22    -0.16997    -0.06927                                   Zn065
  30  66   2  20     0.28321     1.13544                                   Zn066
  30  67   7  36    -0.29132    -1.26749                                   Zn067
  30  68   4  37     0.03284    -0.04623                                   Zn068
  30  69   4  22    -0.27510    -0.91262                                   Zn069
  30  70   6  22    -0.08072     0.71282                                   Zn070
  30  71   6  22     0.54418     0.86103                                   Zn071
  30  72   6  23     0.17064     1.54543                                   Zn072
  30  75   6  23    -0.54754    -0.97227                                   Zn075
