  30  60   6  23     0.38951     2.24038                                   Zn060
  30  61   6  23    -0.01634    -0.05680                                   Zn061
  30  62   6  23     0.23411     1.57791                                   Zn062
  30  63   6  15    -0.06304    -0.41511                                   Zn063
  30  64   6  36     0.16695     1.06148                                   Zn064
  30  65   6  22    -0.16995    -0.06949                                   Zn065
  30  66   2  20     0.17551     1.08484                                   Zn066
  30  67   7  36    -0.29087    -1.26711                                   Zn067
  30  68   4  37    -0.05073    -0.15398                                   Zn068
  30  69   6  23    -0.10721    -0.67477                                   Zn069
  30  70   6  23     0.03537     0.80260                                   Zn070
  30  71   6  22     0.74705     0.93716                                   Zn071
  30  72   6  23     0.29494     1.58832                                   Zn072
  30  74   6  15     0.09801     0.24788                                   Zn074
  30  75   6  23    -0.33960    -0.73152                                   Zn075
