 n-Be007.res.tendl.2023: Merger of MF1 and MF2                      99 0  0    0
 4.007000+3 6.956651+0          1          0          0          0 419 1451    1
 0.000000+0 0.000000+0          0          0          0          6 419 1451    2
 1.000000+0 2.000000+7          0          0         10          8 419 1451    3
 0.000000+0 0.000000+0          0          0          1          2 419 1451    4
  4-Be-  7 LANL       EVAL-JUN16 I.Thompson, P.R.Page              419 1451    5
 NDS 148, 1 (2018)    DIST-FEB18                                   419 1451    6
----ENDF/B-VIII.0     MATERIAL  419                                419 1451    7
-----INCIDENT NEUTRON DATA                                         419 1451    8
------ENDF-6 FORMAT                                                419 1451    9
                                                                   419 1451   10
                                1        451         12          0 419 1451   11
                                2        151          4          0 419 1451   12
                                                                   419 1  099999
                                                                   419 0  0    0
 4.007000+3 6.956651+0          0          0          1          0 419 2151    1
 4.007000+3 1.000000+0          0          0          1          0 419 2151    2
 1.000000-5 2.000000+2          0          0          0          0 419 2151    3
 1.500000+0 1.231700+0          0          0          0          0 419 2151    4
 0.000000+0 0.000000+0          0          0          0          0 419 2  0    5
 0.000000+0 0.000000+0          0          0          0          0 419 0  0    0
                                                                     0 0  0    0
                                                                    -1 0  0    0
