 n-Be011.res.tendl.2023: Merger of MF1 and MF2                      99 0  0    0
 4.011000+3 1.092698+1          1          0         17          1 431 1451    1
 0.000000+0 0.000000+0          0          0          0          6 431 1451    2
 1.000000+0 2.000000+8          1          0         10       2023 431 1451    3
 0.000000+0 0.000000+0          0          0          1          2 431 1451    4
  4-Be- 11 IAEA       EVAL-AUG24 A.J. Koning and D. Rochman        431 1451    5
 TENDL-2023           DIST-      REV1-                             431 1451    6
----TENDL-2023        Material  431         REVISION 1             431 1451    7
-----Incident neutron  data                                        431 1451    8
------ENDF-6 Format                                                431 1451    9
                                                                   431 1451   10
                                1        451         12          0 431 1451   11
                                2        151          7          0 431 1451   12
                                                                   431 1  099999
                                                                   431 0  0    0
 4.011000+3 1.092698+1          0          0          1          0 431 2151    1
 4.011000+3 1.000000+0          0          0          1          0 431 2151    2
 1.000000-5 1.011728+7          1          2          0          1 431 2151    3
 5.000000-1 3.871660-1          0          0          1          0 431 2151    4
 1.092697+1 0.000000+0          0          0         12          2 431 2151    5
-1.006695+7 1.000000+0 1.569016+7 1.569016+7 6.831345-1 0.000000+0 431 2151    6
 1.006695+7 1.000000+0 1.569016+7 1.569016+7 6.831345-1 0.000000+0 431 2151    7
                                                                   431 2  0    8
                                                                   431 0  0    0
                                                                     0 0  0    0
                                                                    -1 0  0    0
