 n-Be010.res.tendl.2023: Merger of MF1 and MF2                      99 0  0    0
 4.010000+3 9.927513+0          1          0         17          1 428 1451    1
 0.000000+0 0.000000+0          0          0          0          6 428 1451    2
 1.000000+0 2.000000+8          1          0         10       2023 428 1451    3
 0.000000+0 0.000000+0          0          0          1          2 428 1451    4
  4-Be- 10 IAEA       EVAL-AUG24 A.J. Koning and D. Rochman        428 1451    5
 TENDL-2023           DIST-      REV1-                             428 1451    6
----TENDL-2023        Material  428         REVISION 1             428 1451    7
-----Incident neutron  data                                        428 1451    8
------ENDF-6 Format                                                428 1451    9
                                                                   428 1451   10
                                1        451         12          0 428 1451   11
                                2        151          6          0 428 1451   12
                                                                   428 1  099999
                                                                   428 0  0    0
 4.010000+3 9.927513+0          0          0          1          0 428 2151    1
 4.010000+3 1.000000+0          0          0          1          0 428 2151    2
 1.000000-5 1.250101+6          1          2          0          1 428 2151    3
 0.000000+0 3.072090-1          0          0          1          0 428 2151    4
 9.927511+0 0.000000+0          0          0          6          1 428 2151    5
-3.476091+5 5.000000-1 2.408309+7 2.408309+7 6.638782-1 0.000000+0 428 2151    6
                                                                   428 2  0    7
                                                                   428 0  0    0
                                                                     0 0  0    0
                                                                    -1 0  0    0
