 n-C012.res.tendl.2023: Merger of MF1 and MF2                       99 0  0    0
 6012.00000 11.8936500          1          0          0          0 625 1451    1
 0.0        0.0                 0          0          0          6 625 1451    2
 1.00000000 20000000.0          0          0         10          8 625 1451    3
 0.0        0.0                 0          0          1          2 625 1451    4
  6-C - 12 LANL,ORNL  EVAL-AUG15 G.M. Hale, P.G. Young, C.Y. Fu    625 1451    5
 NDS 148, 1 (2018)    DIST-FEB18                                   625 1451    6
----ENDF/B-VIII.0     MATERIAL  625                                625 1451    7
-----INCIDENT NEUTRON DATA                                         625 1451    8
------ENDF-6 FORMAT                                                625 1451    9
                                                                   625 1451   10
                                1        451         12          0 625 1451   11
                                2        151          4          0 625 1451   12
                                                                   625 1  099999
                                                                   625 0  0    0
 6012.00000 11.8936500          0          0          1          0 625 2151    1
 6.012000+3 1.000000+0          0          0          1          0 625 2151    2
 1.000000-5 1.000000+5          0          0          0          0 625 2151    3
 0.000000+0 6.146927-1          0          0          0          0 625 2151    4
                                                                   625 2  0    5
                                                                   625 0  0    0
                                                                     0 0  0    0
                                                                    -1 0  0    0
