 n-C010.res.tendl.2023: Merger of MF1 and MF2                       99 0  0    0
 6.010000+3 9.930803+0          1          0         17          1 619 1451    1
 0.000000+0 0.000000+0          0          0          0          6 619 1451    2
 1.000000+0 2.000000+8          1          0         10       2023 619 1451    3
 0.000000+0 0.000000+0          0          0          1          2 619 1451    4
  6-C - 10 IAEA       EVAL-AUG24 A.J. Koning and D. Rochman        619 1451    5
 TENDL-2023           DIST-      REV1-                             619 1451    6
----TENDL-2023        Material  619         REVISION 1             619 1451    7
-----Incident neutron  data                                        619 1451    8
------ENDF-6 Format                                                619 1451    9
                                                                   619 1451   10
                                1        451         12          0 619 1451   11
                                2        151          7          0 619 1451   12
                                                                   619 1  099999
                                                                   619 0  0    0
 6.010000+3 9.930803+0          0          0          1          0 619 2151    1
 6.010000+3 1.000000+0          0          0          1          0 619 2151    2
 1.000000-5 2.656707+5          1          2          0          1 619 2151    3
 0.000000+0 5.512600-1          0          0          1          0 619 2151    4
 9.930803+0 0.000000+0          0          0         12          2 619 2151    5
-1.441982+5 5.000000-1 7.176419+4 7.176352+4 6.638782-1 0.000000+0 619 2151    6
 2.643490+5 5.000000-1 7.176419+4 7.176352+4 6.638782-1 0.000000+0 619 2151    7
                                                                   619 2  0    8
                                                                   619 0  0    0
                                                                     0 0  0    0
                                                                    -1 0  0    0
