 n-C011.res.tendl.2023: Merger of MF1 and MF2                       99 0  0    0
 6.011000+3 1.091684+1          1          0         17          1 622 1451    1
 0.000000+0 0.000000+0          0          0          0          6 622 1451    2
 1.000000+0 2.000000+8          1          0         10       2023 622 1451    3
 0.000000+0 0.000000+0          0          0          1          2 622 1451    4
  6-C - 11 IAEA       EVAL-AUG24 A.J. Koning and D. Rochman        622 1451    5
 TENDL-2023           DIST-      REV1-                             622 1451    6
----TENDL-2023        Material  622         REVISION 1             622 1451    7
-----Incident neutron  data                                        622 1451    8
------ENDF-6 Format                                                622 1451    9
                                                                   622 1451   10
                                1        451         12          0 622 1451   11
                                2        151          6          0 622 1451   12
                                                                   622 1  099999
                                                                   622 0  0    0
 6.011000+3 1.091684+1          0          0          1          0 622 2151    1
 6.011000+3 1.000000+0          0          0          1          0 622 2151    2
 1.000000-5 5.050100+4          1          2          0          1 622 2151    3
 1.500000+0 6.006500-1          0          0          1          0 622 2151    4
 1.091684+1 0.000000+0          0          0          6          1 622 2151    5
-1.352646+5 2.000000+0 5.311871+4 5.311803+4 6.831345-1 0.000000+0 622 2151    6
                                                                   622 2  0    7
                                                                   622 0  0    0
                                                                     0 0  0    0
                                                                    -1 0  0    0
