 n-F018.res.tendl.2023: Merger of MF1 and MF2                       99 0  0    0
 9.018000+3 1.784630+1          1          0         17          1 922 1451    1
 0.000000+0 0.000000+0          0          0          0          6 922 1451    2
 1.000000+0 2.000000+8          1          0         10       2023 922 1451    3
 0.000000+0 0.000000+0          0          0          1          2 922 1451    4
  9-F - 18 IAEA       EVAL-AUG24 A.J. Koning and D. Rochman        922 1451    5
 TENDL-2023           DIST-      REV1-                             922 1451    6
----TENDL-2023        Material  922         REVISION 1             922 1451    7
-----Incident neutron  data                                        922 1451    8
------ENDF-6 Format                                                922 1451    9
                                                                   922 1451   10
                                1        451         12          0 922 1451   11
                                2        151          7          0 922 1451   12
                                                                   922 1  099999
                                                                   922 0  0    0
 9.018000+3 1.784630+1          0          0          1          0 922 2151    1
 9.018000+3 1.000000+0          0          0          1          0 922 2151    2
 1.000000-5 5.263687+4          1          2          0          1 922 2151    3
 1.000000+0 5.379810-1          0          0          1          0 922 2151    4
 1.784630+1 0.000000+0          0          0         12          2 922 2151    5
-1.496721+4 1.500000+0 1.638555+3 1.637763+3 7.918997-1 0.000000+0 922 2151    6
 5.237500+4 1.500000+0 1.638555+3 1.637763+3 7.918997-1 0.000000+0 922 2151    7
                                                                   922 2  0    8
                                                                   922 0  0    0
                                                                     0 0  0    0
                                                                    -1 0  0    0
