 n-F019.res.tendl.2023: Merger of MF1 and MF2                       99 0  0    0
 9.019000+3 1.883500+1          1          0          0          1 925 1451    1
 0.000000+0 0.000000+0          0          0          0          6 925 1451    2
 1.000000+0 2.000000+7          0          0         10          8 925 1451    3
 0.000000+0 0.000000+0          0          0          1          2 925 1451    4
  9-F - 19 CNDC,ORNL  EVAL-OCT03 Z.X.Zhao,C.Y.Fu,D.C.Larson, Leal+ 925 1451    5
 NDS 148, 1 (2018)    DIST-FEB18                       20111222    925 1451    6
----ENDF/B-VIII.0     MATERIAL  925                                925 1451    7
-----INCIDENT NEUTRON DATA                                         925 1451    8
------ENDF-6 FORMAT                                                925 1451    9
                                                                   925 1451   10
                                1        451         12          0 925 1451   11
                                2        151          4          0 925 1451   12
                                                                   925 1  099999
                                                                   925 0  0    0
 9.019000+3 1.883500+1          0          0          1          0 925 2151    1
 9.019000+3 1.000000+0          0          0          1          0 925 2151    2
 1.000000-5 2.000000+7          0          0          0          0 925 2151    3
 5.000000-1 5.360000-1          0          0          0          0 925 2151    4
                                                                   925 2  0    5
                                                                   925 0  0    0
                                                                     0 0  0    0
                                                                    -1 0  0    0
