 n-F017.res.tendl.2023: Merger of MF1 and MF2                       99 0  0    0
 9.017000+3 1.685604+1          1          0         17          1 919 1451    1
 0.000000+0 0.000000+0          0          0          0          6 919 1451    2
 1.000000+0 2.000000+8          1          0         10       2023 919 1451    3
 0.000000+0 0.000000+0          0          0          1          2 919 1451    4
  9-F - 17 IAEA       EVAL-AUG24 A.J. Koning and D. Rochman        919 1451    5
 TENDL-2023           DIST-      REV1-                             919 1451    6
----TENDL-2023        Material  919         REVISION 1             919 1451    7
-----Incident neutron  data                                        919 1451    8
------ENDF-6 Format                                                919 1451    9
                                                                   919 1451   10
                                1        451         12          0 919 1451   11
                                2        151          7          0 919 1451   12
                                                                   919 1  099999
                                                                   919 0  0    0
 9.017000+3 1.685604+1          0          0          1          0 919 2151    1
 9.017000+3 1.000000+0          0          0          1          0 919 2151    2
 1.000000-5 5.563177+4          1          2          0          1 919 2151    3
 2.500000+0 5.396620-1          0          0          1          0 919 2151    4
 1.685604+1 0.000000+0          0          0         12          2 919 2151    5
-1.715020+4 3.000000+0 1.962594+3 1.961816+3 7.784363-1 0.000000+0 919 2151    6
 5.535500+4 3.000000+0 1.962594+3 1.961816+3 7.784363-1 0.000000+0 919 2151    7
                                                                   919 2  0    8
                                                                   919 0  0    0
                                                                     0 0  0    0
                                                                    -1 0  0    0
