 n-H003.res.tendl.2023: Merger of MF1 and MF2                       99 0  0    0
 1003.00000 2.98959600          1          0          0          1 131 1451    1
 0.0        1.00000000          0          0          0          6 131 1451    2
 1.00000000 20000000.0          0          0         10          8 131 1451    3
 0.0        0.0                 0          0          1          2 131 1451    4
  1-H -  3 LANL       EVAL-NOV01 G.M.Hale                          131 1451    5
PRC  42, 438 (1990)   DIST-FEB18                       20111222    131 1451    6
----ENDF/B-VIII.0     MATERIAL  131                                131 1451    7
-----INCIDENT NEUTRON DATA                                         131 1451    8
------ENDF-6 FORMAT                                                131 1451    9
                                                                   131 1451   10
                                1        451         12          0 131 1451   11
                                2        151          4          0 131 1451   12
                                                                   131 1  099999
                                                                   131 0  0    0
 1003.00000 2.98959600          0          0          1          0 131 2151    1
 1003.00000 1.00000000          0          0          1          0 131 2151    2
 1.00000E-5 20000000.0          0          0          0          0 131 2151    3
 .500000000 .363989700          0          0          0          0 131 2151    4
                                                                   131 2  0    5
                                                                   131 0  0    0
                                                                     0 0  0    0
                                                                    -1 0  0    0
