 n-He003.res.tendl.2023: Merger of MF1 and MF2                      99 0  0    0
 2003.00000 2.99012000          1          0          2          0 225 1451    1
 0.0        0.0                 0          0          0          6 225 1451    2
 1.00000000 20000000.0          3          0         10          3 225 1451    3
 0.0        0.0                 0          0          1          2 225 1451    4
  2-He-  3 LANL       EVAL-MAY90 G.Hale,D.Dodder,P.Young           225 1451    5
                      DIST-DEC17 REV3-DEC17            20171231    225 1451    6
---JEFF-3.3           MATERIAL  225                                225 1451    7
-----INCIDENT NEUTRON DATA                                         225 1451    8
------ENDF-6 FORMAT                                                225 1451    9
*****************************  JEFF-3.2    *********************** 225 1451   10
                                1        451         12          0 225 1451   11
                                2        151          4          0 225 1451   12
                                                                   225 1  099999
                                                                   225 0  0    0
 2003.00000 2.99012000          0          0          1          0 225 2151    1
 2003.00000 1.00000000          0          0          1          0 225 2151    2
 .025000000 1000000.00          0          0          0          0 225 2151    3
 .500000000 .513226500          0          0          0          0 225 2151    4
                                                                   225 2  0    5
                                                                   225 0  0    0
                                                                     0 0  0    0
                                                                    -1 0  0    0
