 n-He004.res.tendl.2023: Merger of MF1 and MF2                      99 0  0    0
 2004.00000 3.96821900          1          0          0          0 228 1451    1
 0.0        0.0                 0          0          0          6 228 1451    2
 1.00000000 20000000.0          0          0         10          8 228 1451    3
 0.0        0.0                 0          0          1          2 228 1451    4
  2-He-  4 LANL       EVAL-SEP10 Hale                              228 1451    5
 NDS 148, 1 (2018)    DIST-FEB18                       20111222    228 1451    6
----ENDF/B-VIII.0     MATERIAL  228                                228 1451    7
-----INCIDENT NEUTRON DATA                                         228 1451    8
------ENDF-6 FORMAT                                                228 1451    9
                                                                   228 1451   10
                                1        451         12          0 228 1451   11
                                2        151          4          0 228 1451   12
                                                                   228 1  099999
                                                                   228 0  0    0
 2004.00000 3.96821900          0          0          1          0 228 2151    1
 2004.00000 1.00000000          0          0          1          0 228 2151    2
 1.00000E-5 100000.000          0          0          0          0 228 2151    3
 0.0        .245790000          0          0          0          0 228 2151    4
                                                                   228 2  0    5
                                                                   228 0  0    0
                                                                     0 0  0    0
                                                                    -1 0  0    0
