 n-Li006.res.tendl.2023: Merger of MF1 and MF2                      99 0  0    0
 3.006000+3 5.961817+0          1          0          0          0 325 1451    1
 0.000000+0 0.000000+0          0          0          0          6 325 1451    2
 1.000000+0 2.000000+7          0          0         10          8 325 1451    3
 0.000000+0 0.000000+0          0          0          1          2 325 1451    4
  3-Li-  6 LANL       EVAL-JAN17 G.M. Hale                         325 1451    5
 NDS 148, 1 (2018)    DIST-FEB18                       20170207    325 1451    6
----ENDF/B-VIII.0     MATERIAL  325                                325 1451    7
-----INCIDENT NEUTRON DATA                                         325 1451    8
------ENDF-6 FORMAT                                                325 1451    9
 ****************************************************************  325 1451   10
                                1        451         12          0 325 1451   11
                                2        151          4          0 325 1451   12
                                                                   325 1  099999
                                                                   325 0  0    0
 3.006000+3 5.961817+0          0          0          1          0 325 2151    1
 3.006000+3 1.000000+0          0          0          1          0 325 2151    2
 1.000000-5 1.000000+5          0          0          0          0 325 2151    3
 1.000000+0 2.387952-1          0          0          0          0 325 2151    4
 0.000000+0 0.000000+0          0          0          0          0 325 2  0    5
 0.000000+0 0.000000+0          0          0          0          0 325 0  0    0
                                                                     0 0  0    0
                                                                    -1 0  0    0
