 n-N015.res.tendl.2023: Merger of MF1 and MF2                       99 0  0    0
 7015.00000 14.8710000          1          0          2          0 728 1451    1
 0.0        0.0                 0          0          0          6 728 1451    2
 1.00000000 20000000.0          3          0         10          3 728 1451    3
 0.0        0.0                 0          0          1          2 728 1451    4
  7-N - 15 LANL       EVAL-SEP83 E.Arthur,P.Young,G.Hale           728 1451    5
                      DIST-DEC17 REV3-DEC17            20171231    728 1451    6
---JEFF-3.3           MATERIAL  728                                728 1451    7
-----INCIDENT NEUTRON DATA                                         728 1451    8
------ENDF-6 FORMAT                                                728 1451    9
                                                                   728 1451   10
                                1        451         12          0 728 1451   11
                                2        151          4          0 728 1451   12
                                                                   728 1  099999
                                                                   728 0  0    0
 7015.00000 14.8710000          0          0          1          0 728 2151    1
 7015.00000 1.00000000          0          0          1          0 728 2151    2
 1.00000E-5 1000.00000          0          0          0          0 728 2151    3
 .500000000 .592900000          0          0          0          0 728 2151    4
                                                                   728 2  0    5
                                                                   728 0  0    0
                                                                     0 0  0    0
                                                                    -1 0  0    0
