 n-N014.res.tendl.2023: Merger of MF1 and MF2                       99 0  0    0
 7014.00000 13.8827800          1          0          2          0 725 1451    1
 0.0        0.0                 0          0          0          6 725 1451    2
 1.00000000 150000000.          3          0         10          3 725 1451    3
 0.0        0.0                 0          0          1          2 725 1451    4
  7-N - 14 LANL       EVAL-JUN97 M.B.Chadwick,P.G.Young            725 1451    5
 CH97,CH99            DIST-DEC17 REV3-DEC17            20171231    725 1451    6
---JEFF-3.3           MATERIAL  725                                725 1451    7
-----INCIDENT NEUTRON DATA                                         725 1451    8
------ENDF-6 FORMAT                                                725 1451    9
                                                                   725 1451   10
                                1        451         12          0 725 1451   11
                                2        151          4          0 725 1451   12
                                                                   725 1  099999
                                                                   725 0  0    0
 7014.00000 13.8827800          0          0          1          0 725 2151    1
 7014.00000 1.00000000          0          0          1          0 725 2151    2
 1.00000E-5 1000.00000          0          0          0          0 725 2151    3
 1.00000000 .886365900          0          0          0          0 725 2151    4
                                                                   725 2  0    5
                                                                   725 0  0    0
                                                                     0 0  0    0
                                                                    -1 0  0    0
