 n-N017.res.tendl.2023: Merger of MF1 and MF2                       99 0  0    0
 7.017000+3 1.686234+1          1          0         17          1 734 1451    1
 0.000000+0 0.000000+0          0          0          0          6 734 1451    2
 1.000000+0 2.000000+8          1          0         10       2023 734 1451    3
 0.000000+0 0.000000+0          0          0          1          2 734 1451    4
  7-N - 17 IAEA       EVAL-AUG24 A.J. Koning and D. Rochman        734 1451    5
 TENDL-2023           DIST-      REV1-                             734 1451    6
----TENDL-2023        Material  734         REVISION 1             734 1451    7
-----Incident neutron  data                                        734 1451    8
------ENDF-6 Format                                                734 1451    9
                                                                   734 1451   10
                                1        451         12          0 734 1451   11
                                2        151          7          0 734 1451   12
                                                                   734 1  099999
                                                                   734 0  0    0
 7.017000+3 1.686234+1          0          0          1          0 734 2151    1
 7.017000+3 1.000000+0          0          0          1          0 734 2151    2
 1.000000-5 3.312239+5          1          2          0          1 734 2151    3
 5.000000-1 6.235580-1          0          0          1          0 734 2151    4
 1.686234+1 0.000000+0          0          0         12          2 734 2151    5
-2.245179+5 1.000000+0 4.327639+4 4.327561+4 7.784363-1 0.000000+0 734 2151    6
 3.295760+5 1.000000+0 4.327639+4 4.327561+4 7.784363-1 0.000000+0 734 2151    7
                                                                   734 2  0    8
                                                                   734 0  0    0
                                                                     0 0  0    0
                                                                    -1 0  0    0
