 n-N016.res.tendl.2023: Merger of MF1 and MF2                       99 0  0    0
 7.016000+3 1.586860+1          1          0         17          1 731 1451    1
 0.000000+0 0.000000+0          0          0          0          6 731 1451    2
 1.000000+0 2.000000+8          1          0         10       2023 731 1451    3
 0.000000+0 0.000000+0          0          0          1          2 731 1451    4
  7-N - 16 IAEA       EVAL-AUG24 A.J. Koning and D. Rochman        731 1451    5
 TENDL-2023           DIST-      REV1-                             731 1451    6
----TENDL-2023        Material  731         REVISION 1             731 1451    7
-----Incident neutron  data                                        731 1451    8
------ENDF-6 Format                                                731 1451    9
                                                                   731 1451   10
                                1        451         12          0 731 1451   11
                                2        151          7          0 731 1451   12
                                                                   731 1  099999
                                                                   731 0  0    0
 7.016000+3 1.586860+1          0          0          1          0 731 2151    1
 7.016000+3 1.000000+0          0          0          1          0 731 2151    2
 1.000000-5 2.954931+5          1          2          0          1 731 2151    3
 2.000000+0 6.278530-1          0          0          1          0 731 2151    4
 1.586860+1 0.000000+0          0          0         12          2 731 2151    5
-1.962921+5 2.500000+0 4.164725+4 4.164649+4 7.644066-1 0.000000+0 731 2151    6
 2.940230+5 2.500000+0 4.164725+4 4.164649+4 7.644066-1 0.000000+0 731 2151    7
                                                                   731 2  0    8
                                                                   731 0  0    0
                                                                     0 0  0    0
                                                                    -1 0  0    0
