 n-O016.res.tendl.2023: Merger of MF1 and MF2                       99 0  0    0
 8016.00000 15.8575100          1          0          2          4 825 1451    1
 0.0        0.0                 0          0          0          6 825 1451    2
 1.00000000 150000000.          1          0         10          7 825 1451    3
 0.0        0.0                 0          0          1          2 825 1451    4
  8-O - 16 LANL       EVAL-DEC05 Hale,Young,Chadwick,Caro,Lubitz   825 1451    5
CH96AB,CA98,Ch99,Yo01 DIST-DEC06                       20111222    825 1451    6
----ENDF/B-VII        MATERIAL  825                                825 1451    7
-----INCIDENT NEUTRON DATA                                         825 1451    8
------ENDF-6 FORMAT                                                825 1451    9
                                                                   825 1451   10
                                1        451         12          0 825 1451   11
                                2        151        109          0 825 1451   12
                                                                   825 1  099999
                                                                   825 0  0    0
 8016.00000 15.8575100          0          0          1          0 825 2151    1
 8016.00000 1.00000000          0          0          1          0 825 2151    2
 1.00000E-5 6000000.00          1          7          0          1 825 2151    3
 0.0        0.0                 0          3          9          0 825 2151    4
 0.0        0.0                 3          0         36          6 825 2151    5
 0.0        16.8575000 0.0        8.00000000 1.00000000 0.0        825 2151    6
 0.0        0.0        0.0        102.000000 0.0        0.0        825 2151    7
 1.00000000 15.8575000 0.0        8.00000000 .500000000 0.0        825 2151    8
 0.0        1.00000000 0.0        2.00000000 0.0        1.00000000 825 2151    9
 3.96713100 12.8916400 2.00000000 6.00000000 0.0       -.500000000 825 2151   10
-2213760.00 1.00000000 0.0        800.000000 1.00000000 0.0        825 2151   11
 .500000000 0.0                 0          0         18          3 825 2151   12
 1.00000000 0.0        0.0        0.0        0.0        0.0        825 2151   13
 2.00000000 0.0        .500000000 0.0        .415000000 .415000000 825 2151   14
 3.00000000 1.00000000-.500000000 0.0        .668390400 .668390400 825 2151   15
 0.0        0.0                 0          4         24          4 825 2151   16
-3477456.00 .179576100 3897772.00 0.0        0.0        0.0        825 2151   17
 2367800.00 .250000000 144785.000 0.0        0.0        0.0        825 2151   18
 4054083.00 .250000000 104557.800 3312.26400 0.0        0.0        825 2151   19
 4466091.00 .250000000 13169.7600 2292.46200 0.0        0.0        825 2151   20
-.500000000 0.0                 0          0         18          3 825 2151   21
 1.00000000 0.0        0.0        0.0        0.0        0.0        825 2151   22
 2.00000000 1.00000000 .500000000 0.0        .415000000 .415000000 825 2151   23
 3.00000000 0.0       -.500000000 0.0        .668390400 .668390400 825 2151   24
 0.0        0.0                 0          8         48          8 825 2151   25
 1899522.00 .250000000 34405.8800 0.0        0.0        0.0        825 2151   26
 3974123.00 .250000000 281216.200 11980.7200 0.0        0.0        825 2151   27
 4312429.00 .250000000 42549.0000-367.186400 0.0        0.0        825 2151   28
 5310980.00 .250000000 323.204500 457.648600 0.0        0.0        825 2151   29
 6085224.00 .250000000 19668.1500 1145.96900 0.0        0.0        825 2151   30
 7294223.00 .250000000 26161.0000 5386.50000 0.0        0.0        825 2151   31
 7373310.00 .250000000 1888.00000 0.0        0.0        0.0        825 2151   32
 19026720.0 .250000000 34781120.0 0.0        0.0        0.0        825 2151   33
-1.50000000 0.0                 0          0         18          3 825 2151   34
 1.00000000 0.0        0.0        0.0        0.0        0.0        825 2151   35
 2.00000000 1.00000000 .500000000 0.0        .415000000 .415000000 825 2151   36
 3.00000000 2.00000000-.500000000 0.0        .668390400 .668390400 825 2151   37
 0.0        0.0                 0          9         54          9 825 2151   38
-1157275.00 .283656900 28405.7200 0.0        0.0        0.0        825 2151   39
 434104.000 2.70000000 44216.3700 0.0        0.0        0.0        825 2151   40
 1308288.00 .250000000 43948.8800 0.0        0.0        0.0        825 2151   41
 3485331.00 .250000000 714147.300 14.0901600 0.0        0.0        825 2151   42
 4298833.00 .250000000 58003.4300 3946.39300 0.0        0.0        825 2151   43
 4817246.00 .250000000 61269.1800 1719.28700 0.0        0.0        825 2151   44
 5567858.00 .250000000 200324.100 249.743000 0.0        0.0        825 2151   45
 5992432.00 .250000000 15572.8700-70.3544800 0.0        0.0        825 2151   46
 11131720.0 .250000000 17993440.0 0.0        0.0        0.0        825 2151   47
 1.50000000 0.0                 0          0         18          3 825 2151   48
 1.00000000 0.0        0.0        0.0        0.0        0.0        825 2151   49
 2.00000000 2.00000000 .500000000 0.0        .415000000 .415000000 825 2151   50
 3.00000000 1.00000000-.500000000 0.0        .668390400 .668390400 825 2151   51
 0.0        0.0                 0          7         42          7 825 2151   52
 999687.600 .250000000 95884.1200 0.0        0.0        0.0        825 2151   53
 1833494.00 .250000000 7268.35700 0.0        0.0        0.0        825 2151   54
 3286625.00 .250000000 321575.900 122.787400 0.0        0.0        825 2151   55
 4177792.00 .250000000 88857.9500 6851.54000 0.0        0.0        825 2151   56
 5064528.00 .250000000 83638.4700-27753.9500 0.0        0.0        825 2151   57
 6578035.00 .250000000 154719.100 87939.0000 0.0        0.0        825 2151   58
 17223850.0 .250000000 1520551.00 0.0        0.0        0.0        825 2151   59
 2.50000000 0.0                 0          0         18          3 825 2151   60
 1.00000000 0.0        0.0        0.0        0.0        0.0        825 2151   61
 2.00000000 2.00000000 .500000000 0.0        .415000000 .415000000 825 2151   62
 3.00000000 3.00000000-.500000000 0.0        .668390400 .668390400 825 2151   63
 0.0        0.0                 0          7         42          7 825 2151   64
 2888492.00 .250000000 459.149000 0.0        0.0        0.0        825 2151   65
 3438544.00 .250000000 480.656500 11.5124000 0.0        0.0        825 2151   66
 4527067.00 .250000000 4933.24900 593.868700 0.0        0.0        825 2151   67
 5368186.00 .250000000 3129.62400 662.652100 0.0        0.0        825 2151   68
 6740799.00 .250000000 5032.18800 135262.100 0.0        0.0        825 2151   69
 6786117.00 .250000000 12025.9500 232540.000 0.0        0.0        825 2151   70
 7198370.00 .250000000 7856.90000 19698.0000 0.0        0.0        825 2151   71
-2.50000000 0.0                 0          0         18          3 825 2151   72
 1.00000000 0.0        0.0        0.0        0.0        0.0        825 2151   73
 2.00000000 3.00000000 .500000000 0.0        .415000000 .415000000 825 2151   74
 3.00000000 2.00000000-.500000000 0.0        .668390400 .668390400 825 2151   75
 0.0        0.0                 0          7         42          7 825 2151   76
-319387.500 .335497200 44.3608000 0.0        0.0        0.0        825 2151   77
 1689338.00 .250000000 145.415700 0.0        0.0        0.0        825 2151   78
 3211696.00 .250000000 1747.71100 4.93761500 0.0        0.0        825 2151   79
 3441492.00 .250000000 1525.81500 6.45037300 0.0        0.0        825 2151   80
 4631133.00 .250000000 3050.97300 3743.11800 0.0        0.0        825 2151   81
 5672302.00 .250000000 282.157100 12437.7300 0.0        0.0        825 2151   82
 6672726.00 .250000000 1864.80000 19058.0000 0.0        0.0        825 2151   83
-3.50000000 0.0                 0          0         18          3 825 2151   84
 1.00000000 0.0        0.0        0.0        0.0        0.0        825 2151   85
 2.00000000 3.00000000 .500000000 0.0        .415000000 .415000000 825 2151   86
 3.00000000 4.00000000-.500000000 0.0        .668390400 .668390400 825 2151   87
 0.0        0.0                 0          7         42          7 825 2151   88
 1650591.00 .250000000 4049.41800 0.0        0.0        0.0        825 2151   89
 3007089.00 .250000000 83.7413900 0.0        0.0        0.0        825 2151   90
 3766984.00 .250000000 18318.2000 15.0353400 0.0        0.0        825 2151   91
 5124200.00 .250000000 22001.1600 1570.98900 0.0        0.0        825 2151   92
 6400262.00 .250000000 43807.5500 29378.0000 0.0        0.0        825 2151   93
 6815174.00 .250000000 19703.2400 28361.0000 0.0        0.0        825 2151   94
 7168675.00 .250000000 308731.200 223850.000 0.0        0.0        825 2151   95
 3.50000000 0.0                 0          0         18          3 825 2151   96
 1.00000000 0.0        0.0        0.0        0.0        0.0        825 2151   97
 2.00000000 4.00000000 .500000000 0.0        .415000000 .415000000 825 2151   98
 3.00000000 3.00000000-.500000000 0.0        .668390400 .668390400 825 2151   99
 0.0        0.0                 0          3         18          3 825 2151  100
 4594969.00 .250000000 1369.23700 221.988300 0.0        0.0        825 2151  101
 5918701.00 .250000000 18298.7700 2559.88500 0.0        0.0        825 2151  102
 6332236.00 .250000000 3505.37800 181480.000 0.0        0.0        825 2151  103
 4.50000000 0.0                 0          0         18          3 825 2151  104
 1.00000000 0.0        0.0        0.0        0.0        0.0        825 2151  105
 2.00000000 4.00000000 .500000000 0.0        .415000000 .415000000 825 2151  106
 3.00000000 5.00000000-.500000000 0.0        .668390400 .668390400 825 2151  107
 0.0        0.0                 0          1          6          1 825 2151  108
 6074765.00 .250000000 3249.05700 1952.70100 0.0        0.0        825 2151  109
                                                                   825 2  0  110
                                                                   825 0  0    0
                                                                     0 0  0    0
                                                                    -1 0  0    0
