 n-O015.res.tendl.2023: Merger of MF1 and MF2                       99 0  0    0
 8.015000+3 1.487418+1          1          0         17          1 822 1451    1
 0.000000+0 0.000000+0          0          0          0          6 822 1451    2
 1.000000+0 2.000000+8          1          0         10       2023 822 1451    3
 0.000000+0 0.000000+0          0          0          1          2 822 1451    4
  8-O - 15 IAEA       EVAL-AUG24 A.J. Koning and D. Rochman        822 1451    5
 TENDL-2023           DIST-      REV1-                             822 1451    6
----TENDL-2023        Material  822         REVISION 1             822 1451    7
-----Incident neutron  data                                        822 1451    8
------ENDF-6 Format                                                822 1451    9
                                                                   822 1451   10
                                1        451         12          0 822 1451   11
                                2        151          6          0 822 1451   12
                                                                   822 1  099999
                                                                   822 0  0    0
 8.015000+3 1.487418+1          0          0          1          0 822 2151    1
 8.015000+3 1.000000+0          0          0          1          0 822 2151    2
 1.000000-5 3.750100+4          1          2          0          1 822 2151    3
 5.000000-1 5.780850-1          0          0          1          0 822 2151    4
 1.487418+1 0.000000+0          0          0          6          1 822 2151    5
-9.050284+4 1.000000+0 1.939321+4 1.939246+4 7.497488-1 0.000000+0 822 2151    6
                                                                   822 2  0    7
                                                                   822 0  0    0
                                                                     0 0  0    0
                                                                    -1 0  0    0
