 n-O014.res.tendl.2023: Merger of MF1 and MF2                       99 0  0    0
 8.014000+3 1.388826+1          1          0         17          1 819 1451    1
 0.000000+0 0.000000+0          0          0          0          6 819 1451    2
 1.000000+0 2.000000+8          1          0         10       2023 819 1451    3
 0.000000+0 0.000000+0          0          0          1          2 819 1451    4
  8-O - 14 IAEA       EVAL-AUG24 A.J. Koning and D. Rochman        819 1451    5
 TENDL-2023           DIST-      REV1-                             819 1451    6
----TENDL-2023        Material  819         REVISION 1             819 1451    7
-----Incident neutron  data                                        819 1451    8
------ENDF-6 Format                                                819 1451    9
                                                                   819 1451   10
                                1        451         12          0 819 1451   11
                                2        151          7          0 819 1451   12
                                                                   819 1  099999
                                                                   819 0  0    0
 8.014000+3 1.388826+1          0          0          1          0 819 2151    1
 8.014000+3 1.000000+0          0          0          1          0 819 2151    2
 1.000000-5 1.750100+4          1          2          0          1 819 2151    3
 0.000000+0 5.756230-1          0          0          1          0 819 2151    4
 1.388826+1 0.000000+0          0          0         12          2 819 2151    5
-1.740000+4 5.000000-1 2.403100+2 2.401100+2 2.000000-1 0.000000+0 819 2151    6
 1.740000+4 5.000000-1 9.729800+1 9.409800+1 3.200000+0 0.000000+0 819 2151    7
                                                                   819 2  0    8
                                                                   819 0  0    0
                                                                     0 0  0    0
                                                                    -1 0  0    0
