  33  68   6  20     0.07553     0.37592                                   As068
  33  69   2  20     0.01852     0.14798                                   As069
  33  70   7  36    -0.16022    -0.58520                                   As070
  33  71   2  20    -0.02849    -0.15671                                   As071
  33  72   7  36    -0.22614    -0.81318                                   As072
  33  73   5  26    -0.32059    -1.48817                                   As073
  33  74   7  36    -0.62546    -2.28223                                   As074
  33  75   5  26    -0.32088    -1.29971                                   As075
  33  76   6  21    -0.33552    -0.75092                                   As076
  33  77   7  36    -0.09291    -0.34124                                   As077
  33  78   6  21    -0.33513    -1.08120                                   As078
  33  79   6  15    -0.16173    -0.57142                                   As079
  33  80   7  22     0.09306     0.28582                                   As080
  33  81   6  15    -0.04757    -0.26707                                   As081
