  79 184   6  22     0.03944     0.16403                                   Au184
  79 185   4  22     0.03508    -0.11303                                   Au185
  79 186   6  22     0.09126     0.26321                                   Au186
  79 187   7  33     0.05472     0.16539                                   Au187
  79 188   7  20     0.20520     0.87957                                   Au188
  79 189   7  33    -0.00873     0.37701                                   Au189
  79 193   6  36     0.08436     0.68061                                   Au193
  79 195   6  36     0.53645     0.52698                                   Au195
  79 196   7  21     0.09759    -0.19219                                   Au196
  79 197   6  15     0.11176     0.33918                                   Au197
  79 198   6  22    -0.48131    -0.38738                                   Au198
  79 199   6  15     0.18907     0.54254                                   Au199
  79 201   6  15     0.52541     0.95613                                   Au201
  79 203   6  17     0.43925     0.53882                                   Au203
