  79 185   4  22    -0.04367    -0.13082                                   Au185
  79 186   6  22     0.10212     0.26380                                   Au186
  79 187   7  33     0.05060     0.16484                                   Au187
  79 189   7  33     0.12453     0.39938                                   Au189
  79 193   7  33     0.22408     0.70410                                   Au193
  79 195   6  36     0.65516     0.55114                                   Au195
  79 196   7  22     0.15882    -0.17567                                   Au196
  79 197   6  15     0.13608     0.34604                                   Au197
  79 198   6  22    -0.43192    -0.37244                                   Au198
  79 199   6  15     0.20320     0.54413                                   Au199
  79 201   6  15     0.32977     0.91861                                   Au201
  79 203   6  17     0.57351     0.57935                                   Au203
