  56 122   6  15     0.35819     1.35835                                   Ba122
  56 123   4  22    -0.18074    -0.07082                                   Ba123
  56 124   6  22     0.35062     1.14800                                   Ba124
  56 126   6  15     0.15485     0.97382                                   Ba126
  56 127   6  22    -0.23572    -0.18643                                   Ba127
  56 128   6  23     0.14829     0.91133                                   Ba128
  56 129   6  22    -0.38744    -0.53689                                   Ba129
  56 130   6  23     0.00361     0.43567                                   Ba130
  56 131   4  22    -0.19589    -0.07322                                   Ba131
  56 132   6  22     0.14228     0.87747                                   Ba132
  56 133   6  22     0.04826    -0.17330                                   Ba133
  56 134   7  36     0.24710     0.49060                                   Ba134
  56 135   6  22    -0.04312    -0.22391                                   Ba135
  56 136   6  22    -0.09252     0.48920                                   Ba136
  56 137   6  22     0.07172     0.59972                                   Ba137
  56 138   6  23     0.33968     1.08737                                   Ba138
  56 139   6  22    -0.35558     0.05508                                   Ba139
  56 140   6  22     0.63507     0.94485                                   Ba140
  56 141   6  36     0.04408     0.20263                                   Ba141
  56 142   2  20     0.46993     0.86603                                   Ba142
  56 143   7  29    -0.48778    -0.74925                                   Ba143
  56 144   6  22     0.95939     1.49936                                   Ba144
  56 145   6  22    -0.78621    -0.91309                                   Ba145
  56 146   6  22     0.75011     0.97570                                   Ba146
