  56 122   6  15     0.34064     1.35520                                   Ba122
  56 123   4  22    -0.01540    -0.02836                                   Ba123
  56 124   6  22     0.33211     1.14789                                   Ba124
  56 126   6  15     0.31927     1.02183                                   Ba126
  56 127   6  21    -0.05208    -0.14819                                   Ba127
  56 128   6  23     0.32087     0.97551                                   Ba128
  56 129   7  29    -0.16542    -0.38051                                   Ba129
  56 130   6  23     0.18732     0.54125                                   Ba130
  56 131   4  22     0.01335     0.01697                                   Ba131
  56 132   6  22     0.32609     0.94434                                   Ba132
  56 133   6  15     0.26126    -0.08977                                   Ba133
  56 134   6  23     0.44378     0.57745                                   Ba134
  56 135   2  20     0.20672    -0.08920                                   Ba135
  56 136   6  22    -0.02429     0.53714                                   Ba136
  56 137   6  22     0.35601     0.71941                                   Ba137
  56 138   6  23     0.33930     1.08728                                   Ba138
  56 139   6  22     0.10419     0.29693                                   Ba139
  56 140   6  22     0.49481     0.89727                                   Ba140
  56 141   7  29     0.21168     0.25994                                   Ba141
  56 142   2  20     0.47217     0.86687                                   Ba142
  56 143   7  29    -0.25772    -0.58924                                   Ba143
  56 144   6  22     0.86607     1.49146                                   Ba144
  56 145   7  29    -0.41571    -0.58290                                   Ba145
  56 146   6  22     0.68258     0.96451                                   Ba146
