  83 193   7  33     0.30545     0.66748                                   Bi193
  83 197   6  15     0.79565     1.87552                                   Bi197
  83 199   5  17    -0.36951     0.93486                                   Bi199
  83 206   6  22     0.05806     0.19012                                   Bi206
  83 207   7  33     0.01891     0.13572                                   Bi207
  83 208   7  29     0.30174     0.66718                                   Bi208
  83 209   7  29    -0.01400    -0.05721                                   Bi209
  83 210   5  38    -0.25723     0.36564                                   Bi210
  83 211   6  36     0.41282     0.76397                                   Bi211
  83 213   6  15     0.48583     0.89034                                   Bi213
