  35  71   2  20    -0.15985    -0.77680                                   Br071
  35  72   2  26    -0.51867    -1.11866                                   Br072
  35  74   7  22    -0.17449    -1.60822                                   Br074
  35  75   7  36    -0.24573    -1.21526                                   Br075
  35  76   6  20    -0.20970    -1.25367                                   Br076
  35  77   7  36    -0.23834    -1.08645                                   Br077
  35  78   7  22    -0.38459    -1.49867                                   Br078
  35  79   7  22    -0.01669    -0.72812                                   Br079
  35  80   6  21    -0.40909    -1.81173                                   Br080
  35  81   7  36    -0.19091    -0.74194                                   Br081
  35  82   4  37     0.08296    -0.62152                                   Br082
  35  83   6  21    -0.06815    -0.20639                                   Br083
  35  85   6  23     0.71742     2.19929                                   Br085
