  35  71   2  20    -0.25747    -0.84975                                   Br071
  35  72   2  26    -0.44399    -0.99967                                   Br072
  35  74   4  37    -0.15978    -1.43426                                   Br074
  35  75   7  22    -0.36361    -1.37738                                   Br075
  35  76   6  20    -0.20735    -1.25171                                   Br076
  35  77   7  36    -0.28159    -1.12416                                   Br077
  35  78   7  22    -0.38311    -1.49760                                   Br078
  35  79   7  22    -0.06665    -0.75549                                   Br079
  35  80   6  21    -0.41599    -1.82121                                   Br080
  35  81   7  36    -0.25565    -0.81250                                   Br081
  35  82   4  37     0.08490    -0.61980                                   Br082
  35  83   6  23     0.07444    -0.01421                                   Br083
  35  85   6  23     0.81654     2.27027                                   Br085
