  48 101   6  22     0.61784     2.52820                                   Cd101
  48 102   6  23     0.21222     0.79376                                   Cd102
  48 103   4  22    -0.27576    -0.52087                                   Cd103
  48 104   2  20     0.19039     0.55751                                   Cd104
  48 105   6  22    -0.18146    -0.13921                                   Cd105
  48 106   2  20     0.12240     0.27530                                   Cd106
  48 107   4  37     0.02930    -0.18689                                   Cd107
  48 108   6  36     0.36206     1.05102                                   Cd108
  48 109   6  15     0.08875    -0.13107                                   Cd109
  48 110   6  22     0.31586     0.85926                                   Cd110
  48 111   6  22    -0.28348     0.22582                                   Cd111
  48 112   6  23    -0.10240     0.59912                                   Cd112
  48 113   4  22    -0.15946    -0.24704                                   Cd113
  48 114   6  23     0.16719     0.42035                                   Cd114
  48 115   6  15     0.15078    -0.40586                                   Cd115
  48 116   7  29    -0.04218     0.27056                                   Cd116
  48 117   7  21    -0.63841    -0.66779                                   Cd117
  48 118   6  22     0.32695     1.35353                                   Cd118
  48 119   6  22    -0.02823     0.22612                                   Cd119
  48 120   6  22     0.96884     2.45525                                   Cd120
  48 121   6  22    -0.44416    -0.54178                                   Cd121
  48 122   6  21     0.72235     1.84519                                   Cd122
