  58 125   6  22    -0.08343     0.27201                                   Ce125
  58 126   6  15     0.41729     1.29444                                   Ce126
  58 127   6  23     0.44462     0.24625                                   Ce127
  58 128   2  20     0.07522     0.91280                                   Ce128
  58 129   6  22    -0.06586     0.29337                                   Ce129
  58 131   6  20     0.24437    -0.33892                                   Ce131
  58 132   6  22     0.29851     0.78051                                   Ce132
  58 133   6  22    -0.06221     0.28442                                   Ce133
  58 134   6  23     0.15575     1.01406                                   Ce134
  58 135   6  22     0.43780     1.29286                                   Ce135
  58 136   6  22     0.38358     1.62040                                   Ce136
  58 137   6  15     0.27535    -0.01612                                   Ce137
  58 138   2  20     0.28963     1.08333                                   Ce138
  58 139   6  22    -0.01889     0.38721                                   Ce139
  58 140   6  36     0.13562     0.40280                                   Ce140
  58 141   6  23    -0.04617     0.62755                                   Ce141
  58 142   6  36     0.85309     0.88789                                   Ce142
  58 143   7  29     0.48093     0.55225                                   Ce143
  58 144   6  22     0.53900     0.99756                                   Ce144
  58 145   6  22    -0.36821    -0.28249                                   Ce145
  58 146   6  22     0.61880     0.92139                                   Ce146
  58 147   6  15    -0.46338    -0.43934                                   Ce147
  58 148   2  20     0.43960     0.75065                                   Ce148
  58 149   6  22    -0.38329    -0.28425                                   Ce149
  58 150   6  22     0.87825     1.43727                                   Ce150
