  58 127   4  22     0.55570     0.13007                                   Ce127
  58 128   2  20     0.25809     0.99982                                   Ce128
  58 129   6  22     0.10575     0.31348                                   Ce129
  58 131   7  22     0.44109    -0.26625                                   Ce131
  58 132   6  15     0.23181     0.75592                                   Ce132
  58 133   6  22     0.11813     0.31580                                   Ce133
  58 134   6  23     0.32706     1.05667                                   Ce134
  58 135   6  15     0.49754     0.90541                                   Ce135
  58 136   6  22     0.57589     1.68437                                   Ce136
  58 137   2  20     0.53889     0.18413                                   Ce137
  58 138   2  20     0.34707     1.10612                                   Ce138
  58 139   6  22     0.23662     0.52070                                   Ce139
  58 140   6  36     0.11978     0.38092                                   Ce140
  58 141   6  23     0.26949     0.75807                                   Ce141
  58 142   6  15     0.67694     0.76846                                   Ce142
  58 143   7  29     0.61597     0.59857                                   Ce143
  58 144   6  22     0.56044     1.00516                                   Ce144
  58 145   6  22    -0.12169    -0.17050                                   Ce145
  58 146   6  22     0.55145     0.90435                                   Ce146
  58 147   6  15    -0.24038    -0.35660                                   Ce147
  58 148   2  20     0.39244     0.74496                                   Ce148
  58 149   6  22    -0.15333    -0.19869                                   Ce149
  58 150   6  22     0.92173     1.44432                                   Ce150
