  55 122   2  26     0.11699    -0.49291                                   Cs122
  55 123   2  26     0.15133    -0.31080                                   Cs123
  55 124   2  26    -0.18691    -0.54570                                   Cs124
  55 126   6  21    -0.17296    -0.45698                                   Cs126
  55 127   2  20    -0.02918    -0.06075                                   Cs127
  55 129   2  20    -0.10081    -0.31922                                   Cs129
  55 130   6  22     0.05622     0.16637                                   Cs130
  55 131   6  20    -0.05456    -0.08442                                   Cs131
  55 132   6  22    -0.14754    -0.33964                                   Cs132
  55 133   6  15    -0.10159    -0.32010                                   Cs133
  55 134   7  36    -0.16666    -0.94975                                   Cs134
  55 136   6  22     1.47587     2.23679                                   Cs136
  55 137   2  20     0.19235     0.41264                                   Cs137
  55 138   6  22     0.42644     0.68310                                   Cs138
  55 139   6  22    -0.03999    -0.05908                                   Cs139
  55 140   6  22    -0.12215    -0.19186                                   Cs140
  55 141   6  22    -0.04847    -0.08471                                   Cs141
  55 142   6  22    -0.00435     0.02268                                   Cs142
  55 143   6  22     0.60602     0.87796                                   Cs143
