  29  58   6  23     0.72516     2.38038                                   Cu058
  29  59   2  20     0.41547     1.50196                                   Cu059
  29  60   2  20     0.03394     0.23046                                   Cu060
  29  61   6  23     0.26144     1.11951                                   Cu061
  29  62   6  21    -0.07575    -0.27114                                   Cu062
  29  63   7  36    -0.08547    -0.39847                                   Cu063
  29  64   7  29    -0.39928    -0.69185                                   Cu064
  29  65   7  36     0.19805     0.72535                                   Cu065
  29  66   6  21    -0.23019    -0.15821                                   Cu066
  29  67   6  22     0.38108     1.13544                                   Cu067
  29  68   6  19     0.80207     1.29502                                   Cu068
  29  69   6  22     0.72698     1.93244                                   Cu069
  29  71   6  23     0.43438     1.07267                                   Cu071
  29  72   6  15     0.57761     1.07112                                   Cu072
