  66 146   6  23     0.42517     2.32645                                   Dy146
  66 147   6  20     0.60696     2.19268                                   Dy147
  66 148   6  22     0.27853     1.69892                                   Dy148
  66 149   6  23     0.34711     1.07969                                   Dy149
  66 150   6  15     0.45523     1.25925                                   Dy150
  66 151   4  22    -0.47432    -0.59837                                   Dy151
  66 152   6  23     0.87358     1.93388                                   Dy152
  66 153   7  33     0.04077     0.44279                                   Dy153
  66 154   6  23     0.37416     0.80251                                   Dy154
  66 155   2  26    -0.32150    -0.26025                                   Dy155
  66 156   6  15     0.21525     0.72856                                   Dy156
  66 157   6  15     0.33952    -0.17281                                   Dy157
  66 158   6  15     0.10104     0.38864                                   Dy158
  66 159   6  22    -0.33112    -0.23082                                   Dy159
  66 160   6  15     0.18367     0.54435                                   Dy160
  66 161   7  33    -0.52952     0.25343                                   Dy161
  66 162   6  22     0.09328     0.38351                                   Dy162
  66 163   6  22    -0.37875    -0.46538                                   Dy163
  66 164   2  20    -0.00331     0.18503                                   Dy164
  66 165   7  29    -0.11799    -0.27444                                   Dy165
  66 166   2  20     0.37185     0.57686                                   Dy166
