  66 146   6  22     0.58800     2.32606                                   Dy146
  66 147   6  20     0.86770     2.31862                                   Dy147
  66 148   6  22     0.42143     1.83405                                   Dy148
  66 149   6  23     0.58229     1.16823                                   Dy149
  66 150   6  15     0.39378     1.24487                                   Dy150
  66 151   2  20    -0.10832    -0.23136                                   Dy151
  66 152   6  23     0.80516     1.92550                                   Dy152
  66 153   6  22     0.14365     0.28959                                   Dy153
  66 154   6  23     0.31184     0.78142                                   Dy154
  66 155   2  26    -0.04216    -0.10096                                   Dy155
  66 156   6  15     0.28442     0.74494                                   Dy156
  66 157   6  36     0.57620    -0.10146                                   Dy157
  66 158   6  22     0.18674     0.44790                                   Dy158
  66 159   6  22    -0.10087    -0.16812                                   Dy159
  66 160   6  22     0.25037     0.54256                                   Dy160
  66 161   7  33    -0.29222     0.26875                                   Dy161
  66 162   2  20     0.05998     0.32868                                   Dy162
  66 163   6  22    -0.14994    -0.39641                                   Dy163
  66 164   2  20    -0.01976     0.18093                                   Dy164
  66 165   7  29     0.12712    -0.19111                                   Dy165
  66 166   2  20     0.29888     0.56834                                   Dy166
