  68 151   6  22     0.62106     1.49361                                   Er151
  68 156   2  20     0.13977     0.42110                                   Er156
  68 157   7  18     0.08440     0.18144                                   Er157
  68 158   6  15     0.16829     0.52844                                   Er158
  68 159   6  22     0.05128     0.12315                                   Er159
  68 160   6  15     0.27986     0.79507                                   Er160
  68 161   7  33     0.11412     0.29521                                   Er161
  68 162   2  20     0.17110     0.43887                                   Er162
  68 163   5  38    -0.10243     0.01686                                   Er163
  68 164   6  15     0.22349     0.53792                                   Er164
  68 165   6  22    -0.29010    -0.24042                                   Er165
  68 166   6  23     0.34186     0.76690                                   Er166
  68 167   6  22    -0.02767    -0.08280                                   Er167
  68 168   5  38     0.10286     0.42051                                   Er168
  68 169   6  22     0.02262     0.01423                                   Er169
  68 170   6  22     0.23547     0.46085                                   Er170
  68 171   6  22     0.11905    -0.02556                                   Er171
  68 172   2  20     0.18230     0.33606                                   Er172
