  68 151   6  15     0.31711     1.25529                                   Er151
  68 156   2  20     0.19141     0.43854                                   Er156
  68 157   4  18    -0.15607     0.08835                                   Er157
  68 158   6  15     0.09678     0.50633                                   Er158
  68 159   4  22    -0.19527     0.01486                                   Er159
  68 160   6  15     0.19975     0.76836                                   Er160
  68 161   7  33    -0.10470     0.28370                                   Er161
  68 162   2  20     0.09887     0.42379                                   Er162
  68 163   6  22    -0.34076    -0.03576                                   Er163
  68 164   6  36     0.19894     0.46996                                   Er164
  68 165   6  22    -0.51614    -0.29360                                   Er165
  68 166   6  23     0.34803     0.76828                                   Er166
  68 167   6  22    -0.25129    -0.12279                                   Er167
  68 168   6  22     0.17545     0.44883                                   Er168
  68 169   6  22    -0.23174    -0.05826                                   Er169
  68 170   6  22     0.15762     0.44279                                   Er170
  68 171   6  22    -0.13398    -0.09319                                   Er171
  68 172   2  20     0.19605     0.33980                                   Er172
