  26  52   6  22    -1.47599    -2.36170                                   Fe052
  26  53   6  23     0.52238     0.77023                                   Fe053
  26  54   6  23     0.53700     2.14769                                   Fe054
  26  55   6  22    -0.63836    -0.54658                                   Fe055
  26  56   6  23    -0.03144    -0.25355                                   Fe056
  26  57   7  36    -0.33785    -0.64419                                   Fe057
  26  58   6  22    -0.47449    -0.24202                                   Fe058
  26  59   6  23    -0.31324    -0.49907                                   Fe059
  26  60   6  23     0.25515     0.90550                                   Fe060
  26  61   6  22     0.25005     1.00824                                   Fe061
