  31  64   7  36     0.08848     0.46901                                   Ga064
  31  65   2  20     0.04756     0.18292                                   Ga065
  31  66   4  22    -0.00365    -0.02489                                   Ga066
  31  67   6  23     0.15750     0.70752                                   Ga067
  31  68   7  36    -0.06143    -0.20455                                   Ga068
  31  69   6  23     0.25540     0.95870                                   Ga069
  31  70   4  37    -0.41499    -1.19178                                   Ga070
  31  71   6  15    -0.13978    -0.56630                                   Ga071
  31  72   7  36    -0.45196    -1.11224                                   Ga072
  31  73   2  20     0.03559     0.06261                                   Ga073
  31  75   6  15     0.03251     0.10922                                   Ga075
  31  76   6  22     0.46171     1.15118                                   Ga076
  31  77   6  15     0.10804     0.25818                                   Ga077
  31  79   7  19     0.51597     1.50780                                   Ga079
  31  80   2  20     0.20960     0.14894                                   Ga080
