  64 140   6  22     0.61936     2.41614                                   Gd140
  64 141   6  22     0.15683     0.55760                                   Gd141
  64 143   6  22     0.81878     1.30394                                   Gd143
  64 144   6  22     0.54505     2.01989                                   Gd144
  64 145   6  22     0.47489     1.19162                                   Gd145
  64 146   7  36    -0.36343    -1.46116                                   Gd146
  64 147   2  20     0.22441     0.44003                                   Gd147
  64 148   6  23     0.56757     1.48151                                   Gd148
  64 149   6  23     0.31519     0.63114                                   Gd149
  64 150   6  23     0.43598     1.02846                                   Gd150
  64 151   4  34    -0.06793    -0.13060                                   Gd151
  64 152   6  36     0.14318     0.32469                                   Gd152
  64 153   6  20     0.12319    -0.44448                                   Gd153
  64 154   6  22    -0.42977     0.24613                                   Gd154
  64 155   6  22    -0.09690     0.02728                                   Gd155
  64 156   6  22    -0.09054     0.49937                                   Gd156
  64 157   6  22    -0.24298     0.18373                                   Gd157
  64 158   6  22    -0.07818     0.30008                                   Gd158
  64 159   6  22    -0.18077     0.00156                                   Gd159
  64 160   6  22     0.16182     0.34590                                   Gd160
  64 161   6  22    -0.02902     0.29332                                   Gd161
  64 162   6  15     0.62247     1.13275                                   Gd162
