  72 168   6  22     0.26562     0.72952                                   Hf168
  72 169   6  22     0.04906     0.14089                                   Hf169
  72 170   6  15     0.25205     0.66692                                   Hf170
  72 171   6  15     0.61942     0.07142                                   Hf171
  72 172   6  22     0.20772     0.50159                                   Hf172
  72 173   6  23     0.15053     0.31977                                   Hf173
  72 174   6  15     0.35604     0.79542                                   Hf174
  72 175   6  22    -0.01278     0.07585                                   Hf175
  72 176   6  22     0.16824     0.37144                                   Hf176
  72 177   6  22     0.13914     0.03168                                   Hf177
  72 178   7  22     0.76504     0.42264                                   Hf178
  72 179   4  22     0.13599     0.26262                                   Hf179
  72 180   5  38     0.10646     0.42366                                   Hf180
  72 181   6  22     0.39477     0.36131                                   Hf181
  72 182   6  22     0.65860     1.13929                                   Hf182
