  72 168   6  22     0.26475     0.72926                                   Hf168
  72 170   6  15     0.25200     0.66710                                   Hf170
  72 171   6  23     0.40796     0.04382                                   Hf171
  72 172   6  22     0.25941     0.51582                                   Hf172
  72 173   6  22    -0.07943     0.28242                                   Hf173
  72 174   6  15     0.27296     0.78467                                   Hf174
  72 175   6  22    -0.24747     0.02192                                   Hf175
  72 176   6  22     0.16602     0.37094                                   Hf176
  72 177   6  22    -0.11495    -0.03599                                   Hf177
  72 178   7  22     0.82013     0.43479                                   Hf178
  72 179   6  22    -0.09013     0.25295                                   Hf179
  72 180   6  22     0.19381     0.43393                                   Hf180
  72 181   6  22     0.14677     0.33476                                   Hf181
  72 182   6  22     0.57045     1.12561                                   Hf182
