  80 180   2  20     0.20827     0.76251                                   Hg180
  80 185   6  22     0.09148     0.21714                                   Hg185
  80 186   6  22     0.42901     1.18702                                   Hg186
  80 188   6  15     0.37123     1.01870                                   Hg188
  80 190   6  15     0.40215     1.03029                                   Hg190
  80 191   4  22     0.86462     0.53693                                   Hg191
  80 192   2  20     0.42774     1.07435                                   Hg192
  80 194   6  22     0.49469     1.17470                                   Hg194
  80 195   6  22     0.11438     0.21420                                   Hg195
  80 196   6  23     0.28456     0.72471                                   Hg196
  80 197   6  23    -0.07701    -0.16696                                   Hg197
  80 198   6  23     0.27595     0.70854                                   Hg198
  80 199   6  22    -0.27356    -0.04515                                   Hg199
  80 200   6  22    -0.35239     0.63964                                   Hg200
  80 201   6  22    -0.19595     0.42968                                   Hg201
  80 202   6  22    -0.47851     0.30863                                   Hg202
  80 203   6  23     0.27731     0.70930                                   Hg203
  80 204   6  22     0.26826     0.97368                                   Hg204
  80 205   6  22     0.88530     1.45445                                   Hg205
