  67 149   2  20     0.00794     0.43328                                   Ho149
  67 151   6  23     0.43929     0.72070                                   Ho151
  67 153   6  22     0.66528     1.30827                                   Ho153
  67 155   6  22     0.06759     0.31394                                   Ho155
  67 157   4  34    -0.01383    -0.21128                                   Ho157
  67 159   6  36    -0.33088    -0.06553                                   Ho159
  67 161   6  22    -0.41409    -0.28771                                   Ho161
  67 163   6  23     0.31124    -0.01902                                   Ho163
  67 164   6  22    -0.42838     0.12244                                   Ho164
  67 165   6  22    -0.11265     0.00111                                   Ho165
  67 166   6  22    -0.01867     0.10178                                   Ho166
  67 167   6  15     0.00840     0.42525                                   Ho167
  67 169   6  23     0.45782     0.77509                                   Ho169
