  67 147   6  22     0.48343     2.34178                                   Ho147
  67 149   2  20     0.09783     0.46205                                   Ho149
  67 151   6  23     0.46630     0.72549                                   Ho151
  67 153   6  22     0.68492     1.31086                                   Ho153
  67 155   6  22     0.09450     0.31602                                   Ho155
  67 157   4  34    -0.07193    -0.23071                                   Ho157
  67 159   6  22    -0.44203    -0.18275                                   Ho159
  67 161   6  22    -0.50222    -0.31370                                   Ho161
  67 163   7  22     0.42850    -0.00977                                   Ho163
  67 164   6  22    -0.47242     0.11926                                   Ho164
  67 165   6  22     0.01641     0.03746                                   Ho165
  67 166   6  22    -0.07774     0.09728                                   Ho166
  67 167   6  22     0.28905     0.57510                                   Ho167
  67 169   6  23     0.41880     0.77058                                   Ho169
