  53 117   2  20    -0.09802    -0.04006                                   I117
  53 121   6  36     0.04737     0.20378                                   I121
  53 122   6  22    -0.10796    -0.35190                                   I122
  53 123   6  15     0.03357     0.41624                                   I123
  53 124   4  37    -0.17781    -0.57338                                   I124
  53 125   6  15     0.04312     0.19644                                   I125
  53 126   2  26    -0.14457    -0.45520                                   I126
  53 127   6  15    -0.02288    -0.02836                                   I127
  53 128   7  29    -0.36416    -0.82298                                   I128
  53 129   6  15    -0.02990     0.21776                                   I129
  53 130   7  22     0.02990    -1.02689                                   I130
  53 131   6  15     0.11284     0.08616                                   I131
  53 133   6  15     0.33945     0.88075                                   I133
