  53 117   2  20    -0.01089    -0.01272                                   I117
  53 120   6  20    -0.00613     0.20323                                   I120
  53 121   7  33     0.06585     0.22364                                   I121
  53 122   6  22    -0.13046    -0.35854                                   I122
  53 123   6  15     0.12537     0.42929                                   I123
  53 124   4  37    -0.20831    -0.58374                                   I124
  53 125   6  36     0.07997     0.29386                                   I125
  53 126   2  38    -0.16728    -0.45998                                   I126
  53 127   6  15    -0.00904    -0.02545                                   I127
  53 128   7  29    -0.38650    -0.83310                                   I128
  53 129   6  22     0.09448     0.32748                                   I129
  53 130   7  22    -0.05124    -1.07565                                   I130
  53 131   6  15     0.01647     0.04993                                   I131
  53 133   7  33     0.26754     0.94813                                   I133
