  49 102   2  20     0.22052     0.65404                                   In102
  49 105   6  36     0.14431     0.31166                                   In105
  49 107   6  15     0.13579     0.23041                                   In107
  49 108   6  22    -0.37086     0.03602                                   In108
  49 109   4  37     0.08358     0.03432                                   In109
  49 110   6  22    -0.52595    -0.39540                                   In110
  49 111   6  36     0.17715     0.30972                                   In111
  49 112   6  21    -0.31762    -1.00479                                   In112
  49 113   7  36    -0.38088    -0.92200                                   In113
  49 114   7  36     0.07817    -0.28368                                   In114
  49 115   6  15    -0.32954    -0.72097                                   In115
  49 116   7  36     0.13716    -0.38906                                   In116
  49 117   6  23     0.32639     0.16302                                   In117
  49 118   6  18     0.29957     0.43460                                   In118
  49 119   6  23     0.33216     0.15333                                   In119
  49 125   5  17    -0.47569     1.37569                                   In125
  49 127   6  15     0.92313     2.14661                                   In127
