  49 102   2  20     0.13365     0.63315                                   In102
  49 105   6  15    -0.02688    -0.10400                                   In105
  49 106   2  20    -0.03462    -0.07260                                   In106
  49 107   2  20     0.02031     0.10744                                   In107
  49 108   6  22    -0.46334     0.00684                                   In108
  49 109   5  35     0.00000     0.00000                                   In109
  49 110   6  22    -0.63827    -0.45878                                   In110
  49 111   6  36     0.08326     0.26273                                   In111
  49 112   7  29    -0.36946    -0.91788                                   In112
  49 113   7  36    -0.28413    -0.84969                                   In113
  49 114   7  36    -0.04843    -0.36717                                   In114
  49 115   6  15    -0.22908    -0.66843                                   In115
  49 116   7  36     0.01070    -0.46202                                   In116
  49 117   4  22     0.40659     0.12462                                   In117
  49 118   6  18     0.18541     0.41905                                   In118
  49 119   6  23     0.44160     0.18952                                   In119
  49 127   6  15     0.88207     2.14443                                   In127
