  77 173   6  22     0.36757     0.92027                                   Ir173
  77 181   7  33     0.17950     0.40402                                   Ir181
  77 182   7  33    -0.09290    -0.19607                                   Ir182
  77 184   7  33     0.06712     0.19454                                   Ir184
  77 185   4  22     0.12903     0.15167                                   Ir185
  77 187   7  33     0.24761     0.47480                                   Ir187
  77 189   7  33    -0.01026     0.31524                                   Ir189
  77 190   7  21     0.02273    -0.12594                                   Ir190
  77 191   6  20     0.22005     0.22287                                   Ir191
  77 192   4  22    -0.52329    -0.46494                                   Ir192
  77 193   5  38    -0.28398    -0.01683                                   Ir193
  77 194   4  22    -0.41908    -0.44570                                   Ir194
  77 195   2  20    -0.09976     0.06061                                   Ir195
  77 197   7  23     0.26278     0.61575                                   Ir197
