  71 163   2  26    -0.12975     0.00446                                   Lu163
  71 166   6  23     0.44648     0.14714                                   Lu166
  71 168   6  20     0.16966     0.12098                                   Lu168
  71 169   2  26     0.05188    -0.08570                                   Lu169
  71 170   7  33     0.07760     0.07746                                   Lu170
  71 171   6  22    -0.14217     0.14428                                   Lu171
  71 172   6  22    -0.47820    -0.03866                                   Lu172
  71 173   7  21     0.13111     0.20571                                   Lu173
  71 174   4  22     0.11272     0.11993                                   Lu174
  71 175   6  22    -0.09485     0.06713                                   Lu175
  71 176   6  22    -0.02828     0.18025                                   Lu176
  71 177   6  22     0.39499     0.34572                                   Lu177
  71 179   6  23     0.25597     0.71748                                   Lu179
