  71 163   2  26    -0.01353     0.01797                                   Lu163
  71 166   6  23     0.65002     0.15633                                   Lu166
  71 168   6  20     0.12017     0.11690                                   Lu168
  71 169   2  26    -0.04015    -0.10164                                   Lu169
  71 170   6  22     0.01447     0.03613                                   Lu170
  71 171   6  22     0.05605     0.16576                                   Lu171
  71 172   6  22    -0.52639    -0.04465                                   Lu172
  71 173   7  21     0.07323     0.19621                                   Lu173
  71 174   4  22     0.05899     0.11526                                   Lu174
  71 175   6  22     0.04470     0.09718                                   Lu175
  71 176   6  22    -0.08169     0.17708                                   Lu176
  71 177   6  22     0.28117     0.32779                                   Lu177
  71 179   6  23     0.39995     0.73339                                   Lu179
