  42  88   6  22     0.43239     2.24726                                   Mo088
  42  90   6  22     0.43744     1.71435                                   Mo090
  42  91   6  23     0.23824     1.46367                                   Mo091
  42  92   6  23     0.56200     1.94714                                   Mo092
  42  93   7  29    -0.46329    -0.64329                                   Mo093
  42  94   6  23     0.36987     1.14933                                   Mo094
  42  95   7  29    -0.37584     0.12896                                   Mo095
  42  96   6  22    -0.24690     0.90531                                   Mo096
  42  97   4  22    -0.53559    -1.16774                                   Mo097
  42  98   7  29    -0.07576     0.42416                                   Mo098
  42  99   4  22    -0.45309    -1.32461                                   Mo099
  42 100   6  15    -0.09408     0.07653                                   Mo100
  42 101   7  29    -0.19460    -0.85978                                   Mo101
  42 102   6  22     0.22113     0.84026                                   Mo102
  42 103   2  20    -0.38809    -0.42466                                   Mo103
  42 104   2  20     0.24224     0.52676                                   Mo104
  42 105   7  29    -0.42724    -0.48226                                   Mo105
  42 106   6  22     0.48429     0.79359                                   Mo106
  42 107   6  22    -0.09161     0.20199                                   Mo107
  42 108   6  22     0.54154     1.18249                                   Mo108
