  42  88   6  22     0.36260     2.17665                                   Mo088
  42  90   6  22     0.37256     1.69172                                   Mo090
  42  91   6  23     0.40403     1.49592                                   Mo091
  42  92   6  23     0.48831     1.94730                                   Mo092
  42  93   7  36    -0.21449    -0.25045                                   Mo093
  42  94   6  23     0.30785     1.11828                                   Mo094
  42  95   7  29    -0.19766     0.23145                                   Mo095
  42  96   6  22    -0.31201     0.86995                                   Mo096
  42  97   4  22    -0.31287    -0.90250                                   Mo097
  42  98   6  23    -0.18115     0.31774                                   Mo098
  42  99   4  37    -0.13494    -0.90237                                   Mo099
  42 100   2  20     0.02927     0.07244                                   Mo100
  42 101   6  21    -0.09867    -0.97840                                   Mo101
  42 102   6  22     0.39462     0.91691                                   Mo102
  42 103   2  20    -0.20768    -0.35649                                   Mo103
  42 104   2  20     0.23674     0.52498                                   Mo104
  42 105   7  29    -0.18383    -0.31957                                   Mo105
  42 106   6  22     0.38807     0.75254                                   Mo106
  42 107   6  22     0.07383     0.24196                                   Mo107
  42 108   6  22     0.70610     1.22098                                   Mo108
