  60 131   4  22    -0.22819    -0.20967                                   Nd131
  60 133   2  26    -0.32349    -0.49793                                   Nd133
  60 134   6  15     0.41274     1.26220                                   Nd134
  60 135   6  22    -0.09283     0.21280                                   Nd135
  60 136   6  22     0.64762     1.90996                                   Nd136
  60 138   6  23     0.30025     1.38440                                   Nd138
  60 139   4  22     0.61040     0.50827                                   Nd139
  60 140   6  23     0.32762     1.39360                                   Nd140
  60 141   6  15    -0.20349    -0.03465                                   Nd141
  60 142   6  22     0.21404     0.83624                                   Nd142
  60 143   6  23    -0.23194     0.06377                                   Nd143
  60 144   6  22    -0.07686     0.50015                                   Nd144
  60 145   7  29     0.01958     0.15085                                   Nd145
  60 146   6  23    -0.07592     0.51788                                   Nd146
  60 147   6  15    -0.31765    -0.38007                                   Nd147
  60 148   6  22     0.52999     0.80349                                   Nd148
  60 149   4  22    -0.11344    -0.55544                                   Nd149
  60 150   6  23     0.39279     0.73398                                   Nd150
  60 151   7  29     0.40203    -0.07270                                   Nd151
  60 152   6  23     0.46001     0.93136                                   Nd152
  60 153   6  22     0.09927     0.53187                                   Nd153
  60 154   6  15     0.44098     0.79235                                   Nd154
