  60 128   6  22     0.23945     2.12568                                   Nd128
  60 131   4  22    -0.04619    -0.14558                                   Nd131
  60 133   2  26    -0.13331    -0.43194                                   Nd133
  60 134   2  20     0.29034     1.09840                                   Nd134
  60 135   4  22     0.05408     0.16898                                   Nd135
  60 136   6  22     0.56822     1.89602                                   Nd136
  60 138   6  22     0.47199     1.42678                                   Nd138
  60 140   6  23     0.36996     1.40795                                   Nd140
  60 141   6  36     0.05241     0.11298                                   Nd141
  60 142   6  23     0.22299     0.84924                                   Nd142
  60 143   2  20     0.06260     0.24394                                   Nd143
  60 144   6  22    -0.19696     0.41883                                   Nd144
  60 145   2  20     0.22538     0.22969                                   Nd145
  60 146   6  22    -0.17897     0.46624                                   Nd146
  60 147   6  22    -0.08927    -0.26610                                   Nd147
  60 148   6  22     0.47636     0.78867                                   Nd148
  60 149   6  21     0.08743    -0.51800                                   Nd149
  60 150   6  23     0.36582     0.72889                                   Nd150
  60 151   6  20     0.65179    -0.03185                                   Nd151
  60 152   6  23     0.50009     0.94099                                   Nd152
  60 153   6  15     0.26419     0.28886                                   Nd153
