  28  56   6  23     0.52508     2.97779                                   Ni056
  28  57   6  23     0.93807     2.96990                                   Ni057
  28  58   6  22     0.45843     1.95442                                   Ni058
  28  59   5  38    -0.34562    -0.49114                                   Ni059
  28  60   6  22    -0.71836    -0.26868                                   Ni060
  28  61   7  36    -0.17352    -0.45311                                   Ni061
  28  62   5  38    -0.43699    -0.25302                                   Ni062
  28  63   7  36     0.16143     0.40635                                   Ni063
  28  64   6  23     0.38069     1.27166                                   Ni064
  28  65   6  23     0.59390     0.78108                                   Ni065
  28  66   6  23     0.41268     1.17145                                   Ni066
  28  68   5  19     0.00000     0.00000                                   Ni068
