  28  57   6  23     0.86211     2.95406                                   Ni057
  28  58   6  23     0.49240     1.98880                                   Ni058
  28  59   5  38    -0.46172    -0.66533                                   Ni059
  28  60   6  22    -0.67976    -0.20213                                   Ni060
  28  61   7  29    -0.31933    -0.64833                                   Ni061
  28  62   5  38    -0.40617    -0.20474                                   Ni062
  28  63   7  36     0.02277     0.26011                                   Ni063
  28  64   6  23     0.28939     1.19582                                   Ni064
  28  65   7  29     0.36450     0.67217                                   Ni065
  28  66   2  20     0.40210     0.91320                                   Ni066
  28  68   7  19    -1.00904    -2.20755                                   Ni068
