  76 171   6  23     0.34289     1.17480                                   Os171
  76 172   2  20     0.18822     0.70999                                   Os172
  76 174   6  22     0.36734     1.06220                                   Os174
  76 175   6  22    -0.14209     0.13359                                   Os175
  76 176   6  22     0.42098     1.13614                                   Os176
  76 177   7  21    -0.06106     0.40846                                   Os177
  76 180   6  15     0.26423     0.98334                                   Os180
  76 181   6  22    -0.16803     0.10526                                   Os181
  76 182   6  15     0.19492     0.62034                                   Os182
  76 183   4  22    -0.12402     0.16069                                   Os183
  76 184   6  15     0.45628     0.84356                                   Os184
  76 185   6  22    -0.12421     0.17842                                   Os185
  76 186   6  23     0.37091     0.95519                                   Os186
  76 187   6  36     0.13109    -0.06127                                   Os187
  76 188   2  27    -0.84745     0.53584                                   Os188
  76 189   5  38    -1.34658    -0.15244                                   Os189
  76 190   6  23    -0.59216     0.63251                                   Os190
  76 191   6  22    -1.21252    -0.57283                                   Os191
  76 192   6  23     0.47326     0.79912                                   Os192
  76 193   6  22    -0.63485    -0.15212                                   Os193
  76 194   6  23     0.52656     1.08207                                   Os194
