  82 188   6  22     0.27453     1.11310                                   Pb188
  82 190   6  22     0.62359     1.94694                                   Pb190
  82 192   6  15     0.44420     1.51823                                   Pb192
  82 195   2  20    -0.23263     0.06879                                   Pb195
  82 196   6  15     0.11989     0.72267                                   Pb196
  82 197   7  33    -0.04780     0.41935                                   Pb197
  82 202   6  23     0.62300     1.42314                                   Pb202
  82 203   5  17     0.13502     0.77295                                   Pb203
  82 204   2  20     0.40376     0.90209                                   Pb204
  82 205   7  29    -0.07775    -0.12144                                   Pb205
  82 206   6  15     0.27887     0.60469                                   Pb206
  82 207   7  29    -0.50442    -0.78090                                   Pb207
  82 208   6  15     0.10414    -0.63234                                   Pb208
  82 209   2  20     0.94728     0.93737                                   Pb209
  82 210   6  23     1.24583     2.08752                                   Pb210
  82 211   6  15     0.20892     0.77650                                   Pb211
