  46  95   2  20     0.18895     0.91919                                   Pd095
  46  97   2  20     0.14080     0.74220                                   Pd097
  46  98   6  23     0.23761     1.08837                                   Pd098
  46  99   6  21    -0.01527    -0.03320                                   Pd099
  46 100   6  23     0.13697     0.53511                                   Pd100
  46 101   6  21    -0.27506    -0.83866                                   Pd101
  46 102   6  23     0.08036     0.25289                                   Pd102
  46 103   6  21    -0.21863    -0.56913                                   Pd103
  46 104   6  23     0.04925     0.16267                                   Pd104
  46 105   4  22    -0.19302    -0.58532                                   Pd105
  46 106   6  23    -0.11646     0.61895                                   Pd106
  46 107   7  29    -0.04398    -0.21888                                   Pd107
  46 108   6  22    -0.18938     0.62917                                   Pd108
  46 109   7  29    -0.19368    -0.78064                                   Pd109
  46 110   6  23     0.13898     0.40244                                   Pd110
  46 111   6  15     0.08288    -0.62904                                   Pd111
  46 112   6  23     0.23280     0.57978                                   Pd112
  46 113   6  22    -0.31687    -0.53859                                   Pd113
  46 114   6  22     0.54994     1.25960                                   Pd114
  46 116   6  15     0.11921     0.25786                                   Pd116
  46 118   6  19     0.91904     1.62943                                   Pd118
