  61 139   4  22    -0.22543     0.02807                                   Pm139
  61 140   6  22     0.07303     0.22273                                   Pm140
  61 141   6  22    -0.07759     0.13647                                   Pm141
  61 142   7  21     0.09203     0.23279                                   Pm142
  61 143   5  17     0.14044     0.93108                                   Pm143
  61 144   6  23     0.08053     0.13131                                   Pm144
  61 145   6  36     0.02329    -0.17018                                   Pm145
  61 146   6  22    -0.19768    -0.48962                                   Pm146
  61 147   6  23     0.00064    -0.10595                                   Pm147
  61 148   7  29     0.14449    -0.17991                                   Pm148
  61 149   4  22    -0.23746    -0.33201                                   Pm149
  61 151   6  22    -0.02037     0.21694                                   Pm151
  61 153   6  22    -0.04477     0.12926                                   Pm153
  61 155   6  22    -0.18840     0.27889                                   Pm155
