  61 139   6  22    -0.24961     0.01214                                   Pm139
  61 140   6  22     0.06835     0.22194                                   Pm140
  61 141   2  20    -0.00474     0.02495                                   Pm141
  61 142   7  21     0.08757     0.23137                                   Pm142
  61 143   2  20     0.16547     0.79858                                   Pm143
  61 144   6  23     0.05635     0.12480                                   Pm144
  61 145   6  36    -0.10031    -0.24109                                   Pm145
  61 146   6  22    -0.23788    -0.50611                                   Pm146
  61 147   6  23    -0.05262    -0.12334                                   Pm147
  61 148   7  29     0.04195    -0.20228                                   Pm148
  61 149   4  22    -0.13458    -0.30046                                   Pm149
  61 151   6  22     0.08624     0.22465                                   Pm151
  61 153   6  22     0.06994     0.15599                                   Pm153
  61 155   6  22    -0.28093     0.25850                                   Pm155
