  84 196   6  15     0.48013     1.51907                                   Po196
  84 198   6  22     0.65136     1.95085                                   Po198
  84 200   6  15     0.27612     0.91700                                   Po200
  84 202   6  15     0.37211     1.13945                                   Po202
  84 203   6  15     0.24071     0.69147                                   Po203
  84 204   6  23     0.47193     1.49959                                   Po204
  84 205   6  15     0.27172     0.62011                                   Po205
  84 206   6  23     0.52961     1.65550                                   Po206
  84 207   6  23     0.24490     0.54123                                   Po207
  84 208   6  23     0.42356     1.13492                                   Po208
  84 209   6  23     0.27318     0.94511                                   Po209
  84 210   7  29    -0.02800     0.11259                                   Po210
