  59 133   4  22     0.03106     0.13209                                   Pr133
  59 135   6  36     0.12170     0.48848                                   Pr135
  59 137   6  22     0.06785     0.26163                                   Pr137
  59 138   6  22     0.29564     0.36134                                   Pr138
  59 139   6  36     0.18650     0.76779                                   Pr139
  59 140   6  21    -0.07410    -0.19562                                   Pr140
  59 141   2  20     0.03268     0.04809                                   Pr141
  59 142   7  29    -0.00193    -0.13026                                   Pr142
  59 143   4  16     0.03686     0.07444                                   Pr143
  59 145   6  22     0.18883     0.40875                                   Pr145
  59 147   6  22     0.17718     0.37837                                   Pr147
  59 148   6  16     0.38930     0.34529                                   Pr148
