  78 177   6  22     0.12381     0.31676                                   Pt177
  78 180   6  22     0.29342     0.88411                                   Pt180
  78 181   4  22    -0.04080    -0.10490                                   Pt181
  78 182   6  22     0.30418     0.81981                                   Pt182
  78 183   4  22     0.01880     0.04786                                   Pt183
  78 184   6  22     0.34311     0.85399                                   Pt184
  78 185   6  22    -0.05116    -0.09619                                   Pt185
  78 186   6  15     0.34607     0.85481                                   Pt186
  78 187   7  33     0.06126     0.14710                                   Pt187
  78 188   6  15     0.33330     0.93016                                   Pt188
  78 189   2  20    -0.02853    -0.03717                                   Pt189
  78 190   6  23     0.35001     0.94969                                   Pt190
  78 191   2  26    -0.04524    -0.07159                                   Pt191
  78 192   6  23     0.34783     0.86483                                   Pt192
  78 193   6  22    -0.41810    -0.35028                                   Pt193
  78 194   2  20     0.26374     0.63634                                   Pt194
  78 195   6  22    -0.47052    -0.30175                                   Pt195
  78 196   5  38    -0.33939     0.54576                                   Pt196
  78 197   6  22    -1.01840    -0.37873                                   Pt197
  78 198   6  15     0.31286     0.82182                                   Pt198
  78 199   6  22    -0.32607     0.25626                                   Pt199
  78 200   6  15     0.50654     1.17080                                   Pt200
