  37  77   6  20     0.07807     0.64979                                   Rb077
  37  78   7  36    -0.15787    -0.73057                                   Rb078
  37  79   7  36    -0.24589    -0.70345                                   Rb079
  37  80   7  22     0.00005    -0.17560                                   Rb080
  37  81   7  22    -0.12487    -1.06824                                   Rb081
  37  82   7  22    -0.06529    -0.89595                                   Rb082
  37  83   6  21    -0.28263    -1.07231                                   Rb083
  37  84   6  20    -0.05709    -0.64518                                   Rb084
  37  85   7  36    -0.01077    -0.11451                                   Rb085
  37  86   4  22    -0.20244    -0.10003                                   Rb086
  37  87   6  23     0.23149     0.79399                                   Rb087
  37  88   6  22    -0.02429     0.20226                                   Rb088
  37  89   6  21     0.15311     0.29403                                   Rb089
  37  90   6  22     0.42408     0.74510                                   Rb090
  37  91   6  22     0.01381     0.38020                                   Rb091
  37  93   6  22     0.33635     0.96278                                   Rb093
