  75 173   6  22     0.22986     0.69578                                   Re173
  75 175   6  22     0.02261     0.38465                                   Re175
  75 177   7  33     0.17970     0.54902                                   Re177
  75 181   2  20     0.08067     0.25746                                   Re181
  75 183   7  33     0.25686     0.60109                                   Re183
  75 184   6  23     0.13913     0.26738                                   Re184
  75 185   6  15     0.22623     0.48934                                   Re185
  75 186   6  22     0.31690     0.07631                                   Re186
  75 187   6  22     0.05056     0.10287                                   Re187
  75 188   6  22     0.27297     0.07328                                   Re188
  75 189   6  22     0.21800     0.45454                                   Re189
  75 191   6  22     0.13395     0.27224                                   Re191
