  45  97   6  36     0.09414     0.08980                                   Rh097
  45  99   4  37    -0.04302    -0.20195                                   Rh099
  45 100   2  18    -0.18720    -1.51379                                   Rh100
  45 101   6  15    -0.09214    -0.66652                                   Rh101
  45 102   7  22    -0.00215    -0.81722                                   Rh102
  45 103   7  33    -0.09026    -0.30545                                   Rh103
  45 104   7  36    -0.20942    -0.81052                                   Rh104
  45 105   6  20    -0.02106    -0.37306                                   Rh105
  45 107   6  21    -0.26320    -0.59227                                   Rh107
  45 109   2  20    -0.25456    -0.52759                                   Rh109
  45 111   6  23    -0.22947    -0.39759                                   Rh111
  45 113   6  23    -0.23493    -0.37767                                   Rh113
  45 115   6  22    -0.04715     0.06109                                   Rh115
