  44  91   6  22     0.36427     1.71997                                   Ru091
  44  94   6  22     0.47827     2.55601                                   Ru094
  44  95   6  22     0.23688     0.77698                                   Ru095
  44  96   2  20     0.23660     1.02559                                   Ru096
  44  97   6  23     0.04964     0.20361                                   Ru097
  44  98   7  36     0.08283     0.33792                                   Ru098
  44  99   6  15    -0.18588    -0.48610                                   Ru099
  44 100   6  23     0.04024     0.40357                                   Ru100
  44 101   7  29    -0.28293    -0.53127                                   Ru101
  44 102   6  23    -0.13060     0.64770                                   Ru102
  44 103   4  22    -0.27503    -0.72734                                   Ru103
  44 104   6  23     0.29525     0.83741                                   Ru104
  44 105   6  22    -0.48984    -0.54782                                   Ru105
  44 106   6  22     0.45770     1.10104                                   Ru106
  44 107   7  29    -0.46222    -0.88519                                   Ru107
  44 108   6  23     0.42751     0.88182                                   Ru108
  44 109   4  22    -0.61840    -1.08859                                   Ru109
  44 110   7  29     0.27720     0.58203                                   Ru110
  44 111   2  26    -0.67038    -1.17362                                   Ru111
  44 112   6  22     0.27323     0.59127                                   Ru112
