  44  91   6  22     0.21317     1.64475                                   Ru091
  44  94   6  22     0.72940     2.85061                                   Ru094
  44  95   6  22     0.08008     0.68696                                   Ru095
  44  96   2  20     0.28998     1.05512                                   Ru096
  44  97   6  15    -0.11549     0.04895                                   Ru097
  44  98   7  36     0.13007     0.36580                                   Ru098
  44  99   7  29    -0.29801    -0.46041                                   Ru099
  44 100   6  23     0.10996     0.45844                                   Ru100
  44 101   4  22    -0.43150    -0.56756                                   Ru101
  44 102   5  17    -0.08813     0.61580                                   Ru102
  44 103   4  22    -0.44001    -0.79519                                   Ru103
  44 104   6  23     0.29178     0.83605                                   Ru104
  44 105   7  21    -0.65495    -0.59277                                   Ru105
  44 106   6  22     0.45477     1.10004                                   Ru106
  44 107   7  29    -0.66341    -1.01465                                   Ru107
  44 108   6  23     0.49530     0.91241                                   Ru108
  44 109   7  29    -0.52825    -0.60451                                   Ru109
  44 110   7  29     0.34888     0.60849                                   Ru110
  44 111   2  26    -0.88957    -1.33226                                   Ru111
  44 112   6  22     0.36935     0.61838                                   Ru112
