  51 108   6  22     0.51669     1.65220                                   Sb108
  51 109   2  20     0.19033     0.82906                                   Sb109
  51 111   2  20     0.26489     1.08311                                   Sb111
  51 112   4  22    -0.05226    -0.14392                                   Sb112
  51 113   6  15     0.29023     1.04432                                   Sb113
  51 114   7  33    -0.00227    -0.01345                                   Sb114
  51 115   6  23     0.42452     1.37065                                   Sb115
  51 116   6  22     0.01568     0.04366                                   Sb116
  51 117   2  20     0.04497     0.13168                                   Sb117
  51 118   6  21     0.13747    -0.01048                                   Sb118
  51 119   2  20     0.12471     0.39500                                   Sb119
  51 120   6  22    -0.13289    -0.30051                                   Sb120
  51 121   6  15     0.13284     0.40546                                   Sb121
  51 122   6  20    -0.28054    -0.89474                                   Sb122
  51 123   6  22     0.10609     0.30694                                   Sb123
  51 124   6  21    -0.37183    -1.12314                                   Sb124
  51 125   6  23     0.13422     0.38239                                   Sb125
  51 127   6  15     0.26578     0.74337                                   Sb127
  51 129   6  15     0.59962     1.25402                                   Sb129
  51 130   6  22     0.10720     0.35338                                   Sb130
  51 131   2  20     0.33672     1.04189                                   Sb131
  51 133   7  36    -0.79935    -2.64045                                   Sb133
  51 135   4  22    -0.37224    -0.25736                                   Sb135
