  62 136   6  23     0.57841     2.40753                                   Sm136
  62 137   6  15     0.58614     1.54653                                   Sm137
  62 138   6  22     0.54088     1.97191                                   Sm138
  62 139   6  22     0.18296     0.53469                                   Sm139
  62 141   6  22     0.09487     0.24632                                   Sm141
  62 142   6  23     0.35538     1.37726                                   Sm142
  62 143   2  20     0.22356     0.54674                                   Sm143
  62 144   2  20    -0.03976    -0.09975                                   Sm144
  62 145   6  23    -0.31735     0.10406                                   Sm145
  62 146   6  23     0.40980     0.91437                                   Sm146
  62 147   6  23    -0.03851    -0.07768                                   Sm147
  62 148   6  23    -0.14781     0.51319                                   Sm148
  62 149   7  29     0.31908    -0.19369                                   Sm149
  62 150   5  38     0.32767     0.69963                                   Sm150
  62 151   4  22    -0.08219    -0.06212                                   Sm151
  62 152   2  20     0.17808     0.31826                                   Sm152
  62 153   6  22    -0.10908    -0.35473                                   Sm153
  62 154   6  22     0.16660     0.35706                                   Sm154
  62 155   6  22     0.13169     0.11577                                   Sm155
  62 156   6  22     0.27695     0.51886                                   Sm156
