  62 136   6  22     0.61535     2.35357                                   Sm136
  62 137   6  22     0.49703     1.75803                                   Sm137
  62 138   6  22     0.61393     1.98727                                   Sm138
  62 139   2  20    -0.09443     0.25188                                   Sm139
  62 141   6  22    -0.11060     0.17249                                   Sm141
  62 142   6  22     0.16913     1.28460                                   Sm142
  62 143   2  20     0.00078     0.44645                                   Sm143
  62 144   2  20    -0.05673    -0.10835                                   Sm144
  62 145   6  22    -0.60194    -0.11320                                   Sm145
  62 146   6  23     0.51755     0.97331                                   Sm146
  62 147   6  22    -0.26695    -0.20242                                   Sm147
  62 148   6  23    -0.05943     0.56050                                   Sm148
  62 149   6  22     0.04320    -0.36957                                   Sm149
  62 150   6  23     0.41361     0.72762                                   Sm150
  62 151   6  22    -0.39682    -0.22769                                   Sm151
  62 152   2  20     0.19701     0.32384                                   Sm152
  62 153   6  22    -0.35555    -0.42680                                   Sm153
  62 154   6  22     0.12148     0.34573                                   Sm154
  62 155   6  22    -0.09559     0.06429                                   Sm155
  62 156   6  22     0.20536     0.49931                                   Sm156
  62 157   6  15     0.45049     0.94490                                   Sm157
