  50 107   2  20     0.11188     0.84597                                   Sn107
  50 108   6  23     0.62730     2.18001                                   Sn108
  50 109   6  15    -0.29035    -0.46298                                   Sn109
  50 110   6  23     0.29960     0.99027                                   Sn110
  50 111   6  22    -0.08058     0.19516                                   Sn111
  50 112   4  22     0.34352     0.87992                                   Sn112
  50 113   6  23     0.17981    -0.07754                                   Sn113
  50 114   6  23    -0.06963     0.19079                                   Sn114
  50 115   7  29     0.11015     0.17205                                   Sn115
  50 116   6  23     0.30356     1.21262                                   Sn116
  50 117   6  23     0.12666     0.16822                                   Sn117
  50 118   5  38     0.00055     0.60019                                   Sn118
  50 119   7  29    -0.06724    -0.36840                                   Sn119
  50 120   6  23    -0.09621     0.22891                                   Sn120
  50 121   4  22    -0.18606    -0.55589                                   Sn121
  50 122   6  23     0.35286     1.00781                                   Sn122
  50 123   6  22    -0.58770    -0.12342                                   Sn123
  50 124   6  23     0.70645     1.70281                                   Sn124
  50 126   6  23     0.80900     1.86905                                   Sn126
  50 127   5  38    -0.11942     0.77576                                   Sn127
  50 132   6  22    -0.26223     0.61691                                   Sn132
