  38  78   6  23     0.37742     1.60741                                   Sr078
  38  79   2  20    -0.29625    -0.64067                                   Sr079
  38  80   6  23     0.21925     1.07637                                   Sr080
  38  81   6  21    -0.29953    -0.68071                                   Sr081
  38  82   6  22     0.28584     1.67105                                   Sr082
  38  83   4  22    -0.21497    -0.37766                                   Sr083
  38  84   6  23     0.36038     1.34397                                   Sr084
  38  85   7  36    -0.02913    -0.88842                                   Sr085
  38  86   6  23     0.49205     1.57055                                   Sr086
  38  87   7  29    -0.13211    -0.44652                                   Sr087
  38  88   5  17     0.13008     0.89838                                   Sr088
  38  89   7  29     0.27338     0.93504                                   Sr089
  38  90   7  29     0.86304     1.84580                                   Sr090
  38  91   6  23     1.45987     2.30391                                   Sr091
  38  93   6  22     0.40634     0.97445                                   Sr093
  38  94   6  15     0.92732     1.66407                                   Sr094
  38  95   6  22     0.49062     0.80327                                   Sr095
  38  96   2  20     0.27035     0.62850                                   Sr096
