  73 167   7  33     0.00973     0.20209                                   Ta167
  73 169   4  22    -0.01520    -0.07800                                   Ta169
  73 171   4  22     0.02662     0.08901                                   Ta171
  73 172   6  22     0.08006     0.20818                                   Ta172
  73 177   7  33    -0.03909     0.28778                                   Ta177
  73 179   6  23     0.25228     0.31237                                   Ta179
  73 180   7  33     0.13255     0.19842                                   Ta180
  73 181   6  22     0.18052     0.53229                                   Ta181
  73 182   6  22    -0.10445     0.13197                                   Ta182
  73 183   6  22    -0.03010     0.38188                                   Ta183
