  65 147   7  36     0.07865     0.38975                                   Tb147
  65 148   6  22     0.25068     0.57339                                   Tb148
  65 149   6  23     0.01972    -0.52109                                   Tb149
  65 151   6  23     0.29584     0.32769                                   Tb151
  65 153   7  33    -0.06148    -0.02491                                   Tb153
  65 155   2  26     0.00523     0.03264                                   Tb155
  65 156   2  26     0.14850     0.05820                                   Tb156
  65 157   6  22     0.00758     0.01752                                   Tb157
  65 158   4  34     0.30478    -0.01921                                   Tb158
  65 159   6  22    -0.02007    -0.04180                                   Tb159
  65 160   6  22    -0.46034     0.05478                                   Tb160
  65 161   2  20    -0.00407     0.00066                                   Tb161
  65 163   6  23     0.19098     0.41022                                   Tb163
