  52 114   6  23     0.57758     1.87214                                   Te114
  52 116   6  23     0.71089     2.19799                                   Te116
  52 117   6  22     0.02835     0.48093                                   Te117
  52 118   6  23     0.15767     1.09122                                   Te118
  52 119   4  22    -0.20707    -0.11852                                   Te119
  52 120   6  23     0.05796     0.57381                                   Te120
  52 121   4  22    -0.37774    -0.53629                                   Te121
  52 122   6  23     0.18009     1.00708                                   Te122
  52 123   5  38    -0.31618     0.60207                                   Te123
  52 124   7  29    -0.02317     0.41856                                   Te124
  52 125   6  15    -0.18249    -0.63795                                   Te125
  52 126   5  38     0.15538     0.55702                                   Te126
  52 127   7  29    -0.06504     0.29229                                   Te127
  52 128   6  15     0.26875     0.90316                                   Te128
  52 129   7  29    -0.13639    -0.08217                                   Te129
  52 130   6  23     0.52118     1.68931                                   Te130
  52 131   7  36     0.62644     0.53846                                   Te131
  52 132   6  23     0.75728     1.82922                                   Te132
  52 133   2  20     0.02236     0.65725                                   Te133
  52 135   6  22    -1.44630    -1.44210                                   Te135
