  81 187   2  20     0.43625     0.58819                                   Tl187
  81 189   6  23     0.44083     0.54851                                   Tl189
  81 190   6  15     0.60700     0.15490                                   Tl190
  81 195   2  20     0.00216     0.61052                                   Tl195
  81 197   6  15     0.21103     0.60851                                   Tl197
  81 198   6  20     0.43252     0.43387                                   Tl198
  81 199   6  15     0.27082     0.79562                                   Tl199
  81 200   6  15     0.24878     0.62188                                   Tl200
  81 201   6  15     0.33156     0.78045                                   Tl201
  81 202   6  15     0.22148     0.58541                                   Tl202
  81 203   6  15     0.09278     0.41164                                   Tl203
  81 204   6  22    -0.50385     0.01792                                   Tl204
  81 205   6  22     0.16411     0.30239                                   Tl205
  81 206   6  23    -0.01630     0.68478                                   Tl206
  81 207   6  22     0.15811     0.85240                                   Tl207
  81 208   6  22     0.60230     0.88791                                   Tl208
