  69 153   2  20     0.05250     0.23794                                   Tm153
  69 157   4  18     0.00797     0.05683                                   Tm157
  69 160   6  22     0.06227     0.18505                                   Tm160
  69 161   2  26    -0.04122    -0.11022                                   Tm161
  69 162   5  20     0.24811     0.64333                                   Tm162
  69 163   2  26    -0.04043    -0.11845                                   Tm163
  69 165   7  33     0.01042     0.04939                                   Tm165
  69 167   6  22     0.01319     0.03636                                   Tm167
  69 168   7  29    -0.18578    -0.37732                                   Tm168
  69 169   6  22    -0.00636    -0.01923                                   Tm169
  69 170   5  54    -0.01904     0.10728                                   Tm170
  69 171   2  20    -0.00504     0.11897                                   Tm171
  69 172   2  20     0.07086     0.14799                                   Tm172
  69 173   6  22     0.35990     0.68079                                   Tm173
  69 175   6  23     0.00028     0.73144                                   Tm175
