  54 117   7  33    -0.20278    -0.16719                                   Xe117
  54 118   2  20     0.20313     0.81936                                   Xe118
  54 119   4  34    -0.29148    -0.43639                                   Xe119
  54 120   2  20     0.19724     0.71911                                   Xe120
  54 121   6  22    -0.33949    -0.50966                                   Xe121
  54 122   6  23     0.50083     1.53843                                   Xe122
  54 123   6  22    -0.27058    -0.26848                                   Xe123
  54 124   6  23     0.13999     0.92612                                   Xe124
  54 125   6  22    -0.32272    -0.39548                                   Xe125
  54 126   6  23     0.08894     0.72222                                   Xe126
  54 127   6  22    -0.38921    -0.55110                                   Xe127
  54 128   6  23     0.14499     0.87174                                   Xe128
  54 129   5  17    -0.58779    -0.54054                                   Xe129
  54 130   6  22    -0.17358     0.86396                                   Xe130
  54 131   6  15     0.22265    -0.17074                                   Xe131
  54 132   7  29     0.15394     0.51684                                   Xe132
  54 133   6  22     0.23714     0.22191                                   Xe133
  54 134   6  23     0.50176     1.61444                                   Xe134
  54 135   6  23     0.69527     0.89670                                   Xe135
  54 136   6  22     0.46430     1.35406                                   Xe136
  54 138   6  22     1.34207     1.57619                                   Xe138
  54 140   6  22     1.43496     1.74390                                   Xe140
