  39  80   2  20     0.12053     0.15397                                   Y080
  39  81   2  20    -0.04537    -0.54123                                   Y081
  39  82   2  20    -0.08975    -0.56356                                   Y082
  39  83   6  20    -0.09401    -0.99131                                   Y083
  39  85   7  22    -0.13945    -0.94116                                   Y085
  39  86   7  22     0.14437    -0.37040                                   Y086
  39  87   6  15     0.19090     0.36268                                   Y087
  39  88   7  36    -0.09600    -0.05085                                   Y088
  39  89   6  23     0.04875    -0.08538                                   Y089
  39  90   7  29    -0.31205     0.33468                                   Y090
  39  91   6  23     0.32588     0.60148                                   Y091
  39  93   6  22     0.29726     0.78888                                   Y093
  39  95   6  22     1.00967     1.82623                                   Y095
  39  97   2  20     0.72625     0.72876                                   Y097
  39  99   6  22    -0.08482     0.14867                                   Y099
