  70 160   6  22     0.05213     0.52617                                   Yb160
  70 162   6  15     0.17177     0.76762                                   Yb162
  70 164   6  15     0.13612     0.63427                                   Yb164
  70 165   7  33    -0.10830     0.27947                                   Yb165
  70 166   6  22     0.16822     0.43356                                   Yb166
  70 167   4  34    -0.36429    -0.34540                                   Yb167
  70 168   6  22     0.15012     0.37642                                   Yb168
  70 169   6  36     0.23820     0.08189                                   Yb169
  70 170   6  23     0.19727     0.26219                                   Yb170
  70 171   7  33    -0.20780     0.26481                                   Yb171
  70 172   5  38     0.27137     0.59117                                   Yb172
  70 173   6  22    -0.06313     0.12441                                   Yb173
  70 174   6  22     0.56214     0.54138                                   Yb174
  70 175   6  22    -0.02791     0.05240                                   Yb175
  70 176   7  29     0.33410     0.28173                                   Yb176
  70 177   6  22     0.03124     0.15743                                   Yb177
  70 178   6  15     0.76375     1.07770                                   Yb178
