  70 160   6  22     0.04685     0.52351                                   Yb160
  70 162   6  15     0.26334     0.82386                                   Yb162
  70 164   6  15     0.21505     0.64934                                   Yb164
  70 165   4  22     0.03320     0.14779                                   Yb165
  70 166   6  22     0.16780     0.43348                                   Yb166
  70 167   4  34    -0.12643    -0.26187                                   Yb167
  70 168   6  22     0.14749     0.37549                                   Yb168
  70 169   6  36     0.45632     0.12148                                   Yb169
  70 170   6  22     0.12959     0.23200                                   Yb170
  70 171   6  22     0.00188     0.27568                                   Yb171
  70 172   6  23     0.33564     0.58013                                   Yb172
  70 173   2  20     0.10380     0.05945                                   Yb173
  70 174   6  22     0.55537     0.53910                                   Yb174
  70 175   6  22     0.22779     0.11746                                   Yb175
  70 176   7  29     0.26642     0.26079                                   Yb176
  70 177   6  22     0.29578     0.21603                                   Yb177
  70 178   6  15     0.62247     1.13275                                   Yb178
