  30  61   6  23     0.21920     1.01313                                   Zn061
  30  62   6  23     0.35533     1.89609                                   Zn062
  30  63   2  20    -0.01383    -0.11854                                   Zn063
  30  64   6  23     0.15326     0.59980                                   Zn064
  30  65   7  29    -0.03386    -0.10755                                   Zn065
  30  66   7  36     0.34019     1.38626                                   Zn066
  30  67   7  36    -0.04633    -0.03365                                   Zn067
  30  68   5  38    -0.27733     0.09955                                   Zn068
  30  69   5  26     0.22344    -0.41995                                   Zn069
  30  70   6  22     0.38221     1.13013                                   Zn070
  30  71   6  22     0.69141     1.13862                                   Zn071
  30  72   6  23     0.38120     1.35678                                   Zn072
  30  75   2  20    -0.02741    -0.46064                                   Zn075
  30  77   2  20     0.03361    -0.06718                                   Zn077
