  30  61   6  23     0.14014     0.98992                                   Zn061
  30  62   6  23     0.37399     1.90527                                   Zn062
  30  63   2  20    -0.15237    -0.26715                                   Zn063
  30  64   6  23     0.17071     0.61790                                   Zn064
  30  65   7  29    -0.14833    -0.17564                                   Zn065
  30  66   7  36     0.41288     1.44346                                   Zn066
  30  67   7  36    -0.20266    -0.15897                                   Zn067
  30  68   5  38    -0.18967     0.21228                                   Zn068
  30  69   6  23    -0.03564    -0.75991                                   Zn069
  30  70   6  22     0.30913     1.08229                                   Zn070
  30  71   6  22     0.59984     1.10573                                   Zn071
  30  72   6  23     0.30402     1.32955                                   Zn072
  30  75   2  20    -0.15070    -0.56561                                   Zn075
  30  77   2  20    -0.06120    -0.14903                                   Zn077
