  40  82   6  22     0.44777     2.52372                                   Zr082
  40  83   2  20    -0.02461    -0.04732                                   Zr083
  40  84   6  22     0.42257     2.45712                                   Zr084
  40  85   6  22     0.39085     1.39052                                   Zr085
  40  86   2  20     0.29295     1.73733                                   Zr086
  40  87   5  17    -0.04531     0.48915                                   Zr087
  40  88   4  22     0.27997     1.39343                                   Zr088
  40  89   4  37    -0.11031    -0.52509                                   Zr089
  40  90   6  23    -0.06079    -0.26070                                   Zr090
  40  91   7  36     0.03793     0.44697                                   Zr091
  40  92   6  22    -0.24543     0.59887                                   Zr092
  40  93   6  22    -0.09273     0.59986                                   Zr093
  40  94   6  22    -0.21201     1.07856                                   Zr094
  40  95   6  22     0.27612     0.90604                                   Zr095
  40  96   7  29     0.95505     2.01136                                   Zr096
  40  97   6  22     0.49328     1.55358                                   Zr097
  40  98   6  22     0.67545     1.18435                                   Zr098
  40  99   7  29    -0.27847    -0.54461                                   Zr099
  40 100   6  22     0.32276     0.67212                                   Zr100
  40 101   4  22    -0.35354    -0.48652                                   Zr101
  40 102   6  22     0.19923     0.48272                                   Zr102
