  40  82   6  22     0.46163     2.61736                                   Zr082
  40  83   2  20    -0.14807    -0.11221                                   Zr083
  40  84   6  22     0.35022     2.43776                                   Zr084
  40  85   6  22     0.26770     1.37624                                   Zr085
  40  86   2  20     0.36233     1.76310                                   Zr086
  40  87   7  33    -0.12164     0.62640                                   Zr087
  40  88   6  23     0.34924     1.39067                                   Zr088
  40  89   4  37    -0.22782    -0.61630                                   Zr089
  40  90   4  37     0.00708    -0.30746                                   Zr090
  40  91   7  29    -0.14804     0.28827                                   Zr091
  40  92   6  22    -0.15791     0.68599                                   Zr092
  40  93   6  22    -0.25151     0.51589                                   Zr093
  40  94   6  22    -0.11631     1.14512                                   Zr094
  40  95   6  22     0.11326     0.82885                                   Zr095
  40  96   7  29     1.06188     2.05368                                   Zr096
  40  97   6  22     0.27716     1.45099                                   Zr097
  40  98   6  22     0.53700     1.14419                                   Zr098
  40  99   7  29    -0.50743    -0.69814                                   Zr099
  40 100   6  22     0.13577     0.58492                                   Zr100
  40 101   4  22    -0.37279    -0.44226                                   Zr101
  40 102   6  22     0.21306     0.48787                                   Zr102
