  47 100   6  19    10.74292     0.00000   5  19     5.92824     0.00000   Ag100
  47 101   5  19    11.74969     0.00000   5  19     6.50621     0.00000   Ag101
  47 102   6  19    12.52601     0.00000   4  16     6.95800     0.00000   Ag102
  47 103   5  47    13.47668     0.00000   5  47     7.48827     0.00000   Ag103
  47 104   4  20    14.46058     0.00000   4  20     8.12571     0.00000   Ag104
  47 105   5  19    15.13760     0.00000   4  20     8.44870     0.00000   Ag105
  47 106   4  20    16.14489     0.00000   5  19     9.03169     0.00000   Ag106
  47 108   7  46    17.30873     0.00000   7  46     9.59584     0.00000   Ag108
  47 109   4  20    18.77219     0.00000   0   0     0.00000     0.00000   Ag109
  47 110   5  47    19.11946     0.00000   5  47    10.71765     0.00000   Ag110
  47 111   5  19    19.71052     0.00000   0   0     0.00000     0.00000   Ag111
  47 115   3   8    18.14123     0.00000   3   7     9.77741     0.00000   Ag115
