  18  35   4  16     4.79818     0.00000   3  15     2.78672     0.00000   Ar035
  18  36   7  41     4.68827     0.00000   5  35     2.71195     0.00000   Ar036
  18  37   7  31     5.14411     0.00000   7  31     2.95864     0.00000   Ar037
  18  38   6  48     5.69599     0.00000   6  48     3.30388     0.00000   Ar038
  18  39   7  16     6.52036     0.00000   7  25     3.83873     0.00000   Ar039
  18  40   6  17     7.35045     0.00000   7  16     4.28759     0.00000   Ar040
  18  41   7  16     8.05510     0.00000   6  19     5.03855     0.00000   Ar041
  18  42   7  16     8.12404     0.00000   7  16     4.73793     0.00000   Ar042
  18  43   2  17     8.06001     0.00000   6  17     4.62362     0.00000   Ar043
  18  45   0   0     0.00000     0.00000   3  15     4.29004     0.00000   Ar045
