  33  68   7  16     9.71714     0.00000   7  16     5.40047     0.00000   As068
  33  69   6  19    10.37264     0.00000   7  18     5.77951     0.00000   As069
  33  70   7  41    11.03440     0.00000   7  41     6.14825     0.00000   As070
  33  71   7  31    11.42335     0.00000   3   4     6.37276     0.00000   As071
  33  72   6  38    12.12442     0.00000   7  31     6.77364     0.00000   As072
  33  73   4  22    12.40606     0.00000   4  22     6.91915     0.00000   As073
  33  74   6  38    12.79058     0.00000   7  31     7.15535     0.00000   As074
  33  75   7  41    12.80897     0.00000   6  17     7.14727     0.00000   As075
  33  76   7  16    12.40904     0.00000   7  32     6.67483     0.00000   As076
  33  77   5  35    12.87679     0.00000   7  31     7.16322     0.00000   As077
  33  78   6  16    12.77540     0.00000   6  16     7.11500     0.00000   As078
  33  79   2  17    12.59734     0.00000   3   3     6.99266     0.00000   As079
  33  80   7  16    12.12762     0.00000   0   0     0.00000     0.00000   As080
  33  81   5  19    11.73405     0.00000   7  16     6.46721     0.00000   As081
  33  82   7  16    11.41057     0.00000   3  15     5.61671     0.00000   As082
  33  83   3  15    11.20858     0.00000   3   3     6.07033     0.00000   As083
