  33  68   6  19    10.61682     0.00000   5  17     6.08681     0.00000   As068
  33  69   6  19    11.20114     0.00000   5  19     6.46268     0.00000   As069
  33  70   6  19    11.99561     0.00000   4  34     6.95139     0.00000   As070
  33  71   5  19    12.22001     0.00000   6  25     7.05730     0.00000   As071
  33  72   3  10    13.18844     0.00000   3   9     7.65041     0.00000   As072
  33  73   4  20    13.46726     0.00000   4  20     7.78449     0.00000   As073
  33  74   6  42    13.99898     0.00000   6  42     8.12067     0.00000   As074
  33  75   4  16    13.93486     0.00000   4  20     8.03869     0.00000   As075
  33  76   6  42    13.65164     0.00000   6  42     7.66070     0.00000   As076
  33  77   2  21    14.03451     0.00000   2  21     8.09679     0.00000   As077
  33  78   4  20    14.05073     0.00000   5  19     8.13352     0.00000   As078
  33  79   6  25    13.80123     0.00000   4  16     7.95274     0.00000   As079
  33  80   4  16    13.31243     0.00000   0   0     0.00000     0.00000   As080
  33  81   6  19    12.99652     0.00000   0   0     0.00000     0.00000   As081
  33  82   3   4    12.75074     0.00000   3   5     6.65304     0.00000   As082
