  79 177   3  15    21.31886     0.00000   0   0     0.00000     0.00000   Au177
  79 183   3  11    26.40024     0.00000   5  17    14.17948     0.00000   Au183
  79 184   4  16    27.19424     0.00000   4  20    14.68712     0.00000   Au184
  79 185   3   3    26.14378     0.00000   5  19    14.00663     0.00000   Au185
  79 186   4  16    26.52268     0.00000   4  16    14.12492     0.00000   Au186
  79 187   2  21    26.22754     0.00000   6  25    13.93679     0.00000   Au187
  79 189   4  16    25.91077     0.00000   4  20    13.75940     0.00000   Au189
  79 191   4  16    25.03642     0.00000   5  19    13.21175     0.00000   Au191
  79 192   7  16    24.83196     0.00000   7  16    13.15273     0.00000   Au192
  79 194   7  16    23.56888     0.00000   0   0     0.00000     0.00000   Au194
  79 195   4  20    22.76189     0.00000   4  20    11.96431     0.00000   Au195
  79 196   5  19    23.05734     0.00000   0   0     0.00000     0.00000   Au196
  79 197   5  19    21.74049     0.00000   0   0     0.00000     0.00000   Au197
  79 198   3   4    20.29357     0.00000   0   0     0.00000     0.00000   Au198
  79 199   5  19    19.76026     0.00000   5  19    10.28164     0.00000   Au199
  79 201   7  20    18.24570     0.00000   0   0     0.00000     0.00000   Au201
