  56 121   6  19    18.36479     0.00000   6  19    10.13432     0.00000   Ba121
  56 122   3   9    18.29395     0.00000   6  19    10.05614     0.00000   Ba122
  56 123   5  19    19.28169     0.00000   5  19    10.66074     0.00000   Ba123
  56 124   6  19    18.92425     0.00000   6  19    10.41617     0.00000   Ba124
  56 126   4  16    19.42513     0.00000   6  25    10.69117     0.00000   Ba126
  56 127   4  20    20.17215     0.00000   5  19    11.15294     0.00000   Ba127
  56 128   7  46    19.58754     0.00000   7  46    10.76618     0.00000   Ba128
  56 129   6  25    20.16388     0.00000   5  19    11.21582     0.00000   Ba129
  56 130   4  20    19.47300     0.00000   4  20    10.69091     0.00000   Ba130
  56 131   4  20    19.63491     0.00000   4  20    10.78451     0.00000   Ba131
  56 132   6  25    19.02802     0.00000   5  19    10.43586     0.00000   Ba132
  56 133   4  20    19.20848     0.00000   5  19    10.58962     0.00000   Ba133
  56 134   6  19    18.02742     0.00000   7  46     9.95955     0.00000   Ba134
  56 135   4  20    17.52184     0.00000   5  19     9.53696     0.00000   Ba135
  56 136   5  19    16.50901     0.00000   5  19     9.03275     0.00000   Ba136
  56 137   4  20    15.52073     0.00000   0   0     0.00000     0.00000   Ba137
  56 138   6  19    14.01323     0.00000   6  19     7.41754     0.00000   Ba138
  56 139   7  34    15.76579     0.00000   5  19     8.45312     0.00000   Ba139
  56 140   2  21    17.22364     0.00000   0   0     0.00000     0.00000   Ba140
  56 141   4  34    18.84109     0.00000   0   0     0.00000     0.00000   Ba141
  56 142   4  16    19.47075     0.00000   0   0     0.00000     0.00000   Ba142
  56 143   4  20    21.17502     0.00000   0   0     0.00000     0.00000   Ba143
  56 144   6  17    21.27280     0.00000   0   0     0.00000     0.00000   Ba144
  56 145   6  19    22.41733     0.00000   0   0     0.00000     0.00000   Ba145
  56 146   2  21    23.31344     0.00000   0   0     0.00000     0.00000   Ba146
