  83 191   0   0     0.00000     0.00000   3  12    13.77492     0.00000   Bi191
  83 199   6  19    23.00978     0.00000   3  15     9.72017     0.00000   Bi199
  83 201   6  17    21.15636     0.00000   3  15    10.12918     0.00000   Bi201
  83 203   3  21    19.58559     0.00000   3  21    10.13767     0.00000   Bi203
  83 204   7  16    18.49008     0.00000   0   0     0.00000     0.00000   Bi204
  83 205   4  16    17.55057     0.00000   6  17     9.00680     0.00000   Bi205
  83 206   7  18    16.30083     0.00000   0   0     0.00000     0.00000   Bi206
  83 207   4  20    15.42934     0.00000   4  20     7.82428     0.00000   Bi207
  83 208   5  19    13.93941     0.00000   0   0     0.00000     0.00000   Bi208
  83 209   4  20    13.47613     0.00000   0   0     0.00000     0.00000   Bi209
  83 211   7  16    17.04346     0.00000   0   0     0.00000     0.00000   Bi211
  83 213   7  20    21.55914     0.00000   0   0     0.00000     0.00000   Bi213
