  83 191   3   7    24.93080     0.00000   3   9    12.76435     0.00000   Bi191
  83 193   3  14    24.54262     0.00000   3  15    12.32569     0.00000   Bi193
  83 199   3   4    21.48934     0.00000   0   0     0.00000     0.00000   Bi199
  83 201   5  19    19.96248     0.00000   0   0     0.00000     0.00000   Bi201
  83 203   5  19    18.24713     0.00000   3  21     9.11522     0.00000   Bi203
  83 204   7  16    17.15172     0.00000   0   0     0.00000     0.00000   Bi204
  83 205   7  16    16.38673     0.00000   7  16     8.07437     0.00000   Bi205
  83 206   7  16    15.05401     0.00000   0   0     0.00000     0.00000   Bi206
  83 207   6  17    14.33320     0.00000   6  19     6.96158     0.00000   Bi207
  83 208   6  19    12.77581     0.00000   0   0     0.00000     0.00000   Bi208
  83 209   7  31    12.27828     0.00000   0   0     0.00000     0.00000   Bi209
  83 211   6  19    15.57797     0.00000   6  19     7.58731     0.00000   Bi211
  83 213   4  16    19.59827     0.00000   7  16     9.64571     0.00000   Bi213
