  35  71   3  20    10.42495     0.00000   2  17     5.78946     0.00000   Br071
  35  72   7  16    10.12920     0.00000   7  16     5.40310     0.00000   Br072
  35  73   7  18    11.47173     0.00000   3  12     6.38740     0.00000   Br073
  35  74   3  21    12.73845     0.00000   3  21     6.71779     0.00000   Br074
  35  75   5  34    12.40931     0.00000   5  34     6.90208     0.00000   Br075
  35  76   4  16    13.00614     0.00000   4  16     7.33600     0.00000   Br076
  35  77   4  16    13.46931     0.00000   5  17     7.61438     0.00000   Br077
  35  78   6  17    13.39825     0.00000   7  18     7.50256     0.00000   Br078
  35  79   4  16    13.73791     0.00000   5  19     7.75764     0.00000   Br079
  35  80   3  15    12.59833     0.00000   3  15     6.75853     0.00000   Br080
  35  81   3  39    12.99099     0.00000   7  31     7.18191     0.00000   Br081
  35  82   5  19    11.99699     0.00000   4  22     6.42803     0.00000   Br082
  35  83   7  18    12.16174     0.00000   7  16     6.68490     0.00000   Br083
  35  85   0   0     0.00000     0.00000   3   7     6.15116     0.00000   Br085
