  35  71   3   3    11.38803     0.00000   2  17     6.53701     0.00000   Br071
  35  72   3  20    11.00999     0.00000   3  30     6.10698     0.00000   Br072
  35  73   6  19    12.47729     0.00000   6  19     7.16919     0.00000   Br073
  35  74   4  20    13.88021     0.00000   4  20     7.59775     0.00000   Br074
  35  75   6  25    13.50764     0.00000   6  25     7.76415     0.00000   Br075
  35  76   4  20    14.14703     0.00000   0   0     0.00000     0.00000   Br076
  35  77   4  20    14.64515     0.00000   0   0     0.00000     0.00000   Br077
  35  78   6  25    14.61544     0.00000   4  20     8.42702     0.00000   Br078
  35  79   5  19    14.93524     0.00000   0   0     0.00000     0.00000   Br079
  35  80   7  41    13.81139     0.00000   4  16     7.71545     0.00000   Br080
  35  81   3  22    14.18069     0.00000   5  19     8.12689     0.00000   Br081
  35  82   3  23    13.20131     0.00000   3  34     7.38125     0.00000   Br082
  35  83   6  19    12.95656     0.00000   4  20     7.39138     0.00000   Br083
  35  85   0   0     0.00000     0.00000   3  11     7.04801     0.00000   Br085
