  48 100   3   5     8.96677     0.00000   0   0     0.00000     0.00000   Cd100
  48 101   4  20    10.22008     0.00000   0   0     0.00000     0.00000   Cd101
  48 102   6  19    10.78987     0.00000   7  47     6.01199     0.00000   Cd102
  48 103   2  21    12.05050     0.00000   0   0     0.00000     0.00000   Cd103
  48 104   6  25    12.66575     0.00000   4  20     7.01575     0.00000   Cd104
  48 105   6  25    13.90890     0.00000   0   0     0.00000     0.00000   Cd105
  48 106   6  25    14.30373     0.00000   5  19     7.95620     0.00000   Cd106
  48 108   7  46    15.78138     0.00000   5  19     8.79392     0.00000   Cd108
  48 110   4  16    17.04142     0.00000   5  47     9.52181     0.00000   Cd110
  48 111   5  19    18.88617     0.00000   0   0     0.00000     0.00000   Cd111
  48 112   5  19    17.76339     0.00000   7  46     9.82709     0.00000   Cd112
  48 113   4  20    19.82721     0.00000   0   0     0.00000     0.00000   Cd113
  48 114   7  46    18.69102     0.00000   5  47    10.38686     0.00000   Cd114
  48 116   7  46    19.10339     0.00000   7  46    10.67494     0.00000   Cd116
  48 117   4  16    19.74839     0.00000   6  17    10.92126     0.00000   Cd117
  48 118   4  16    19.05382     0.00000   4  16    10.64062     0.00000   Cd118
  48 119   6  17    19.88023     0.00000   0   0     0.00000     0.00000   Cd119
  48 120   0   0     0.00000     0.00000   3  10    10.39698     0.00000   Cd120
  48 121   6  19    19.05809     0.00000   0   0     0.00000     0.00000   Cd121
  48 122   3   4    17.65125     0.00000   0   0     0.00000     0.00000   Cd122
