  48 101   7  16     9.13635     0.00000   0   0     0.00000     0.00000   Cd101
  48 102   6  17     9.91626     0.00000   6  48     5.25967     0.00000   Cd102
  48 103   4  22    10.86386     0.00000   4  22     5.73515     0.00000   Cd103
  48 104   6  17    11.62124     0.00000   7  18     6.18884     0.00000   Cd104
  48 105   7  18    12.58525     0.00000   7  16     6.72574     0.00000   Cd105
  48 106   6  38    13.14227     0.00000   6  17     7.04384     0.00000   Cd106
  48 107   2  21    14.82728     0.00000   6  25     8.12470     0.00000   Cd107
  48 108   6  17    14.50228     0.00000   6  17     7.79397     0.00000   Cd108
  48 109   2  21    16.65807     0.00000   2  21     9.17633     0.00000   Cd109
  48 110   2  17    15.69522     0.00000   5  51     8.45865     0.00000   Cd110
  48 111   6  42    17.15887     0.00000   6  42     9.30343     0.00000   Cd111
  48 112   7  18    16.24906     0.00000   7  16     8.65619     0.00000   Cd112
  48 113   3  13    17.96838     0.00000   7  34     9.72269     0.00000   Cd113
  48 114   7  47    17.10172     0.00000   7  47     9.15356     0.00000   Cd114
  48 115   6  19    18.97106     0.00000   6  19    10.32754     0.00000   Cd115
  48 116   7  47    17.45758     0.00000   7  31     9.39781     0.00000   Cd116
  48 117   7  16    17.77791     0.00000   6  17     9.42368     0.00000   Cd117
  48 118   7  18    17.36561     0.00000   7  16     9.35079     0.00000   Cd118
  48 119   7  16    17.84413     0.00000   7  16     9.61521     0.00000   Cd119
  48 120   3   4    16.96167     0.00000   0   0     0.00000     0.00000   Cd120
  48 121   7  18    17.01904     0.00000   7  18     9.09785     0.00000   Cd121
  48 122   5  17    16.14617     0.00000   4  16     8.57442     0.00000   Cd122
  48 123   0   0     0.00000     0.00000   7  16     8.46490     0.00000   Cd123
