  58 124   3   8    16.64787     0.00000   3   9     8.83480     0.00000   Ce124
  58 125   7  18    17.38054     0.00000   3  10     9.26176     0.00000   Ce125
  58 126   5  19    17.29368     0.00000   7  16     9.18034     0.00000   Ce126
  58 127   5  19    20.32090     0.00000   0   0     0.00000     0.00000   Ce127
  58 128   6  19    17.95228     0.00000   7  18     9.54402     0.00000   Ce128
  58 129   5  19    18.60833     0.00000   2  17     9.91910     0.00000   Ce129
  58 130   5  19    18.30867     0.00000   7  16     9.74092     0.00000   Ce130
  58 131   3  21    18.96226     0.00000   3  28    10.09473     0.00000   Ce131
  58 132   3  30    18.42811     0.00000   6  17     9.80824     0.00000   Ce132
  58 133   7  16    18.90235     0.00000   7  16    10.04452     0.00000   Ce133
  58 134   6  19    18.24320     0.00000   5  19     9.65671     0.00000   Ce134
  58 135   3   9    18.26145     0.00000   3   9     9.67594     0.00000   Ce135
  58 136   3   5    17.66360     0.00000   7  16     9.31842     0.00000   Ce136
  58 137   4  16    17.87787     0.00000   4  16     9.56932     0.00000   Ce137
  58 138   6  17    16.67207     0.00000   7  16     8.72644     0.00000   Ce138
  58 139   6  38    15.97409     0.00000   0   0     0.00000     0.00000   Ce139
  58 140   6  48    15.21386     0.00000   7  16     7.73448     0.00000   Ce140
  58 141   2  43    15.88211     0.00000   0   0     0.00000     0.00000   Ce141
  58 142   3  28    17.80332     0.00000   4  34     9.34546     0.00000   Ce142
  58 143   5  17    19.06423     0.00000   4  16    10.07049     0.00000   Ce143
  58 144   3  21    18.97195     0.00000   3  21     9.98313     0.00000   Ce144
  58 145   6  16    20.03229     0.00000   3  15    10.60685     0.00000   Ce145
  58 146   2  17    20.67221     0.00000   6  48    10.93114     0.00000   Ce146
  58 147   3   5    22.12791     0.00000   6  16    11.34525     0.00000   Ce147
  58 148   6  19    21.96313     0.00000   6  19    11.62962     0.00000   Ce148
  58 149   6  19    22.76369     0.00000   6  16    12.01388     0.00000   Ce149
  58 150   5  19    23.02753     0.00000   7  16    12.02565     0.00000   Ce150
