  27  55   7  41     5.69313     0.00000   7  47     3.11563     0.00000   Co055
  27  56   7  41     5.62241     0.00000   7  41     3.12755     0.00000   Co056
  27  57   3  30     6.48299     0.00000   4  27     3.55383     0.00000   Co057
  27  58   7  46     6.85188     0.00000   7  16     3.83687     0.00000   Co058
  27  59   7  18     7.64734     0.00000   5  19     4.27856     0.00000   Co059
  27  60   3  30     7.93309     0.00000   5  19     4.24125     0.00000   Co060
  27  61   4  48     8.92390     0.00000   4  48     5.00905     0.00000   Co061
  27  62   7  16     9.14642     0.00000   7  16     4.97162     0.00000   Co062
  27  63   6  16    10.09345     0.00000   7  16     5.53707     0.00000   Co063
  27  65   6  17    11.19750     0.00000   0   0     0.00000     0.00000   Co065
