  55 117   3   4    17.18199     0.00000   0   0     0.00000     0.00000   Cs117
  55 122   6  25    20.26270     0.00000   0   0     0.00000     0.00000   Cs122
  55 123   4  20    20.30516     0.00000   0   0     0.00000     0.00000   Cs123
  55 124   5  19    19.58516     0.00000   5  26    10.80601     0.00000   Cs124
  55 125   6  17    19.51454     0.00000   3   8    10.77012     0.00000   Cs125
  55 126   3  22    19.68917     0.00000   4  20    10.85893     0.00000   Cs126
  55 127   5  19    19.58317     0.00000   4  16    10.76781     0.00000   Cs127
  55 129   5  19    19.38706     0.00000   5  19    10.64713     0.00000   Cs129
  55 131   4  16    18.89468     0.00000   5  19    10.33493     0.00000   Cs131
  55 132   6  17    18.45546     0.00000   4  20    10.11615     0.00000   Cs132
  55 133   4  16    17.79427     0.00000   2  17     9.73788     0.00000   Cs133
  55 134   7  46    16.90448     0.00000   7  46     9.22789     0.00000   Cs134
  55 137   5  19    13.92808     0.00000   6  16     7.51876     0.00000   Cs137
  55 138   5  19    15.05560     0.00000   0   0     0.00000     0.00000   Cs138
  55 139   4  16    16.51545     0.00000   0   0     0.00000     0.00000   Cs139
  55 140   6  19    17.24725     0.00000   0   0     0.00000     0.00000   Cs140
  55 141   4  16    18.90613     0.00000   0   0     0.00000     0.00000   Cs141
  55 142   7  18    19.40616     0.00000   0   0     0.00000     0.00000   Cs142
  55 143   4  16    20.90260     0.00000   0   0     0.00000     0.00000   Cs143
