  55 117   3  10    15.99612     0.00000   0   0     0.00000     0.00000   Cs117
  55 122   5  19    18.81419     0.00000   6  19    10.40374     0.00000   Cs122
  55 123   5  19    18.92604     0.00000   5  19    10.36474     0.00000   Cs123
  55 124   7  31    18.13594     0.00000   7  31     9.69194     0.00000   Cs124
  55 125   3   3    18.17037     0.00000   3   4     9.69774     0.00000   Cs125
  55 126   5  35    18.20190     0.00000   4  22     9.71215     0.00000   Cs126
  55 127   2  17    18.14598     0.00000   3  17     9.67438     0.00000   Cs127
  55 129   5  19    17.97017     0.00000   5  19     9.53786     0.00000   Cs129
  55 130   5  19    19.19499     0.00000   7  16    10.60150     0.00000   Cs130
  55 131   4  16    17.41524     0.00000   5  17     9.18656     0.00000   Cs131
  55 132   7  16    17.00307     0.00000   7  16     8.98501     0.00000   Cs132
  55 133   6  16    16.39744     0.00000   7  16     8.63704     0.00000   Cs133
  55 134   7  47    15.57214     0.00000   7  47     8.16442     0.00000   Cs134
  55 137   7  16    12.93043     0.00000   3  11     6.66502     0.00000   Cs137
  55 138   7  16    13.62000     0.00000   3  13     6.72346     0.00000   Cs138
  55 139   5  19    15.01344     0.00000   7  18     7.81005     0.00000   Cs139
  55 140   7  16    15.64821     0.00000   7  16     8.14390     0.00000   Cs140
  55 141   7  18    17.03589     0.00000   6  16     8.92588     0.00000   Cs141
  55 142   7  16    17.63021     0.00000   3   6     9.22435     0.00000   Cs142
  55 143   7  16    18.81714     0.00000   7  16     9.89996     0.00000   Cs143
