  29  58   7  31     5.45777     0.00000   7  18     3.00528     0.00000   Cu058
  29  59   5  51     6.16666     0.00000   5  51     3.39986     0.00000   Cu059
  29  60   7  34     6.72090     0.00000   4  16     3.57396     0.00000   Cu060
  29  61   6  48     7.26016     0.00000   7  47     4.03812     0.00000   Cu061
  29  62   3  25     7.70341     0.00000   3  21     4.27426     0.00000   Cu062
  29  63   7  18     8.35939     0.00000   7  18     4.65864     0.00000   Cu063
  29  64   3  21     8.69189     0.00000   7  31     4.77125     0.00000   Cu064
  29  65   6  17     9.41655     0.00000   6  17     5.26642     0.00000   Cu065
  29  66   3  15     8.96935     0.00000   7  16     4.76277     0.00000   Cu066
  29  67   3  21     9.81398     0.00000   0   0     0.00000     0.00000   Cu067
  29  69   6  17    11.16315     0.00000   0   0     0.00000     0.00000   Cu069
  29  71   7  16    11.80885     0.00000   6  19     6.49388     0.00000   Cu071
