  66 143   5  17    20.12663     0.00000   3   7    10.79405     0.00000   Dy143
  66 150   5  26    20.18596     0.00000   4  20    10.92599     0.00000   Dy150
  66 151   4  20    21.74481     0.00000   4  20    11.82564     0.00000   Dy151
  66 152   3   6    22.21570     0.00000   3   6    12.07514     0.00000   Dy152
  66 153   4  16    23.83910     0.00000   5  19    13.03825     0.00000   Dy153
  66 154   4  20    23.82575     0.00000   5  19    12.94774     0.00000   Dy154
  66 155   4  20    25.46578     0.00000   4  20    13.92190     0.00000   Dy155
  66 156   4  20    24.67552     0.00000   4  20    13.40011     0.00000   Dy156
  66 158   4  20    24.79776     0.00000   5  19    13.46032     0.00000   Dy158
  66 159   5  19    24.04859     0.00000   5  19    12.81969     0.00000   Dy159
  66 160   7  46    24.71805     0.00000   7  46    13.41803     0.00000   Dy160
  66 161   7  47    24.92039     0.00000   5  19    13.46971     0.00000   Dy161
  66 162   5  19    23.57969     0.00000   4  20    12.61024     0.00000   Dy162
  66 163   5  47    23.82225     0.00000   5  47    12.71582     0.00000   Dy163
  66 164   4  16    23.24100     0.00000   4  16    12.33597     0.00000   Dy164
  66 165   6  25    24.00903     0.00000   4  20    12.81432     0.00000   Dy165
  66 166   4  16    24.54686     0.00000   5  19    13.31706     0.00000   Dy166
