  66 143   6  19    18.42256     0.00000   7  18     9.68959     0.00000   Dy143
  66 150   7  31    18.75901     0.00000   7  31     9.79706     0.00000   Dy150
  66 151   4  20    19.97638     0.00000   7  16    10.47481     0.00000   Dy151
  66 152   7  16    20.65271     0.00000   3  15    10.80553     0.00000   Dy152
  66 153   7  18    21.99324     0.00000   7  16    11.56178     0.00000   Dy153
  66 154   3  15    22.23117     0.00000   3   7    11.69834     0.00000   Dy154
  66 155   4  22    23.52079     0.00000   5  26    12.39087     0.00000   Dy155
  66 156   3  29    22.84844     0.00000   3  20    12.06704     0.00000   Dy156
  66 157   5  19    25.64102     0.00000   5  19    13.99914     0.00000   Dy157
  66 158   6  17    23.01438     0.00000   7  18    12.09891     0.00000   Dy158
  66 159   7  25    22.07992     0.00000   5  19    11.33941     0.00000   Dy159
  66 160   6  48    22.88391     0.00000   6  17    11.99158     0.00000   Dy160
  66 161   4  27    22.85678     0.00000   6  17    11.89900     0.00000   Dy161
  66 162   5  19    21.78937     0.00000   5  19    11.23572     0.00000   Dy162
  66 163   7  41    21.77878     0.00000   7  16    11.16678     0.00000   Dy163
  66 164   6  16    21.39427     0.00000   7  16    10.91868     0.00000   Dy164
  66 165   7  16    21.88350     0.00000   6  16    11.17483     0.00000   Dy165
  66 166   6  16    22.62740     0.00000   7  16    11.82044     0.00000   Dy166
