  68 153   3   8    21.42149     0.00000   0   0     0.00000     0.00000   Er153
  68 155   7  16    23.38974     0.00000   7  16    12.70074     0.00000   Er155
  68 156   6  19    23.18956     0.00000   4  20    12.53472     0.00000   Er156
  68 157   4  16    24.99701     0.00000   7  18    13.62137     0.00000   Er157
  68 158   3  22    24.35068     0.00000   2  21    13.19498     0.00000   Er158
  68 159   5  19    25.47679     0.00000   5  19    13.86174     0.00000   Er159
  68 160   4  20    24.85792     0.00000   5  19    13.47007     0.00000   Er160
  68 161   4  20    25.57384     0.00000   5  19    13.90048     0.00000   Er161
  68 162   4  20    24.99620     0.00000   5  19    13.50540     0.00000   Er162
  68 163   5  19    26.15488     0.00000   0   0     0.00000     0.00000   Er163
  68 164   4  16    24.81537     0.00000   4  20    13.41896     0.00000   Er164
  68 165   6  42    24.77881     0.00000   5  19    13.33804     0.00000   Er165
  68 166   2  21    24.49852     0.00000   5  19    13.23792     0.00000   Er166
  68 167   2  21    24.26535     0.00000   5  19    13.03582     0.00000   Er167
  68 168   4  16    23.34763     0.00000   4  16    12.35945     0.00000   Er168
  68 169   7  46    23.84125     0.00000   7  46    12.66522     0.00000   Er169
  68 170   5  19    24.81478     0.00000   5  19    13.43734     0.00000   Er170
  68 171   4  20    24.27075     0.00000   5  19    12.92702     0.00000   Er171
  68 172   4  20    24.92952     0.00000   5  19    13.48822     0.00000   Er172
