  68 153   3   3    19.73874     0.00000   3   3    10.32150     0.00000   Er153
  68 155   3  15    21.56007     0.00000   3  15    11.36258     0.00000   Er155
  68 156   4  16    21.67692     0.00000   4  20    11.36174     0.00000   Er156
  68 157   6  18    23.05087     0.00000   6  17    12.15863     0.00000   Er157
  68 158   3  27    22.68247     0.00000   5  26    11.91564     0.00000   Er158
  68 159   5  19    23.67192     0.00000   5  19    12.35821     0.00000   Er159
  68 160   5  19    23.13093     0.00000   7  18    12.14946     0.00000   Er160
  68 161   6  19    23.60678     0.00000   6  17    12.39906     0.00000   Er161
  68 162   4  29    23.17867     0.00000   4  29    12.14486     0.00000   Er162
  68 163   7  46    24.10940     0.00000   5  19    12.78740     0.00000   Er163
  68 164   2  17    23.07427     0.00000   6  17    12.06396     0.00000   Er164
  68 165   5  37    22.75631     0.00000   5  37    11.80176     0.00000   Er165
  68 166   3  21    22.72284     0.00000   6  17    11.85197     0.00000   Er166
  68 167   2  54    22.23210     0.00000   7  18    11.49110     0.00000   Er167
  68 168   7  16    21.58485     0.00000   7  16    10.99458     0.00000   Er168
  68 169   7  16    21.75045     0.00000   7  16    11.08127     0.00000   Er169
  68 170   4  16    22.57297     0.00000   6  16    11.82598     0.00000   Er170
  68 171   6  17    22.09764     0.00000   3  21    11.27814     0.00000   Er171
  68 172   3   4    22.88236     0.00000   5  19    11.90005     0.00000   Er172
