  63 139   4  16    20.09641     0.00000   4  16    10.92068     0.00000   Eu139
  63 140   3   8    20.14478     0.00000   4  16    10.93330     0.00000   Eu140
  63 141   3   8    20.49032     0.00000   0   0     0.00000     0.00000   Eu141
  63 142   6  17    20.05458     0.00000   3   3    10.88571     0.00000   Eu142
  63 143   4  16    19.65950     0.00000   4  16    10.64561     0.00000   Eu143
  63 144   5  19    18.31121     0.00000   0   0     0.00000     0.00000   Eu144
  63 145   5  19    18.39089     0.00000   5  19     9.92143     0.00000   Eu145
  63 146   7  18    19.40337     0.00000   4  16    10.28447     0.00000   Eu146
  63 147   6  25    20.58134     0.00000   6  25    11.18123     0.00000   Eu147
  63 149   6  19    22.19584     0.00000   2  21    12.28791     0.00000   Eu149
  63 150   2  21    24.21807     0.00000   4  20    13.36318     0.00000   Eu150
  63 151   6  25    24.45608     0.00000   4  20    13.35281     0.00000   Eu151
  63 152   7  46    25.83006     0.00000   7  46    14.16206     0.00000   Eu152
  63 153   7  18    22.40390     0.00000   7  18    11.81420     0.00000   Eu153
  63 154   6  25    24.58731     0.00000   4  20    13.31432     0.00000   Eu154
  63 155   5  51    22.53734     0.00000   6  38    11.92614     0.00000   Eu155
  63 156   3  21    22.32924     0.00000   3  21    11.72683     0.00000   Eu156
  63 157   5  19    24.28768     0.00000   5  19    13.27419     0.00000   Eu157
  63 159   5  19    25.28841     0.00000   0   0     0.00000     0.00000   Eu159
