  31  64   4  22     8.10979     0.00000   7  18     4.50010     0.00000   Ga064
  31  65   5  34     8.89527     0.00000   5  34     4.95143     0.00000   Ga065
  31  66   6  17     9.41378     0.00000   5  35     5.24808     0.00000   Ga066
  31  67   6  48     9.97478     0.00000   2  17     5.55917     0.00000   Ga067
  31  68   2  17    10.45821     0.00000   2  17     5.84027     0.00000   Ga068
  31  69   7  31    10.97354     0.00000   7  41     6.13032     0.00000   Ga069
  31  70   4  39    10.21924     0.00000   4  39     5.40737     0.00000   Ga070
  31  71   6  17    11.85666     0.00000   7  18     6.63877     0.00000   Ga071
  31  72   7  16    11.48398     0.00000   7  16     6.12494     0.00000   Ga072
  31  73   3   6    12.35445     0.00000   3   7     6.91976     0.00000   Ga073
  31  75   6  17    12.28925     0.00000   5  19     6.84297     0.00000   Ga075
  31  77   5  19    11.96222     0.00000   5  19     6.63240     0.00000   Ga077
  31  80   4  16    11.06012     0.00000   7  16     6.16190     0.00000   Ga080
