  64 138   6  16    19.27431     0.00000   0   0     0.00000     0.00000   Gd138
  64 141   3   3    20.38580     0.00000   4  16    11.09490     0.00000   Gd141
  64 142   4  16    19.81139     0.00000   3   8    10.75780     0.00000   Gd142
  64 144   6  16    19.16725     0.00000   3   8    10.36914     0.00000   Gd144
  64 146   7  41    17.94369     0.00000   0   0     0.00000     0.00000   Gd146
  64 147   4  20    19.26271     0.00000   6  17    10.40896     0.00000   Gd147
  64 148   5  19    20.18411     0.00000   5  19    10.95429     0.00000   Gd148
  64 149   5  19    21.70811     0.00000   5  19    11.83617     0.00000   Gd149
  64 150   5  26    22.33721     0.00000   3  22    12.15587     0.00000   Gd150
  64 151   2  21    24.04361     0.00000   2  21    13.17321     0.00000   Gd151
  64 152   3  22    24.19714     0.00000   2  21    13.14126     0.00000   Gd152
  64 154   7  16    21.97981     0.00000   7  16    11.45490     0.00000   Gd154
  64 155   5  19    26.31124     0.00000   0   0     0.00000     0.00000   Gd155
  64 156   5  26    23.94931     0.00000   6  25    12.91389     0.00000   Gd156
  64 157   5  19    25.01410     0.00000   5  19    13.57896     0.00000   Gd157
  64 158   4  16    23.75915     0.00000   6  25    12.73655     0.00000   Gd158
  64 159   7  46    24.45329     0.00000   7  46    13.13239     0.00000   Gd159
  64 160   4  20    24.52808     0.00000   5  19    13.35529     0.00000   Gd160
  64 161   4  20    23.94836     0.00000   4  20    12.75569     0.00000   Gd161
  64 162   6  19    24.62031     0.00000   0   0     0.00000     0.00000   Gd162
