  32  65   4  16     9.35814     0.00000   0   0     0.00000     0.00000   Ge065
  32  66   4  16     9.79090     0.00000   4  16     5.66051     0.00000   Ge066
  32  67   4  16    11.02600     0.00000   0   0     0.00000     0.00000   Ge067
  32  68   4  20    11.09197     0.00000   4  20     6.43411     0.00000   Ge068
  32  69   5  47    12.42054     0.00000   0   0     0.00000     0.00000   Ge069
  32  70   5  19    12.12747     0.00000   5  19     7.03496     0.00000   Ge070
  32  71   4  20    13.76779     0.00000   0   0     0.00000     0.00000   Ge071
  32  72   6  42    13.23252     0.00000   6  42     7.69669     0.00000   Ge072
  32  73   4  34    14.53138     0.00000   0   0     0.00000     0.00000   Ge073
  32  74   5  19    13.11217     0.00000   4  16     7.31522     0.00000   Ge074
  32  75   4  20    14.09201     0.00000   5  26     8.13729     0.00000   Ge075
  32  76   7  46    13.82604     0.00000   0   0     0.00000     0.00000   Ge076
  32  77   2  21    14.28311     0.00000   0   0     0.00000     0.00000   Ge077
  32  78   5  19    13.20603     0.00000   4  20     7.64051     0.00000   Ge078
  32  79   4  16    13.39795     0.00000   4  16     7.53010     0.00000   Ge079
  32  80   6  17    12.65494     0.00000   0   0     0.00000     0.00000   Ge080
  32  82   7  16    11.13924     0.00000   7  16     6.54025     0.00000   Ge082
