  72 162   3  12    21.33094     0.00000   0   0     0.00000     0.00000   Hf162
  72 164   3   8    22.31040     0.00000   3   6    11.64703     0.00000   Hf164
  72 166   6  16    23.02803     0.00000   3  15    12.00325     0.00000   Hf166
  72 167   3   3    23.84148     0.00000   3   4    12.47068     0.00000   Hf167
  72 168   5  19    23.35654     0.00000   5  19    12.18975     0.00000   Hf168
  72 169   7  16    23.94618     0.00000   3  13    12.54560     0.00000   Hf169
  72 170   4  20    23.48633     0.00000   7  16    12.24480     0.00000   Hf170
  72 171   6  19    23.85961     0.00000   0   0     0.00000     0.00000   Hf171
  72 172   5  35    23.58285     0.00000   5  35    12.27766     0.00000   Hf172
  72 173   7  34    23.80287     0.00000   7  16    12.29902     0.00000   Hf173
  72 174   6  48    23.57549     0.00000   6  42    12.27175     0.00000   Hf174
  72 175   7  16    22.96908     0.00000   7  16    11.86489     0.00000   Hf175
  72 176   6  42    23.54560     0.00000   7  41    12.22355     0.00000   Hf176
  72 177   3  25    23.05403     0.00000   5  19    11.89294     0.00000   Hf177
  72 178   6  17    23.15746     0.00000   7  16    11.92056     0.00000   Hf178
  72 179   7  16    22.72824     0.00000   7  16    11.60217     0.00000   Hf179
  72 180   4  51    22.41286     0.00000   4  51    11.30546     0.00000   Hf180
  72 181   7  18    23.15488     0.00000   7  18    11.85799     0.00000   Hf181
  72 182   7  16    24.10008     0.00000   7  16    12.47004     0.00000   Hf182
