  80 179   6  17    25.51708     0.00000   3   6    13.64563     0.00000   Hg179
  80 180   5  19    24.43427     0.00000   3  17    12.97898     0.00000   Hg180
  80 182   4  16    25.44971     0.00000   6  17    13.53843     0.00000   Hg182
  80 183   3   3    26.52318     0.00000   3   4    14.16820     0.00000   Hg183
  80 184   5  19    25.78642     0.00000   6  19    13.71172     0.00000   Hg184
  80 185   0   0     0.00000     0.00000   4  16    14.35476     0.00000   Hg185
  80 186   6  19    25.85556     0.00000   6  19    13.72202     0.00000   Hg186
  80 188   4  16    25.62743     0.00000   6  17    13.61272     0.00000   Hg188
  80 190   6  19    24.85270     0.00000   3  12    13.28769     0.00000   Hg190
  80 192   4  20    24.33021     0.00000   4  20    12.85549     0.00000   Hg192
  80 193   3   3    24.43342     0.00000   0   0     0.00000     0.00000   Hg193
  80 194   7  16    23.23520     0.00000   5  17    12.24727     0.00000   Hg194
  80 195   5  19    23.07973     0.00000   5  19    12.17948     0.00000   Hg195
  80 196   3  21    21.92732     0.00000   3  21    11.50848     0.00000   Hg196
  80 197   0   0     0.00000     0.00000   5  19    11.21842     0.00000   Hg197
  80 198   7  46    20.34206     0.00000   7  46    10.61302     0.00000   Hg198
  80 200   5  19    18.83927     0.00000   0   0     0.00000     0.00000   Hg200
  80 203   7  18    15.91178     0.00000   0   0     0.00000     0.00000   Hg203
  80 204   6  17    15.14493     0.00000   0   0     0.00000     0.00000   Hg204
  80 205   6  17    14.08286     0.00000   0   0     0.00000     0.00000   Hg205
