  67 149   6  19    17.10787     0.00000   0   0     0.00000     0.00000   Ho149
  67 151   5  19    19.72283     0.00000   6  16    10.76370     0.00000   Ho151
  67 153   7  16    21.21598     0.00000   0   0     0.00000     0.00000   Ho153
  67 155   5  19    22.91387     0.00000   7  16    11.88255     0.00000   Ho155
  67 157   7  41    23.26955     0.00000   7  28    12.23183     0.00000   Ho157
  67 158   2  17    23.52531     0.00000   4  29    12.18039     0.00000   Ho158
  67 159   7  16    21.69789     0.00000   7  16    10.94408     0.00000   Ho159
  67 160   3  15    23.69350     0.00000   3  15    12.50260     0.00000   Ho160
  67 161   7  16    21.52826     0.00000   7  16    10.82658     0.00000   Ho161
  67 162   7  16    23.40106     0.00000   7  16    12.42671     0.00000   Ho162
  67 163   6  25    24.62965     0.00000   5  19    13.47017     0.00000   Ho163
  67 164   7  16    20.48816     0.00000   7  16    10.17802     0.00000   Ho164
  67 165   7  31    22.44498     0.00000   7  18    11.70909     0.00000   Ho165
  67 166   3  15    20.61664     0.00000   3  15    10.40511     0.00000   Ho166
  67 167   7  16    22.46409     0.00000   7  16    11.70030     0.00000   Ho167
  67 169   7  16    22.64681     0.00000   7  16    11.78274     0.00000   Ho169
