  49 102   5  19     9.07554     0.00000   7  16     5.01444     0.00000   In102
  49 103   3   7    10.24103     0.00000   0   0     0.00000     0.00000   In103
  49 104   5  19    11.14370     0.00000   0   0     0.00000     0.00000   In104
  49 105   7  34    12.05758     0.00000   6  25     6.65003     0.00000   In105
  49 106   6  17    12.96148     0.00000   3  12     7.17752     0.00000   In106
  49 107   4  16    13.44343     0.00000   4  16     7.43729     0.00000   In107
  49 108   7  18    13.07320     0.00000   7  18     6.84355     0.00000   In108
  49 109   3  39    14.83404     0.00000   4  16     8.23510     0.00000   In109
  49 110   7  16    14.38598     0.00000   7  16     7.55787     0.00000   In110
  49 111   5  47    16.08682     0.00000   7  46     8.94879     0.00000   In111
  49 112   6  17    15.41223     0.00000   6  16     8.08941     0.00000   In112
  49 114   6  38    16.82574     0.00000   6  38     9.04083     0.00000   In114
  49 116   7  46    18.07750     0.00000   7  46     9.82319     0.00000   In116
  49 118   4  16    18.94815     0.00000   0   0     0.00000     0.00000   In118
  49 121   4  16    18.20411     0.00000   4  16    10.08364     0.00000   In121
  49 125   7  18    13.19810     0.00000   7  16     6.58419     0.00000   In125
  49 127   6  17    13.37836     0.00000   0   0     0.00000     0.00000   In127
