  49 102   4  20     8.41851     0.00000   3  15     4.44459     0.00000   In102
  49 103   7  16     9.68001     0.00000   3   7     5.03790     0.00000   In103
  49 104   5  19    10.35622     0.00000   5  19     5.06419     0.00000   In104
  49 105   7  34    11.29214     0.00000   7  18     6.00468     0.00000   In105
  49 106   7  16    12.08730     0.00000   3  15     6.38685     0.00000   In106
  49 107   2  21    12.84475     0.00000   5  19     6.86719     0.00000   In107
  49 108   7  16    12.12587     0.00000   0   0     0.00000     0.00000   In108
  49 109   7  41    14.25291     0.00000   7  41     7.59544     0.00000   In109
  49 110   7  16    13.34910     0.00000   0   0     0.00000     0.00000   In110
  49 111   6  38    15.35537     0.00000   6  38     8.23971     0.00000   In111
  49 112   7  16    14.26317     0.00000   0   0     0.00000     0.00000   In112
  49 113   5  19    17.39759     0.00000   4  20     9.69350     0.00000   In113
  49 114   7  16    15.64036     0.00000   7  16     8.07300     0.00000   In114
  49 115   4  16    18.14553     0.00000   5  19    10.18061     0.00000   In115
  49 116   7  41    16.81255     0.00000   7  31     8.78364     0.00000   In116
  49 117   5  19    18.50526     0.00000   5  19    10.36218     0.00000   In117
  49 118   3  15    17.26505     0.00000   0   0     0.00000     0.00000   In118
  49 119   4  16    18.39822     0.00000   4  16    10.29962     0.00000   In119
  49 121   7  31    16.63571     0.00000   7  16     8.90818     0.00000   In121
  49 123   6  17    16.90170     0.00000   0   0     0.00000     0.00000   In123
