  77 175   6  16    24.93088     0.00000   3   4    13.30690     0.00000   Ir175
  77 177   5  17    25.67542     0.00000   4  16    13.69710     0.00000   Ir177
  77 181   5  19    25.85175     0.00000   6  19    13.78123     0.00000   Ir181
  77 182   5  19    26.22087     0.00000   4  20    13.99614     0.00000   Ir182
  77 183   7  16    25.89641     0.00000   0   0     0.00000     0.00000   Ir183
  77 184   2  21    25.86813     0.00000   6  25    13.79504     0.00000   Ir184
  77 185   4  16    25.55893     0.00000   4  16    13.60524     0.00000   Ir185
  77 186   6  16    26.54058     0.00000   0   0     0.00000     0.00000   Ir186
  77 187   4  20    25.58317     0.00000   5  19    13.61158     0.00000   Ir187
  77 188   6  16    25.06706     0.00000   0   0     0.00000     0.00000   Ir188
  77 189   2  21    25.34607     0.00000   2  21    13.46414     0.00000   Ir189
  77 190   7  46    26.02707     0.00000   0   0     0.00000     0.00000   Ir190
  77 191   5  19    24.91478     0.00000   4  20    13.34735     0.00000   Ir191
  77 192   4  20    24.94985     0.00000   0   0     0.00000     0.00000   Ir192
  77 193   7  46    24.38328     0.00000   0   0     0.00000     0.00000   Ir193
  77 194   4  20    23.63506     0.00000   0   0     0.00000     0.00000   Ir194
  77 195   5  19    23.12212     0.00000   5  19    12.19814     0.00000   Ir195
  77 197   4  16    21.32456     0.00000   3  18    11.64824     0.00000   Ir197
