  19  37   3  22     5.86565     0.00000   4  20     3.56628     0.00000   K037
  19  38   7  46     5.65492     0.00000   4  20     3.31466     0.00000   K038
  19  39   4  34     5.84556     0.00000   4  20     3.53389     0.00000   K039
  19  40   5  27     5.96053     0.00000   5  34     3.49977     0.00000   K040
  19  41   4  48     7.59353     0.00000   5  47     4.62667     0.00000   K041
  19  42   7  16     6.70887     0.00000   7  16     3.81329     0.00000   K042
  19  43   3  22     8.83927     0.00000   0   0     0.00000     0.00000   K043
  19  44   0   0     0.00000     0.00000   4  16     5.03476     0.00000   K044
  19  45   3  11     8.77963     0.00000   5  17     4.95871     0.00000   K045
  19  47   3   3     7.76178     0.00000   0   0     0.00000     0.00000   K047
