  42  88   3  12    12.28372     0.00000   4  16     6.91209     0.00000   Mo088
  42  90   6  19    11.86036     0.00000   5  19     6.65672     0.00000   Mo090
  42  91   7  46    11.88532     0.00000   5  19     6.68920     0.00000   Mo091
  42  92   7  46    10.88017     0.00000   7  47     6.07295     0.00000   Mo092
  42  93   7  46    11.59876     0.00000   7  46     6.44478     0.00000   Mo093
  42  94   7  46    12.89853     0.00000   7  46     7.27407     0.00000   Mo094
  42  95   7  47    13.93796     0.00000   0   0     0.00000     0.00000   Mo095
  42  96   4  20    14.73157     0.00000   4  20     8.23438     0.00000   Mo096
  42  97   2  21    15.57469     0.00000   2  21     8.73174     0.00000   Mo097
  42  98   6  25    16.33548     0.00000   7  46     9.10106     0.00000   Mo098
  42  99   5  19    18.11502     0.00000   0   0     0.00000     0.00000   Mo099
  42 100   2  21    18.27388     0.00000   5  19    10.39656     0.00000   Mo100
  42 102   4  20    19.42066     0.00000   4  20    11.04336     0.00000   Mo102
  42 103   4  16    20.40650     0.00000   0   0     0.00000     0.00000   Mo103
  42 104   2  21    20.18647     0.00000   2  21    11.50771     0.00000   Mo104
  42 105   4  16    20.85960     0.00000   0   0     0.00000     0.00000   Mo105
  42 106   5  19    20.76500     0.00000   6  19    11.86216     0.00000   Mo106
  42 107   4  16    21.81351     0.00000   0   0     0.00000     0.00000   Mo107
  42 108   4  16    21.78316     0.00000   0   0     0.00000     0.00000   Mo108
