  42  86   6  16    12.23597     0.00000   0   0     0.00000     0.00000   Mo086
  42  87   3   5    11.75901     0.00000   0   0     0.00000     0.00000   Mo087
  42  88   5  19    11.41668     0.00000   3   6     6.21579     0.00000   Mo088
  42  90   5  19    11.09279     0.00000   5  19     6.00175     0.00000   Mo090
  42  91   7  31    10.79486     0.00000   7  31     5.82534     0.00000   Mo091
  42  92   6  38    10.14460     0.00000   6  48     5.44608     0.00000   Mo092
  42  93   7  16    10.40210     0.00000   7  16     5.48084     0.00000   Mo093
  42  94   6  17    11.74834     0.00000   5  17     6.34466     0.00000   Mo094
  42  95   6  48    12.50942     0.00000   6  47     6.71576     0.00000   Mo095
  42  96   2  17    13.44447     0.00000   3  21     7.20182     0.00000   Mo096
  42  97   4  29    14.02598     0.00000   3  30     7.49938     0.00000   Mo097
  42  98   6  48    14.92532     0.00000   6  17     7.96919     0.00000   Mo098
  42  99   4  48    16.30256     0.00000   7  47     8.85645     0.00000   Mo099
  42 100   5  35    16.59102     0.00000   7  41     9.08659     0.00000   Mo100
  42 101   5  21    18.73439     0.00000   5  19    10.43667     0.00000   Mo101
  42 102   7  31    17.68964     0.00000   7  34     9.67389     0.00000   Mo102
  42 103   2  17    18.30558     0.00000   3   3    10.04752     0.00000   Mo103
  42 104   2  21    18.36235     0.00000   2  21    10.04998     0.00000   Mo104
  42 105   6  19    18.92861     0.00000   6  16    10.29017     0.00000   Mo105
  42 106   5  19    18.90250     0.00000   7  18    10.42081     0.00000   Mo106
  42 107   3   5    19.19240     0.00000   3   4     9.32172     0.00000   Mo107
  42 108   5  19    19.53063     0.00000   7  16    10.73727     0.00000   Mo108
