  41  83   4  16    12.47484     0.00000   0   0     0.00000     0.00000   Nb083
  41  84   4  16    12.40764     0.00000   4  16     7.01792     0.00000   Nb084
  41  87   5  19    12.82681     0.00000   6  17     7.24080     0.00000   Nb087
  41  89   5  19    12.51095     0.00000   5  19     6.90864     0.00000   Nb089
  41  90   6  19    11.96750     0.00000   4  20     6.72183     0.00000   Nb090
  41  91   6  19    11.26077     0.00000   5  19     6.25043     0.00000   Nb091
  41  92   4  16    11.82718     0.00000   6  16     5.55119     0.00000   Nb092
  41  93   6  52    12.97529     0.00000   3  53     7.23560     0.00000   Nb093
  41  94   4  22    13.16758     0.00000   4  22     7.14994     0.00000   Nb094
  41  95   6  19    14.77868     0.00000   5  19     8.33176     0.00000   Nb095
  41  96   5  19    15.10542     0.00000   0   0     0.00000     0.00000   Nb096
  41  97   6  17    16.08329     0.00000   5  19     8.67323     0.00000   Nb097
  41 100   2  17    18.93416     0.00000   4  16    10.81522     0.00000   Nb100
  41 101   5  21    19.88865     0.00000   3  22    11.43074     0.00000   Nb101
  41 103   5  19    20.05806     0.00000   5  17    11.32772     0.00000   Nb103
  41 105   6  17    20.55385     0.00000   0   0     0.00000     0.00000   Nb105
