  60 128   7  16    16.61911     0.00000   3  15     8.76523     0.00000   Nd128
  60 130   6  16    18.64060     0.00000   0   0     0.00000     0.00000   Nd130
  60 131   5  19    19.83922     0.00000   4  16    10.89881     0.00000   Nd131
  60 132   5  19    19.50068     0.00000   4  16    10.65615     0.00000   Nd132
  60 134   5  19    19.87244     0.00000   6  19    10.85711     0.00000   Nd134
  60 135   6  19    20.71543     0.00000   4  20    11.36737     0.00000   Nd135
  60 136   3   3    19.81239     0.00000   5  19    10.79616     0.00000   Nd136
  60 137   6  17    20.29938     0.00000   4  16    10.95181     0.00000   Nd137
  60 138   4  16    19.72560     0.00000   4  16    10.75416     0.00000   Nd138
  60 139   4  16    19.83354     0.00000   4  16    10.83740     0.00000   Nd139
  60 140   4  20    18.91381     0.00000   5  19    10.27390     0.00000   Nd140
  60 141   3   4    18.49538     0.00000   3  19    10.07084     0.00000   Nd141
  60 142   4  20    17.60103     0.00000   5  19     9.51791     0.00000   Nd142
  60 143   5  19    18.04038     0.00000   2  47     9.63875     0.00000   Nd143
  60 144   6  42    18.76299     0.00000   6  19     9.99841     0.00000   Nd144
  60 145   5  26    21.04361     0.00000   4  20    11.45211     0.00000   Nd145
  60 146   7  46    21.12673     0.00000   7  46    11.36860     0.00000   Nd146
  60 147   4  20    23.70336     0.00000   0   0     0.00000     0.00000   Nd147
  60 150   4  20    24.48972     0.00000   4  20    13.44607     0.00000   Nd150
  60 151   5  19    25.42541     0.00000   5  19    13.86009     0.00000   Nd151
  60 152   5  26    24.30018     0.00000   5  19    13.32210     0.00000   Nd152
  60 153   7  18    24.43225     0.00000   0   0     0.00000     0.00000   Nd153
  60 154   4  16    24.55246     0.00000   4  16    13.54378     0.00000   Nd154
