  60 128   7  16    15.45175     0.00000   3  15     7.88572     0.00000   Nd128
  60 130   3  15    17.34753     0.00000   0   0     0.00000     0.00000   Nd130
  60 131   6  19    18.34578     0.00000   4  16     9.77530     0.00000   Nd131
  60 132   7  16    18.22059     0.00000   3   5     9.66835     0.00000   Nd132
  60 133   5  19    21.26283     0.00000   0   0     0.00000     0.00000   Nd133
  60 134   3  15    18.58899     0.00000   7  16     9.84730     0.00000   Nd134
  60 135   5  19    19.11073     0.00000   6  19    10.13867     0.00000   Nd135
  60 136   7  16    18.57224     0.00000   7  16     9.82301     0.00000   Nd136
  60 137   3  11    18.70918     0.00000   3   5     9.90314     0.00000   Nd137
  60 138   4  20    18.26134     0.00000   6  16     9.62420     0.00000   Nd138
  60 139   7  16    18.22177     0.00000   3   4     9.60757     0.00000   Nd139
  60 140   6  19    17.46120     0.00000   7  18     9.16732     0.00000   Nd140
  60 141   3  20    16.91200     0.00000   7  18     8.78075     0.00000   Nd141
  60 142   5  17    16.18939     0.00000   7  16     8.44429     0.00000   Nd142
  60 143   5  19    16.24904     0.00000   2  54     8.27220     0.00000   Nd143
  60 144   7  16    17.22561     0.00000   7  16     8.78559     0.00000   Nd144
  60 145   3  30    19.02991     0.00000   4  26     9.90493     0.00000   Nd145
  60 146   7  41    19.45270     0.00000   7  38    10.04396     0.00000   Nd146
  60 147   3  21    21.45222     0.00000   3  21    11.25092     0.00000   Nd147
  60 148   4  20    23.47004     0.00000   5  19    12.71979     0.00000   Nd148
  60 149   4  20    24.38592     0.00000   4  20    13.17073     0.00000   Nd149
  60 150   3  21    22.56587     0.00000   3  21    11.92358     0.00000   Nd150
  60 151   4  22    23.11106     0.00000   6  17    12.07645     0.00000   Nd151
  60 152   3   3    22.29728     0.00000   5  19    11.77490     0.00000   Nd152
  60 153   3   8    22.19894     0.00000   3   5    11.68251     0.00000   Nd153
  60 154   3   3    22.50335     0.00000   3   4    11.86473     0.00000   Nd154
