  28  56   6  19     5.11839     0.00000   5  19     2.82111     0.00000   Ni056
  28  57   3   7     5.13551     0.00000   3  30     2.75685     0.00000   Ni057
  28  58   3  30     5.87884     0.00000   3  30     3.23743     0.00000   Ni058
  28  59   3  39     6.58104     0.00000   4  34     3.75665     0.00000   Ni059
  28  60   7  18     6.77736     0.00000   7  18     3.80409     0.00000   Ni060
  28  61   7  41     7.87153     0.00000   7  41     4.43566     0.00000   Ni061
  28  62   6  16     7.41876     0.00000   6  16     4.06747     0.00000   Ni062
  28  63   2  17     9.06868     0.00000   2  17     5.07282     0.00000   Ni063
  28  64   7  47     9.31546     0.00000   7  47     5.20702     0.00000   Ni064
  28  65   7  16     9.74750     0.00000   7  16     5.39358     0.00000   Ni065
  28  66   7  16    10.16276     0.00000   7  16     5.69334     0.00000   Ni066
  28  68   7  16    10.87573     0.00000   7  16     5.97082     0.00000   Ni068
