  76 171   3   5    23.10371     0.00000   3   8    12.02233     0.00000   Os171
  76 172   3   9    22.75156     0.00000   5  19    11.84116     0.00000   Os172
  76 173   3   8    23.74241     0.00000   3   8    12.34098     0.00000   Os173
  76 174   4  16    23.11937     0.00000   6  16    12.10728     0.00000   Os174
  76 175   3   8    23.88530     0.00000   7  16    12.42154     0.00000   Os175
  76 176   5  19    23.82836     0.00000   6  16    12.29001     0.00000   Os176
  76 177   6  16    24.11127     0.00000   7  16    12.52266     0.00000   Os177
  76 178   7  16    23.95329     0.00000   7  16    12.42098     0.00000   Os178
  76 179   4  20    24.43914     0.00000   7  16    12.63638     0.00000   Os179
  76 180   5  19    24.31536     0.00000   6  17    12.44110     0.00000   Os180
  76 181   5  26    24.31079     0.00000   3  21    12.64647     0.00000   Os181
  76 182   2  17    23.84560     0.00000   6  17    12.32870     0.00000   Os182
  76 183   3  30    23.80297     0.00000   3  29    12.30903     0.00000   Os183
  76 184   3  21    23.52700     0.00000   6  17    12.12633     0.00000   Os184
  76 185   7  34    23.67770     0.00000   7  18    12.20949     0.00000   Os185
  76 186   3  29    23.36728     0.00000   2  17    12.05198     0.00000   Os186
  76 187   5  37    23.46315     0.00000   3  21    12.20371     0.00000   Os187
  76 188   2  54    22.83621     0.00000   5  35    11.94978     0.00000   Os188
  76 189   7  34    23.78502     0.00000   4  34    12.41840     0.00000   Os189
  76 190   6  48    22.90995     0.00000   3  20    12.02385     0.00000   Os190
  76 191   7  34    23.45988     0.00000   7  47    12.26578     0.00000   Os191
  76 192   6  17    22.15013     0.00000   6  17    11.34776     0.00000   Os192
  76 193   4  16    22.97129     0.00000   4  16    12.08110     0.00000   Os193
  76 194   7  18    21.51637     0.00000   7  16    10.94502     0.00000   Os194
