  82 188   3   8    25.68262     0.00000   3   5    13.60622     0.00000   Pb188
  82 194   4  16    24.34615     0.00000   0   0     0.00000     0.00000   Pb194
  82 196   6  17    23.32007     0.00000   0   0     0.00000     0.00000   Pb196
  82 197   6  25    22.88638     0.00000   5  19    11.99693     0.00000   Pb197
  82 198   7  16    21.86596     0.00000   0   0     0.00000     0.00000   Pb198
  82 201   5  19    19.33281     0.00000   0   0     0.00000     0.00000   Pb201
  82 202   5  19    18.78152     0.00000   0   0     0.00000     0.00000   Pb202
  82 203   6  17    17.08300     0.00000   0   0     0.00000     0.00000   Pb203
  82 204   0   0     0.00000     0.00000   4  20     7.97753     0.00000   Pb204
  82 205   5  19    15.04731     0.00000   0   0     0.00000     0.00000   Pb205
  82 210   5  19    14.74121     0.00000   0   0     0.00000     0.00000   Pb210
