  82 188   3   4    24.05425     0.00000   3  10    12.38769     0.00000   Pb188
  82 192   3   6    23.49441     0.00000   3   7    12.05207     0.00000   Pb192
  82 194   7  16    22.74629     0.00000   0   0     0.00000     0.00000   Pb194
  82 195   6  17    25.42038     0.00000   4  16    13.12877     0.00000   Pb195
  82 196   7  16    21.68432     0.00000   3   6    11.02570     0.00000   Pb196
  82 197   7  31    21.20461     0.00000   3  21    10.39826     0.00000   Pb197
  82 198   7  16    20.29241     0.00000   0   0     0.00000     0.00000   Pb198
  82 201   7  16    17.66707     0.00000   0   0     0.00000     0.00000   Pb201
  82 202   5  19    17.27172     0.00000   5  19     8.86596     0.00000   Pb202
  82 203   7  16    15.47642     0.00000   7  16     7.59761     0.00000   Pb203
  82 204   0   0     0.00000     0.00000   7  16     7.15300     0.00000   Pb204
  82 205   5  19    13.50365     0.00000   4  29     6.82134     0.00000   Pb205
  82 210   7  16    13.29060     0.00000   0   0     0.00000     0.00000   Pb210
  82 211   7  16    16.65551     0.00000   0   0     0.00000     0.00000   Pb211
