  46  95   4  20     9.59347     0.00000   0   0     0.00000     0.00000   Pd095
  46  97   7  46     9.38406     0.00000   0   0     0.00000     0.00000   Pd097
  46  98   4  20    10.48656     0.00000   4  20     5.82837     0.00000   Pd098
  46  99   4  20    11.62199     0.00000   0   0     0.00000     0.00000   Pd099
  46 100   6  25    12.36847     0.00000   2  21     6.89092     0.00000   Pd100
  46 101   4  20    13.55031     0.00000   0   0     0.00000     0.00000   Pd101
  46 102   4  20    14.09071     0.00000   5  19     7.87912     0.00000   Pd102
  46 103   5  19    15.44826     0.00000   0   0     0.00000     0.00000   Pd103
  46 104   5  19    15.75529     0.00000   5  19     8.83163     0.00000   Pd104
  46 105   4  20    17.30086     0.00000   0   0     0.00000     0.00000   Pd105
  46 106   7  46    17.27096     0.00000   7  46     9.63083     0.00000   Pd106
  46 107   5  19    19.48250     0.00000   0   0     0.00000     0.00000   Pd107
  46 108   4  16    17.96685     0.00000   4  20     9.89467     0.00000   Pd108
  46 110   7  46    19.16020     0.00000   4  20    10.78450     0.00000   Pd110
  46 112   7  46    19.68811     0.00000   7  46    11.06492     0.00000   Pd112
  46 113   5  19    21.00814     0.00000   0   0     0.00000     0.00000   Pd113
  46 114   3   5    20.00991     0.00000   6  25    11.23279     0.00000   Pd114
  46 115   7  16    21.18041     0.00000   0   0     0.00000     0.00000   Pd115
  46 116   4  16    20.25377     0.00000   5  19    11.38393     0.00000   Pd116
  46 118   4  16    20.04074     0.00000   4  16    11.26478     0.00000   Pd118
