  59 129   2  17    18.21144     0.00000   2  17     9.95303     0.00000   Pr129
  59 131   2  21    18.66190     0.00000   7  18     9.91252     0.00000   Pr131
  59 132   7  16    18.61757     0.00000   0   0     0.00000     0.00000   Pr132
  59 133   5  35    18.92993     0.00000   3  39    10.05363     0.00000   Pr133
  59 135   6  17    18.78055     0.00000   3  20     9.94158     0.00000   Pr135
  59 136   7  16    18.53139     0.00000   0   0     0.00000     0.00000   Pr136
  59 137   6  16    18.40733     0.00000   3   3     9.69608     0.00000   Pr137
  59 138   6  17    18.03744     0.00000   0   0     0.00000     0.00000   Pr138
  59 139   4  22    17.53617     0.00000   7  18     9.21170     0.00000   Pr139
  59 140   6  17    16.74698     0.00000   3  15     8.62187     0.00000   Pr140
  59 141   5  51    16.16653     0.00000   2  43     8.42832     0.00000   Pr141
  59 142   7  32    15.58794     0.00000   7  16     7.82723     0.00000   Pr142
  59 143   3  15    18.16144     0.00000   3  15     9.51326     0.00000   Pr143
  59 145   2  17    19.89763     0.00000   7  16    10.48147     0.00000   Pr145
  59 147   3  21    21.60187     0.00000   3  21    11.43769     0.00000   Pr147
  59 148   4  16    22.44168     0.00000   0   0     0.00000     0.00000   Pr148
  59 149   7  16    22.92526     0.00000   7  16    11.98309     0.00000   Pr149
