  78 176   3  12    24.21646     0.00000   0   0     0.00000     0.00000   Pt176
  78 177   6  19    25.79352     0.00000   6  19    13.79906     0.00000   Pt177
  78 178   6  17    25.27647     0.00000   6  17    13.47843     0.00000   Pt178
  78 179   6  19    26.06303     0.00000   6  17    13.98809     0.00000   Pt179
  78 180   5  19    25.74026     0.00000   4  16    13.73184     0.00000   Pt180
  78 181   7  46    26.40152     0.00000   7  46    14.12606     0.00000   Pt181
  78 182   6  19    26.05415     0.00000   4  20    13.89444     0.00000   Pt182
  78 183   4  16    26.68315     0.00000   6  25    14.27592     0.00000   Pt183
  78 184   6  19    26.08756     0.00000   5  47    13.90523     0.00000   Pt184
  78 185   7  46    26.56398     0.00000   7  46    14.20457     0.00000   Pt185
  78 186   4  20    25.80697     0.00000   5  19    13.74036     0.00000   Pt186
  78 187   5  26    26.79753     0.00000   4  20    14.33084     0.00000   Pt187
  78 188   4  20    25.65965     0.00000   4  16    13.64062     0.00000   Pt188
  78 189   2  17    26.22124     0.00000   5  19    13.99553     0.00000   Pt189
  78 190   4  20    25.08318     0.00000   4  20    13.31293     0.00000   Pt190
  78 191   5  19    25.47536     0.00000   5  19    13.57473     0.00000   Pt191
  78 192   6  42    24.22196     0.00000   6  42    12.81338     0.00000   Pt192
  78 193   5  19    25.36652     0.00000   0   0     0.00000     0.00000   Pt193
  78 194   5  47    23.19711     0.00000   5  47    12.22567     0.00000   Pt194
  78 195   2  21    23.77877     0.00000   0   0     0.00000     0.00000   Pt195
  78 196   2  21    22.20933     0.00000   0   0     0.00000     0.00000   Pt196
  78 197   4  20    21.52539     0.00000   0   0     0.00000     0.00000   Pt197
  78 198   5  19    20.72760     0.00000   5  19    10.85299     0.00000   Pt198
  78 200   2  21    19.28662     0.00000   4  20    10.05967     0.00000   Pt200
