  94 237   7  16    30.25643     0.00000   7  16    15.33451     0.00000   Pu237
  94 238   5  26    30.47027     0.00000   7  16    15.43810     0.00000   Pu238
  94 239   7  16    29.89721     0.00000   3  39    15.31281     0.00000   Pu239
  94 240   7  31    30.93604     0.00000   3   4    15.98699     0.00000   Pu240
  94 241   5  19    31.00976     0.00000   6  19    15.85775     0.00000   Pu241
  94 242   7  16    31.76632     0.00000   7  16    16.34394     0.00000   Pu242
  94 243   3  21    32.20697     0.00000   4  16    16.52259     0.00000   Pu243
  94 244   7  16    32.56657     0.00000   7  16    16.46717     0.00000   Pu244
  94 245   7  16    33.53339     0.00000   3   3    17.21122     0.00000   Pu245
  94 246   7  16    33.34272     0.00000   7  16    16.92130     0.00000   Pu246
