  88 221   5  19    30.49914     0.00000   2  17    16.10989     0.00000   Ra221
  88 222   5  19    31.06609     0.00000   5  19    16.41190     0.00000   Ra222
  88 223   4  20    32.21123     0.00000   4  20    17.08809     0.00000   Ra223
  88 224   5  19    32.72887     0.00000   5  19    17.32652     0.00000   Ra224
  88 225   2  21    33.92897     0.00000   2  21    17.99489     0.00000   Ra225
  88 226   5  19    34.00826     0.00000   5  19    18.01532     0.00000   Ra226
  88 227   2  17    35.98050     0.00000   0   0     0.00000     0.00000   Ra227
  88 228   4  20    35.11338     0.00000   4  20    18.60661     0.00000   Ra228
  88 229   6  17    36.39865     0.00000   6  16    19.40941     0.00000   Ra229
  88 230   4  20    35.83042     0.00000   5  19    19.00610     0.00000   Ra230
  88 231   4  20    36.90595     0.00000   5  19    19.67331     0.00000   Ra231
