  88 221   3  15    27.99033     0.00000   3  15    14.25562     0.00000   Ra221
  88 222   3   4    28.62753     0.00000   7  16    14.66052     0.00000   Ra222
  88 223   3   5    29.55981     0.00000   7  16    15.04899     0.00000   Ra223
  88 224   7  18    30.24770     0.00000   5  19    15.45216     0.00000   Ra224
  88 225   3  16    31.05165     0.00000   5  26    15.89688     0.00000   Ra225
  88 226   6  16    31.42824     0.00000   7  16    16.07210     0.00000   Ra226
  88 227   6  17    32.99096     0.00000   7  16    16.93241     0.00000   Ra227
  88 228   7  18    32.47547     0.00000   7  18    16.62030     0.00000   Ra228
  88 229   5  19    33.30864     0.00000   6  17    17.09271     0.00000   Ra229
  88 230   7  16    33.22731     0.00000   7  16    17.01767     0.00000   Ra230
  88 231   5  19    33.80890     0.00000   5  19    17.32706     0.00000   Ra231
