  45  95   3  15     9.75453     0.00000   0   0     0.00000     0.00000   Rh095
  45  96   4  16    10.20368     0.00000   4  16     5.65951     0.00000   Rh096
  45  97   6  42    11.19443     0.00000   6  42     6.20166     0.00000   Rh097
  45  98   6  19    12.19802     0.00000   6  19     6.80448     0.00000   Rh098
  45  99   2  21    13.37453     0.00000   2  21     7.46873     0.00000   Rh099
  45 101   4  20    15.10066     0.00000   5  19     8.46211     0.00000   Rh101
  45 103   3  53    16.74980     0.00000   3  51     9.39561     0.00000   Rh103
  45 104   4  20    17.55654     0.00000   5  19     9.79070     0.00000   Rh104
  45 105   5  19    18.71328     0.00000   0   0     0.00000     0.00000   Rh105
  45 107   4  16    18.98716     0.00000   2  21    10.67452     0.00000   Rh107
  45 109   6  19    19.72245     0.00000   5  19    11.10009     0.00000   Rh109
  45 111   4  16    20.20259     0.00000   4  16    11.39735     0.00000   Rh111
  45 113   5  19    20.44141     0.00000   6  19    11.51162     0.00000   Rh113
  45 115   5  19    20.70831     0.00000   4  16    11.65561     0.00000   Rh115
