  45  95   7  16     9.06821     0.00000   3   7     4.81663     0.00000   Rh095
  45  96   6  16     9.46225     0.00000   7  16     5.02974     0.00000   Rh096
  45  97   6  38    10.60216     0.00000   7  31     5.64837     0.00000   Rh097
  45  98   7  16    11.36390     0.00000   3   7     6.08417     0.00000   Rh098
  45  99   6  38    12.28020     0.00000   6  38     6.60391     0.00000   Rh099
  45 100   6  17    14.19792     0.00000   3  21     7.96943     0.00000   Rh100
  45 101   5  35    13.86137     0.00000   4  29     7.48507     0.00000   Rh101
  45 102   3  22    15.98294     0.00000   3  22     9.00760     0.00000   Rh102
  45 103   3  30    15.40686     0.00000   3  43     8.34521     0.00000   Rh103
  45 104   6  17    16.04071     0.00000   6  17     8.61375     0.00000   Rh104
  45 105   3   5    17.22484     0.00000   3   5     9.51469     0.00000   Rh105
  45 107   2  21    17.45174     0.00000   4  16     9.48973     0.00000   Rh107
  45 109   7  31    18.10941     0.00000   3  29     9.84388     0.00000   Rh109
  45 111   4  16    18.64518     0.00000   7  18    10.04232     0.00000   Rh111
  45 113   6  19    18.71915     0.00000   6  19    10.14781     0.00000   Rh113
  45 115   5  19    18.85138     0.00000   7  18    10.31064     0.00000   Rh115
