  44  91   5  19    11.46224     0.00000   0   0     0.00000     0.00000   Ru091
  44  93   6  16    10.51721     0.00000   0   0     0.00000     0.00000   Ru093
  44  94   6  19    10.04816     0.00000   6  19     5.56925     0.00000   Ru094
  44  95   2  21    10.93529     0.00000   0   0     0.00000     0.00000   Ru095
  44  96   6  25    11.87313     0.00000   5  19     6.63523     0.00000   Ru096
  44  97   7  47    12.99461     0.00000   0   0     0.00000     0.00000   Ru097
  44  98   7  46    13.71277     0.00000   7  46     7.70118     0.00000   Ru098
  44  99   6  25    14.99230     0.00000   0   0     0.00000     0.00000   Ru099
  44 100   5  19    15.59143     0.00000   3   5     8.73908     0.00000   Ru100
  44 102   6  25    17.08848     0.00000   5  19     9.53404     0.00000   Ru102
  44 104   4  20    18.37464     0.00000   4  20    10.37781     0.00000   Ru104
  44 106   6  19    19.27415     0.00000   6  25    10.89680     0.00000   Ru106
  44 107   5  19    20.48789     0.00000   0   0     0.00000     0.00000   Ru107
  44 108   5  19    19.95673     0.00000   5  19    11.30145     0.00000   Ru108
  44 109   6  19    21.11339     0.00000   6  19    11.63089     0.00000   Ru109
  44 110   3  20    20.52483     0.00000   6  19    11.64582     0.00000   Ru110
  44 111   2  17    21.43253     0.00000   0   0     0.00000     0.00000   Ru111
  44 112   5  19    20.89357     0.00000   6  19    11.87592     0.00000   Ru112
