  51 108   3  10    12.59008     0.00000   0   0     0.00000     0.00000   Sb108
  51 109   3  15    13.41711     0.00000   0   0     0.00000     0.00000   Sb109
  51 111   4  16    14.86146     0.00000   0   0     0.00000     0.00000   Sb111
  51 112   5  19    15.67585     0.00000   6  19     8.68631     0.00000   Sb112
  51 113   6  17    16.04647     0.00000   0   0     0.00000     0.00000   Sb113
  51 114   5  19    17.02741     0.00000   4  20     9.45226     0.00000   Sb114
  51 116   4  16    17.73060     0.00000   4  20     9.84215     0.00000   Sb116
  51 117   5  19    17.82973     0.00000   2  21     9.88366     0.00000   Sb117
  51 118   4  20    18.83643     0.00000   0   0     0.00000     0.00000   Sb118
  51 119   4  20    18.41047     0.00000   4  20    10.19090     0.00000   Sb119
  51 120   4  16    19.22881     0.00000   0   0     0.00000     0.00000   Sb120
  51 121   7  46    18.48888     0.00000   5  19    10.23109     0.00000   Sb121
  51 122   4  16    18.17919     0.00000   6  25     9.97379     0.00000   Sb122
  51 123   2  21    17.98730     0.00000   5  19     9.91592     0.00000   Sb123
  51 124   6  25    17.51647     0.00000   6  25     9.55727     0.00000   Sb124
  51 125   4  20    16.96881     0.00000   5  19     9.33426     0.00000   Sb125
  51 127   5  19    14.88055     0.00000   5  19     8.13365     0.00000   Sb127
  51 129   7  46    13.42460     0.00000   7  46     7.14796     0.00000   Sb129
  51 130   5  26    12.48201     0.00000   5  19     6.56259     0.00000   Sb130
  51 131   6  19    10.75068     0.00000   6  19     5.64948     0.00000   Sb131
