  34  69   5  19     9.96326     0.00000   7  18     5.53202     0.00000   Se069
  34  70   7  16    10.18458     0.00000   7  16     5.65703     0.00000   Se070
  34  71   3   5    11.08985     0.00000   3   6     6.31702     0.00000   Se071
  34  72   3  21    11.25159     0.00000   3  22     6.26154     0.00000   Se072
  34  73   7  18    12.47924     0.00000   7  18     6.97554     0.00000   Se073
  34  74   5  35    12.14873     0.00000   5  35     6.76592     0.00000   Se074
  34  75   6  52    13.27795     0.00000   6  52     7.38917     0.00000   Se075
  34  76   6  48    12.72294     0.00000   6  48     7.08279     0.00000   Se076
  34  77   6  38    13.41759     0.00000   5  37     7.40053     0.00000   Se077
  34  78   7  16    12.26247     0.00000   3  15     6.60521     0.00000   Se078
  34  79   7  16    12.88394     0.00000   7  16     7.03783     0.00000   Se079
  34  80   4  22    12.74404     0.00000   4  22     7.04205     0.00000   Se080
  34  81   6  17    12.63128     0.00000   6  19     6.93893     0.00000   Se081
  34  82   5  19    11.88371     0.00000   7  18     6.52211     0.00000   Se082
  34  83   5  19    13.01567     0.00000   4  20     7.35768     0.00000   Se083
  34  84   5  19    11.03251     0.00000   5  19     6.01186     0.00000   Se084
  34  85   3  15    11.02082     0.00000   3  15     5.88650     0.00000   Se085
