  34  69   6  19    11.00061     0.00000   5  19     6.36165     0.00000   Se069
  34  70   6  17    11.14822     0.00000   0   0     0.00000     0.00000   Se070
  34  71   3   9    12.27771     0.00000   7  16     7.25188     0.00000   Se071
  34  72   3  22    12.20485     0.00000   3  21     7.03678     0.00000   Se072
  34  73   4  20    13.80910     0.00000   0   0     0.00000     0.00000   Se073
  34  74   2  21    12.94433     0.00000   5  26     7.47172     0.00000   Se074
  34  75   7  46    14.68795     0.00000   0   0     0.00000     0.00000   Se075
  34  76   5  47    13.81854     0.00000   5  47     7.97637     0.00000   Se076
  34  77   2  21    14.90048     0.00000   2  21     8.58088     0.00000   Se077
  34  78   7  34    13.51124     0.00000   7  46     7.58413     0.00000   Se078
  34  79   6  25    14.42272     0.00000   4  20     8.25568     0.00000   Se079
  34  80   4  16    13.73045     0.00000   6  42     7.91284     0.00000   Se080
  34  81   4  20    14.14603     0.00000   0   0     0.00000     0.00000   Se081
  34  82   4  20    13.21887     0.00000   0   0     0.00000     0.00000   Se082
  34  84   5  19    11.89346     0.00000   4  20     6.80608     0.00000   Se084
