  62 136   4  16    19.33423     0.00000   0   0     0.00000     0.00000   Sm136
  62 138   3   8    19.85059     0.00000   3   7    10.81024     0.00000   Sm138
  62 139   4  16    20.53421     0.00000   4  16    11.21632     0.00000   Sm139
  62 141   0   0     0.00000     0.00000   5  19    11.06731     0.00000   Sm141
  62 142   4  20    19.21638     0.00000   5  19    10.42899     0.00000   Sm142
  62 143   4  20    18.98087     0.00000   0   0     0.00000     0.00000   Sm143
  62 144   4  16    17.98745     0.00000   4  20     9.72634     0.00000   Sm144
  62 145   7  16    17.06742     0.00000   7  16     8.86320     0.00000   Sm145
  62 146   2  47    20.16740     0.00000   7  46    10.97383     0.00000   Sm146
  62 147   4  20    21.70197     0.00000   3  24    11.87856     0.00000   Sm147
  62 148   3  53    21.52837     0.00000   7  46    11.60157     0.00000   Sm148
  62 149   4  20    25.07538     0.00000   0   0     0.00000     0.00000   Sm149
  62 150   6  42    23.78689     0.00000   5  47    12.89106     0.00000   Sm150
  62 152   5  47    24.47898     0.00000   5  47    13.28828     0.00000   Sm152
  62 153   5  19    25.98377     0.00000   0   0     0.00000     0.00000   Sm153
  62 154   4  20    24.58061     0.00000   4  20    13.42291     0.00000   Sm154
  62 155   6  25    24.25491     0.00000   4  34    13.00718     0.00000   Sm155
  62 156   4  20    24.50622     0.00000   5  19    13.39289     0.00000   Sm156
  62 157   5  17    24.62784     0.00000   5  17    13.51309     0.00000   Sm157
  62 158   4  16    24.75684     0.00000   7  18    13.55165     0.00000   Sm158
