  50 107   7  16    11.27158     0.00000   7  16     5.95967     0.00000   Sn107
  50 108   7  16    11.95189     0.00000   3   5     6.35363     0.00000   Sn108
  50 109   7  18    12.96278     0.00000   7  18     6.88458     0.00000   Sn109
  50 110   7  31    13.29033     0.00000   3   6     7.08395     0.00000   Sn110
  50 111   2  17    14.17088     0.00000   7  31     7.59054     0.00000   Sn111
  50 112   6  48    14.36055     0.00000   4  48     7.67332     0.00000   Sn112
  50 113   4  34    15.40152     0.00000   6  19     8.30770     0.00000   Sn113
  50 114   7  41    15.17212     0.00000   5  51     8.11536     0.00000   Sn114
  50 115   7  18    14.97191     0.00000   7  16     7.85454     0.00000   Sn115
  50 116   7  31    15.85407     0.00000   7  31     8.45173     0.00000   Sn116
  50 117   6  16    15.53617     0.00000   3  15     8.10326     0.00000   Sn117
  50 118   5  42    15.11466     0.00000   4  39     7.91052     0.00000   Sn118
  50 119   7  16    15.85041     0.00000   7  16     8.24246     0.00000   Sn119
  50 120   5  19    14.94860     0.00000   5  19     7.75965     0.00000   Sn120
  50 121   7  16    15.56454     0.00000   7  16     8.04999     0.00000   Sn121
  50 122   5  26    15.57738     0.00000   3  21     8.26992     0.00000   Sn122
  50 123   7  16    14.51543     0.00000   7  16     7.38835     0.00000   Sn123
  50 124   3  21    14.59176     0.00000   7  18     7.67695     0.00000   Sn124
  50 125   7  16    13.90593     0.00000   6  19     7.12776     0.00000   Sn125
  50 126   7  18    13.06508     0.00000   7  16     6.81295     0.00000   Sn126
  50 127   7  18    12.13630     0.00000   7  18     6.30139     0.00000   Sn127
  50 128   6  17    11.09790     0.00000   7  16     5.61619     0.00000   Sn128
  50 129   4  20    10.92013     0.00000   6  16     5.05370     0.00000   Sn129
