  38  77   4  16    10.94983     0.00000   0   0     0.00000     0.00000   Sr077
  38  78   7  16    11.39794     0.00000   7  16     6.28694     0.00000   Sr078
  38  79   7  18    12.02685     0.00000   7  16     6.64825     0.00000   Sr079
  38  80   7  18    12.15501     0.00000   7  18     6.68929     0.00000   Sr080
  38  81   7  18    13.01763     0.00000   7  16     7.21589     0.00000   Sr081
  38  82   4  20    12.65643     0.00000   7  18     6.97349     0.00000   Sr082
  38  83   7  18    13.23371     0.00000   6  16     7.30383     0.00000   Sr083
  38  84   7  18    12.67920     0.00000   6  19     6.96952     0.00000   Sr084
  38  85   7  31    12.70403     0.00000   7  31     6.92212     0.00000   Sr085
  38  86   6  17    12.03640     0.00000   6  17     6.58287     0.00000   Sr086
  38  87   7  16    10.14494     0.00000   0   0     0.00000     0.00000   Sr087
  38  88   7  16     9.23677     0.00000   0   0     0.00000     0.00000   Sr088
  38  89   3  15     9.73166     0.00000   0   0     0.00000     0.00000   Sr089
  38  90   7  31    12.04174     0.00000   7  31     6.54952     0.00000   Sr090
  38  92   7  16    13.57140     0.00000   7  16     7.42339     0.00000   Sr092
  38  93   6  16    14.04754     0.00000   7  16     7.69408     0.00000   Sr093
  38  94   7  18    14.86973     0.00000   3  21     8.12501     0.00000   Sr094
  38  95   5  19    15.79394     0.00000   6  16     8.70114     0.00000   Sr095
  38  96   5  19    17.03152     0.00000   2  21     9.39380     0.00000   Sr096
