  38  77   6  16    11.51537     0.00000   0   0     0.00000     0.00000   Sr077
  38  78   5  19    12.32030     0.00000   5  19     7.03276     0.00000   Sr078
  38  79   4  16    13.18143     0.00000   4  16     7.55660     0.00000   Sr079
  38  80   6  19    13.20823     0.00000   6  25     7.53776     0.00000   Sr080
  38  81   4  16    14.29809     0.00000   4  16     8.21485     0.00000   Sr081
  38  82   4  20    13.77181     0.00000   4  20     7.85475     0.00000   Sr082
  38  83   4  20    14.55276     0.00000   5  19     8.34884     0.00000   Sr083
  38  84   6  19    13.65271     0.00000   6  25     7.77048     0.00000   Sr084
  38  85   4  20    14.03615     0.00000   4  20     7.96912     0.00000   Sr085
  38  86   5  19    12.87966     0.00000   6  25     7.31205     0.00000   Sr086
  38  87   6  17    11.33616     0.00000   6  17     6.11631     0.00000   Sr087
  38  88   3  17     9.98955     0.00000   5  19     5.26508     0.00000   Sr088
  38  90   3  22    13.34853     0.00000   0   0     0.00000     0.00000   Sr090
  38  92   7  16    15.05242     0.00000   0   0     0.00000     0.00000   Sr092
  38  93   5  19    15.89465     0.00000   0   0     0.00000     0.00000   Sr093
  38  94   6  19    16.49911     0.00000   0   0     0.00000     0.00000   Sr094
  38  95   6  19    18.02919     0.00000   0   0     0.00000     0.00000   Sr095
  38  96   2  21    19.23126     0.00000   0   0     0.00000     0.00000   Sr096
