  73 167   5  19    23.22580     0.00000   5  19    12.07842     0.00000   Ta167
  73 169   2  21    23.66913     0.00000   2  21    12.33127     0.00000   Ta169
  73 171   5  19    23.83442     0.00000   5  19    12.45691     0.00000   Ta171
  73 172   7  18    23.98392     0.00000   5  19    12.48663     0.00000   Ta172
  73 175   7  16    23.97197     0.00000   7  16    12.46475     0.00000   Ta175
  73 177   7  18    23.87943     0.00000   7  16    12.41049     0.00000   Ta177
  73 179   3   3    23.78640     0.00000   5  26    12.33115     0.00000   Ta179
  73 180   4  22    23.50624     0.00000   4  48    12.24966     0.00000   Ta180
  73 181   3  21    23.38750     0.00000   5  19    12.37522     0.00000   Ta181
  73 182   7  16    21.39536     0.00000   7  16    10.74541     0.00000   Ta182
  73 183   7  16    22.01386     0.00000   7  16    11.10520     0.00000   Ta183
  73 185   3   7    24.31822     0.00000   7  16    12.56251     0.00000   Ta185
