  73 167   3   4    24.71022     0.00000   6  19    13.25735     0.00000   Ta167
  73 169   2  21    25.22851     0.00000   2  21    13.54071     0.00000   Ta169
  73 171   5  19    25.42797     0.00000   5  19    13.63287     0.00000   Ta171
  73 172   6  19    25.70416     0.00000   4  20    13.80364     0.00000   Ta172
  73 175   5  19    25.64592     0.00000   5  19    13.78846     0.00000   Ta175
  73 177   6  25    25.71188     0.00000   5  19    13.76733     0.00000   Ta177
  73 179   5  26    25.14414     0.00000   4  20    13.46857     0.00000   Ta179
  73 180   5  19    25.25975     0.00000   7  46    13.61252     0.00000   Ta180
  73 181   3  20    25.29017     0.00000   5  19    13.80840     0.00000   Ta181
  73 182   2  43    23.14679     0.00000   4  22    12.08785     0.00000   Ta182
  73 183   7  16    23.83254     0.00000   6  19    12.49294     0.00000   Ta183
  73 185   4  16    26.03621     0.00000   6  19    13.84861     0.00000   Ta185
