  65 143   3   5    21.21769     0.00000   0   0     0.00000     0.00000   Tb143
  65 147   5  19    18.56236     0.00000   6  19     9.98944     0.00000   Tb147
  65 149   5  19    21.42398     0.00000   0   0     0.00000     0.00000   Tb149
  65 151   4  16    23.40220     0.00000   0   0     0.00000     0.00000   Tb151
  65 153   6  19    24.63135     0.00000   3   5    13.38736     0.00000   Tb153
  65 155   4  20    24.81679     0.00000   5  19    13.46359     0.00000   Tb155
  65 156   5  19    26.52007     0.00000   0   0     0.00000     0.00000   Tb156
  65 157   7  46    24.58829     0.00000   7  46    13.32882     0.00000   Tb157
  65 158   4  20    25.87969     0.00000   0   0     0.00000     0.00000   Tb158
  65 159   5  19    24.41640     0.00000   5  19    13.23510     0.00000   Tb159
  65 160   2  21    23.18360     0.00000   3  22    12.35372     0.00000   Tb160
  65 161   4  20    24.24108     0.00000   5  19    13.13737     0.00000   Tb161
  65 162   4  16    23.48262     0.00000   4  16    11.96568     0.00000   Tb162
  65 163   6  19    24.35228     0.00000   5  19    13.19271     0.00000   Tb163
