  52 109   4  16    13.22798     0.00000   0   0     0.00000     0.00000   Te109
  52 110   0   0     0.00000     0.00000   3   6     7.54840     0.00000   Te110
  52 114   4  16    16.34893     0.00000   4  16     9.04142     0.00000   Te114
  52 116   7  18    17.32869     0.00000   3   7     9.61201     0.00000   Te116
  52 117   4  16    18.78099     0.00000   5  19    10.46326     0.00000   Te117
  52 118   5  19    18.32812     0.00000   5  19    10.15088     0.00000   Te118
  52 119   6  25    19.39613     0.00000   2  47    10.81789     0.00000   Te119
  52 120   4  20    18.74034     0.00000   4  20    10.37990     0.00000   Te120
  52 121   4  20    19.58458     0.00000   4  20    10.91232     0.00000   Te121
  52 122   2  21    18.77506     0.00000   4  20    10.40091     0.00000   Te122
  52 123   7  46    19.33234     0.00000   2  21    10.69670     0.00000   Te123
  52 124   4  16    17.82211     0.00000   7  46     9.77143     0.00000   Te124
  52 125   2  21    19.48864     0.00000   0   0     0.00000     0.00000   Te125
  52 126   4  20    17.51420     0.00000   5  19     9.66918     0.00000   Te126
  52 127   7  46    18.18651     0.00000   0   0     0.00000     0.00000   Te127
  52 128   4  20    16.53037     0.00000   4  20     9.06937     0.00000   Te128
  52 130   2  21    14.87865     0.00000   0   0     0.00000     0.00000   Te130
  52 132   4  20    12.57279     0.00000   0   0     0.00000     0.00000   Te132
  52 133   3   3    10.01754     0.00000   6  16     5.37914     0.00000   Te133
  52 135   7  16     9.72433     0.00000   3  16     4.28329     0.00000   Te135
  52 136   2  17    10.43633     0.00000   0   0     0.00000     0.00000   Te136
