  81 189   5  19    26.71961     0.00000   6  19    13.56085     0.00000   Tl189
  81 190   6  17    26.15098     0.00000   3   3    13.89319     0.00000   Tl190
  81 195   5  19    23.30703     0.00000   0   0     0.00000     0.00000   Tl195
  81 197   4  16    21.93368     0.00000   0   0     0.00000     0.00000   Tl197
  81 198   4  16    22.09752     0.00000   0   0     0.00000     0.00000   Tl198
  81 199   6  25    20.28335     0.00000   0   0     0.00000     0.00000   Tl199
  81 200   5  19    19.04439     0.00000   0   0     0.00000     0.00000   Tl200
  81 201   4  20    18.49513     0.00000   4  20     9.55840     0.00000   Tl201
  81 202   5  19    17.20397     0.00000   0   0     0.00000     0.00000   Tl202
  81 203   5  19    16.50530     0.00000   5  19     8.44685     0.00000   Tl203
  81 208   6  16    13.57477     0.00000   0   0     0.00000     0.00000   Tl208
