  92 230   7  16    30.60463     0.00000   0   0     0.00000     0.00000   U230
  92 232   5  19    30.74357     0.00000   6  16    15.66939     0.00000   U232
  92 233   3  30    30.74974     0.00000   2  34    15.91478     0.00000   U233
  92 234   7  16    30.41746     0.00000   7  16    15.66108     0.00000   U234
  92 235   4  29    31.03641     0.00000   4  22    15.91519     0.00000   U235
  92 236   7  50    31.75864     0.00000   5  17    16.40855     0.00000   U236
  92 237   6  17    31.52135     0.00000   2  43    16.10109     0.00000   U237
  92 238   6  47    31.93689     0.00000   6  38    16.37430     0.00000   U238
  92 239   7  41    32.58493     0.00000   7  31    16.61519     0.00000   U239
  92 240   7  16    33.02104     0.00000   7  16    16.80584     0.00000   U240
