  92 230   7  16    32.83321     0.00000   0   0     0.00000     0.00000   U230
  92 232   5  19    33.08435     0.00000   5  19    17.40910     0.00000   U232
  92 233   5  19    33.27466     0.00000   4  20    17.82688     0.00000   U233
  92 234   6  19    32.77254     0.00000   5  19    17.44786     0.00000   U234
  92 235   4  20    33.72579     0.00000   4  20    17.90967     0.00000   U235
  92 236   7  46    34.15878     0.00000   7  46    18.26662     0.00000   U236
  92 237   5  19    34.25394     0.00000   5  19    18.15822     0.00000   U237
  92 238   5  47    34.61429     0.00000   5  47    18.35933     0.00000   U238
  92 239   7  46    35.46759     0.00000   7  46    18.78696     0.00000   U239
  92 240   3   5    35.72687     0.00000   3   8    18.85341     0.00000   U240
