  74 163   3   8    20.25207     0.00000   0   0     0.00000     0.00000   W163
  74 164   3  12    20.37302     0.00000   0   0     0.00000     0.00000   W164
  74 168   7  16    20.92971     0.00000   3  10    10.52558     0.00000   W168
  74 170   3  13    22.53065     0.00000   3  12    11.58696     0.00000   W170
  74 171   7  16    23.87715     0.00000   3   6    12.45304     0.00000   W171
  74 172   3  15    23.36353     0.00000   0   0     0.00000     0.00000   W172
  74 173   7  16    23.95293     0.00000   7  16    12.45704     0.00000   W173
  74 174   7  16    23.68612     0.00000   3  15    12.34418     0.00000   W174
  74 175   6  16    23.96985     0.00000   7  16    12.46762     0.00000   W175
  74 176   3  21    23.86740     0.00000   3  15    12.40434     0.00000   W176
  74 177   7  18    24.08882     0.00000   7  16    12.51348     0.00000   W177
  74 178   6  17    23.90208     0.00000   7  18    12.42580     0.00000   W178
  74 179   4  20    27.18203     0.00000   0   0     0.00000     0.00000   W179
  74 180   6  38    23.66155     0.00000   6  38    12.25490     0.00000   W180
  74 181   6  17    22.99084     0.00000   6  17    11.84672     0.00000   W181
  74 182   5  34    23.31263     0.00000   5  50    12.07126     0.00000   W182
  74 183   7  16    22.30502     0.00000   7  16    11.35751     0.00000   W183
  74 184   5  37    23.04977     0.00000   5  37    11.91836     0.00000   W184
  74 185   7  31    23.44405     0.00000   7  31    12.05891     0.00000   W185
  74 186   3   8    23.78583     0.00000   3   6    12.26565     0.00000   W186
  74 187   4  22    24.00124     0.00000   3  21    12.39627     0.00000   W187
  74 188   7  16    24.01084     0.00000   7  16    12.37024     0.00000   W188
