  54 114   3   4    14.50975     0.00000   3   5     7.74134     0.00000   Xe114
  54 116   7  18    15.64484     0.00000   3   9     8.37352     0.00000   Xe116
  54 117   6  19    16.66018     0.00000   7  18     8.93109     0.00000   Xe117
  54 118   7  18    16.54417     0.00000   7  18     8.84781     0.00000   Xe118
  54 119   7  41    17.44088     0.00000   7  41     9.36143     0.00000   Xe119
  54 120   3  29    17.17121     0.00000   6  17     9.18609     0.00000   Xe120
  54 121   3  21    17.99879     0.00000   3  21     9.65103     0.00000   Xe121
  54 122   3  11    17.56337     0.00000   7  16     9.40587     0.00000   Xe122
  54 123   3  21    18.22121     0.00000   6  38     9.74857     0.00000   Xe123
  54 124   7  47    17.72207     0.00000   3  39     9.45669     0.00000   Xe124
  54 125   7  31    18.15030     0.00000   5  51     9.70152     0.00000   Xe125
  54 126   6  17    17.61219     0.00000   6  19     9.37994     0.00000   Xe126
  54 127   5  19    20.37704     0.00000   0   0     0.00000     0.00000   Xe127
  54 128   4  16    17.19268     0.00000   4  16     9.12129     0.00000   Xe128
  54 129   6  17    16.73582     0.00000   5  19     8.74080     0.00000   Xe129
  54 130   6  17    15.94581     0.00000   6  17     8.40972     0.00000   Xe130
  54 131   4  20    17.89722     0.00000   0   0     0.00000     0.00000   Xe131
  54 132   6  17    15.06046     0.00000   7  18     7.93155     0.00000   Xe132
  54 133   4  16    15.61120     0.00000   4  16     8.34670     0.00000   Xe133
  54 134   5  19    13.62299     0.00000   5  19     7.05916     0.00000   Xe134
  54 136   7  16    11.46670     0.00000   4  16     5.85773     0.00000   Xe136
  54 138   7  16    13.25028     0.00000   7  16     6.85675     0.00000   Xe138
  54 139   5  19    14.31310     0.00000   5  19     7.45275     0.00000   Xe139
  54 140   7  16    15.92726     0.00000   7  16     8.13040     0.00000   Xe140
  54 142   7  16    18.51828     0.00000   0   0     0.00000     0.00000   Xe142
