  70 160   7  18    21.62291     0.00000   5  19    11.19012     0.00000   Yb160
  70 161   7  16    23.16295     0.00000   0   0     0.00000     0.00000   Yb161
  70 162   3  21    22.91731     0.00000   7  18    12.02795     0.00000   Yb162
  70 163   7  18    23.72596     0.00000   5  19    12.44193     0.00000   Yb163
  70 164   4  20    23.26583     0.00000   6  16    12.16712     0.00000   Yb164
  70 165   7  18    23.78859     0.00000   7  18    12.46381     0.00000   Yb165
  70 166   4  29    23.36033     0.00000   6  17    12.22832     0.00000   Yb166
  70 167   3  24    23.72516     0.00000   3  24    12.41355     0.00000   Yb167
  70 168   4  29    23.17538     0.00000   4  20    12.10777     0.00000   Yb168
  70 169   7  46    23.95577     0.00000   7  46    12.70220     0.00000   Yb169
  70 170   7  16    21.44702     0.00000   7  16    10.88954     0.00000   Yb170
  70 171   7  16    21.90906     0.00000   7  16    11.18209     0.00000   Yb171
  70 172   7  16    22.19002     0.00000   7  16    11.48539     0.00000   Yb172
  70 173   7  16    21.15782     0.00000   7  16    10.66949     0.00000   Yb173
  70 174   5  37    21.79768     0.00000   7  46    11.09731     0.00000   Yb174
  70 175   6  16    21.11481     0.00000   5  19    10.52518     0.00000   Yb175
  70 176   4  20    23.58864     0.00000   4  20    12.42150     0.00000   Yb176
  70 177   3  15    21.59339     0.00000   3  15    10.77527     0.00000   Yb177
  70 178   7  16    23.25175     0.00000   7  16    12.04266     0.00000   Yb178
