  30  60   4  16     7.04675     0.00000   0   0     0.00000     0.00000   Zn060
  30  61   4  20     7.56940     0.00000   0   0     0.00000     0.00000   Zn061
  30  62   4  20     8.22834     0.00000   0   0     0.00000     0.00000   Zn062
  30  63   4  20     9.11613     0.00000   0   0     0.00000     0.00000   Zn063
  30  64   6  19     9.65453     0.00000   0   0     0.00000     0.00000   Zn064
  30  66   7  46    10.66115     0.00000   7  46     6.21655     0.00000   Zn066
  30  67   4  20    12.08782     0.00000   0   0     0.00000     0.00000   Zn067
  30  68   4  22    11.05221     0.00000   4  48     6.18273     0.00000   Zn068
  30  69   4  20    12.98089     0.00000   0   0     0.00000     0.00000   Zn069
  30  70   5  26    13.04709     0.00000   0   0     0.00000     0.00000   Zn070
  30  71   5  19    14.25465     0.00000   0   0     0.00000     0.00000   Zn071
  30  72   6  25    13.47326     0.00000   0   0     0.00000     0.00000   Zn072
  30  74   4  16    13.42595     0.00000   0   0     0.00000     0.00000   Zn074
