  30  60   2  17     6.36667     0.00000   2  17     3.52087     0.00000   Zn060
  30  61   3  20     6.76165     0.00000   2  17     3.76857     0.00000   Zn061
  30  62   7  31     7.42054     0.00000   7  31     4.11953     0.00000   Zn062
  30  63   7  31     8.09434     0.00000   7  31     4.49834     0.00000   Zn063
  30  64   6  19     8.72452     0.00000   6  19     4.80863     0.00000   Zn064
  30  65   7  46    10.27860     0.00000   7  46     5.92062     0.00000   Zn065
  30  66   7  31     9.71546     0.00000   7  31     5.39555     0.00000   Zn066
  30  67   2  17    10.73375     0.00000   2  17     6.01745     0.00000   Zn067
  30  68   5  19    10.03578     0.00000   5  19     5.35009     0.00000   Zn068
  30  69   6  17    11.47517     0.00000   6  17     6.41673     0.00000   Zn069
  30  70   6  38    11.70134     0.00000   4  22     6.56776     0.00000   Zn070
  30  71   7  16    12.59372     0.00000   7  16     7.10590     0.00000   Zn071
  30  72   7  18    12.07667     0.00000   7  18     6.76102     0.00000   Zn072
  30  74   7  16    11.96909     0.00000   3   3     6.67631     0.00000   Zn074
  30  75   7  16    12.24109     0.00000   7  16     6.80145     0.00000   Zn075
  30  77   7  18    11.46253     0.00000   7  16     6.25857     0.00000   Zn077
