  40  81   7  16    11.52383     0.00000   7  16     6.30579     0.00000   Zr081
  40  82   7  16    11.54694     0.00000   3   6     6.33944     0.00000   Zr082
  40  83   6  19    12.30994     0.00000   7  18     6.77136     0.00000   Zr083
  40  84   7  16    12.04188     0.00000   7  16     6.60126     0.00000   Zr084
  40  86   7  16    12.18676     0.00000   7  16     6.66416     0.00000   Zr086
  40  87   7  18    12.35941     0.00000   7  18     6.76412     0.00000   Zr087
  40  88   7  18    11.73717     0.00000   3   6     6.39196     0.00000   Zr088
  40  89   3  30    11.32856     0.00000   3  29     6.14835     0.00000   Zr089
  40  90   6  17    10.43032     0.00000   0   0     0.00000     0.00000   Zr090
  40  91   7  39    10.48170     0.00000   7  32     5.46817     0.00000   Zr091
  40  92   5  19    11.48933     0.00000   5  19     5.97520     0.00000   Zr092
  40  93   5  19    12.14701     0.00000   4  22     6.40172     0.00000   Zr093
  40  94   7  16    13.15320     0.00000   3  15     6.92612     0.00000   Zr094
  40  95   7  16    12.61048     0.00000   7  16     6.49039     0.00000   Zr095
  40  96   7  41    14.59070     0.00000   3  30     7.95935     0.00000   Zr096
  40  98   7  16    16.76498     0.00000   7  16     9.24335     0.00000   Zr098
  40  99   3  21    17.74009     0.00000   3  15     9.65762     0.00000   Zr099
  40 100   6  17    18.31053     0.00000   3   6    10.08730     0.00000   Zr100
  40 101   7  18    18.51427     0.00000   3   6    10.29395     0.00000   Zr101
  40 102   5  19    18.79006     0.00000   7  18    10.34319     0.00000   Zr102
