  40  81   6  16    12.61904     0.00000   0   0     0.00000     0.00000   Zr081
  40  82   4  16    12.50665     0.00000   3   8     7.10181     0.00000   Zr082
  40  83   6  19    13.48223     0.00000   6  19     7.69244     0.00000   Zr083
  40  84   6  17    13.08085     0.00000   7  18     7.41453     0.00000   Zr084
  40  86   6  17    13.10553     0.00000   5  19     7.41007     0.00000   Zr086
  40  87   5  19    13.59487     0.00000   5  19     7.72926     0.00000   Zr087
  40  88   4  16    12.56462     0.00000   4  16     7.09496     0.00000   Zr088
  40  89   5  26    12.51897     0.00000   5  47     7.03509     0.00000   Zr089
  40  90   5  19    11.20397     0.00000   7  46     6.14123     0.00000   Zr090
  40  91   4  16    11.80634     0.00000   4  16     6.50257     0.00000   Zr091
  40  92   5  19    12.71141     0.00000   5  19     6.95585     0.00000   Zr092
  40  93   4  20    13.63199     0.00000   6  25     7.56468     0.00000   Zr093
  40  94   5  26    14.51143     0.00000   6  25     8.01483     0.00000   Zr094
  40  95   6  19    14.16132     0.00000   7  16     7.68960     0.00000   Zr095
  40  96   3  22    16.06518     0.00000   0   0     0.00000     0.00000   Zr096
  40  98   4  16    18.76361     0.00000   0   0     0.00000     0.00000   Zr098
  40  99   6  25    20.26095     0.00000   0   0     0.00000     0.00000   Zr099
  40 100   6  19    20.32228     0.00000   0   0     0.00000     0.00000   Zr100
  40 101   5  26    20.97642     0.00000   0   0     0.00000     0.00000   Zr101
  40 102   5  19    20.82124     0.00000   0   0     0.00000     0.00000   Zr102
