# Reference Number = 2408 Incident Particle: neutron  imodel=1 Target: Z= 90 A= 232 Ef = -5.612
# En(MeV)     RealPot   RVolPot   RSurPot    VSOPot   DVolPot    DVolNonL  DVolSym    ImPot    ImVolPot   ImSurPot   WSOPot
  0.001     427.0     403.0      23.9    -4.389     8.556     0.796     7.760    16.042     0.538    15.504     0.003
  0.002     427.0     403.0      23.9    -4.389     8.557     0.796     7.761    16.047     0.538    15.508     0.003
  0.003     427.0     403.0      23.9    -4.389     8.559     0.796     7.762    16.051     0.539    15.513     0.003
  0.004     427.0     403.0      23.9    -4.389     8.560     0.796     7.764    16.056     0.539    15.517     0.003
  0.005     427.0     403.0      23.9    -4.389     8.562     0.797     7.765    16.060     0.539    15.521     0.003
  0.006     427.0     403.0      23.9    -4.389     8.563     0.797     7.766    16.065     0.539    15.525     0.003
  0.007     427.0     403.0      23.9    -4.389     8.565     0.797     7.768    16.069     0.539    15.530     0.003
  0.008     427.0     403.0      23.9    -4.389     8.566     0.797     7.769    16.074     0.539    15.534     0.003
  0.009     427.0     403.0      23.9    -4.389     8.568     0.797     7.771    16.078     0.540    15.538     0.003
  0.010     427.0     403.0      23.9    -4.389     8.569     0.797     7.772    16.082     0.540    15.543     0.003
  0.020     427.0     403.0      24.0    -4.388     8.584     0.799     7.786    16.127     0.542    15.585     0.003
  0.030     426.9     403.0      24.0    -4.388     8.599     0.800     7.799    16.172     0.544    15.628     0.003
  0.040     426.9     402.9      24.0    -4.388     8.615     0.802     7.813    16.216     0.546    15.671     0.003
  0.050     426.9     402.9      24.0    -4.387     8.630     0.803     7.827    16.261     0.548    15.713     0.003
  0.060     426.9     402.9      24.0    -4.387     8.645     0.804     7.840    16.305     0.549    15.756     0.003
  0.070     426.9     402.9      24.0    -4.387     8.660     0.806     7.854    16.350     0.551    15.799     0.003
  0.080     426.9     402.8      24.1    -4.386     8.675     0.807     7.868    16.395     0.553    15.841     0.003
  0.090     426.9     402.8      24.1    -4.386     8.690     0.809     7.881    16.439     0.555    15.884     0.003
  0.100     426.9     402.8      24.1    -4.386     8.705     0.810     7.895    16.484     0.557    15.927     0.003
  0.200     426.8     402.5      24.3    -4.382     8.856     0.824     8.032    16.931     0.577    16.354     0.003
  0.300     426.7     402.3      24.5    -4.378     9.007     0.839     8.169    17.378     0.597    16.782     0.003
  0.400     426.6     402.0      24.6    -4.374     9.158     0.853     8.305    17.826     0.617    17.209     0.003
  0.500     426.5     401.8      24.8    -4.371     9.309     0.867     8.442    18.274     0.638    17.637     0.003
  0.600     426.4     401.5      24.9    -4.367     9.460     0.881     8.578    18.723     0.658    18.064     0.004
  0.700     426.3     401.3      25.1    -4.363     9.610     0.896     8.715    19.171     0.680    18.491     0.004
  0.800     426.2     401.0      25.2    -4.360     9.761     0.910     8.851    19.619     0.701    18.918     0.004
  0.900     426.0     400.7      25.3    -4.356     9.912     0.924     8.988    20.067     0.723    19.344     0.004
  1.000     425.9     400.5      25.4    -4.352    10.062     0.938     9.124    20.514     0.745    19.768     0.004
  1.100     425.8     400.2      25.5    -4.349    10.212     0.953     9.260    20.960     0.768    20.192     0.004
  1.200     425.6     400.0      25.6    -4.345    10.363     0.967     9.396    21.405     0.791    20.614     0.004
  1.300     425.4     399.7      25.7    -4.341    10.513     0.981     9.532    21.850     0.814    21.036     0.004
  1.400     425.3     399.5      25.8    -4.337    10.663     0.995     9.668    22.293     0.838    21.455     0.005
  1.500     425.1     399.2      25.9    -4.334    10.813     1.010     9.803    22.735     0.861    21.873     0.005
  1.600     424.9     399.0      25.9    -4.330    10.963     1.024     9.939    23.175     0.886    22.289     0.005
  1.700     424.7     398.7      26.0    -4.326    11.113     1.038    10.075    23.614     0.910    22.704     0.005
  1.800     424.5     398.5      26.0    -4.323    11.263     1.052    10.210    24.051     0.935    23.116     0.005
  1.900     424.3     398.2      26.1    -4.319    11.412     1.067    10.346    24.487     0.960    23.526     0.005
  2.000     424.1     398.0      26.1    -4.315    11.562     1.081    10.481    24.920     0.986    23.934     0.005
  2.100     423.9     397.7      26.2    -4.312    11.711     1.095    10.616    25.352     1.012    24.340     0.005
  2.200     423.6     397.5      26.2    -4.308    11.861     1.110    10.751    25.781     1.038    24.743     0.006
  2.300     423.4     397.2      26.2    -4.304    12.010     1.124    10.886    26.208     1.064    25.144     0.006
  2.400     423.2     397.0      26.2    -4.301    12.159     1.138    11.021    26.633     1.091    25.542     0.006
  2.500     422.9     396.7      26.2    -4.297    12.308     1.152    11.156    27.056     1.118    25.937     0.006
  2.600     422.7     396.5      26.2    -4.293    12.457     1.167    11.291    27.476     1.146    26.330     0.006
  2.700     422.4     396.2      26.2    -4.290    12.606     1.181    11.425    27.893     1.173    26.720     0.006
  2.800     422.2     396.0      26.2    -4.286    12.755     1.195    11.560    28.308     1.201    27.107     0.007
  2.900     421.9     395.7      26.2    -4.282    12.904     1.210    11.694    28.720     1.230    27.491     0.007
  3.000     421.6     395.5      26.2    -4.279    13.053     1.224    11.829    29.130     1.259    27.871     0.007
  3.100     421.4     395.2      26.1    -4.275    13.201     1.238    11.963    29.537     1.288    28.249     0.007
  3.200     421.1     395.0      26.1    -4.271    13.349     1.252    12.097    29.940     1.317    28.623     0.007
  3.300     420.8     394.7      26.1    -4.268    13.498     1.267    12.231    30.341     1.347    28.995     0.007
  3.400     420.5     394.5      26.0    -4.264    13.646     1.281    12.365    30.739     1.377    29.363     0.007
  3.500     420.2     394.2      26.0    -4.260    13.794     1.295    12.499    31.134     1.407    29.727     0.008
  3.600     419.9     394.0      25.9    -4.257    13.942     1.310    12.632    31.526     1.438    30.088     0.008
  3.700     419.6     393.7      25.9    -4.253    14.090     1.324    12.766    31.915     1.469    30.446     0.008
  3.800     419.3     393.5      25.8    -4.249    14.238     1.338    12.899    32.301     1.500    30.801     0.008
  3.900     419.0     393.2      25.8    -4.246    14.385     1.353    13.033    32.683     1.532    31.152     0.008
  4.000     418.7     393.0      25.7    -4.242    14.533     1.367    13.166    33.063     1.564    31.499     0.009
  4.200     418.0     392.5      25.5    -4.235    14.828     1.396    13.432    33.812     1.628    32.183     0.009
  4.400     417.4     392.0      25.4    -4.227    15.122     1.424    13.698    34.547     1.694    32.853     0.009
  4.600     416.7     391.5      25.2    -4.220    15.416     1.453    13.963    35.270     1.762    33.508     0.010
  4.800     416.0     391.0      25.0    -4.213    15.709     1.482    14.227    35.980     1.830    34.149     0.010
  5.000     415.3     390.6      24.8    -4.206    16.002     1.510    14.492    36.676     1.900    34.776     0.010
  5.200     414.6     390.1      24.5    -4.198    16.294     1.539    14.755    37.358     1.971    35.387     0.011
  5.400     413.9     389.6      24.3    -4.191    16.586     1.568    15.018    38.028     2.043    35.984     0.011
  5.600     413.2     389.1      24.1    -4.184    16.877     1.596    15.281    38.683     2.117    36.567     0.012
  5.800     412.4     388.6      23.8    -4.176    17.168     1.625    15.543    39.326     2.191    37.134     0.012
  6.000     411.7     388.2      23.5    -4.169    17.458     1.654    15.804    39.955     2.267    37.688     0.012
  6.200     410.9     387.7      23.3    -4.162    17.748     1.682    16.065    40.571     2.345    38.227     0.013
  6.400     410.2     387.2      23.0    -4.155    18.037     1.711    16.326    41.174     2.423    38.751     0.013
  6.600     409.4     386.7      22.7    -4.147    18.325     1.740    16.586    41.764     2.502    39.262     0.014
  6.800     408.6     386.2      22.4    -4.140    18.613     1.769    16.845    42.341     2.583    39.758     0.014
  7.000     407.9     385.8      22.1    -4.133    18.901     1.797    17.103    42.906     2.665    40.241     0.015
  7.200     407.1     385.3      21.8    -4.126    19.188     1.826    17.361    43.458     2.748    40.710     0.015
  7.400     406.3     384.8      21.4    -4.119    19.474     1.855    17.619    43.998     2.833    41.165     0.016
  7.600     405.5     384.4      21.1    -4.111    19.759     1.884    17.876    44.525     2.918    41.607     0.016
  7.800     404.7     383.9      20.8    -4.104    20.044     1.912    18.132    45.041     3.005    42.037     0.016
  8.000     403.9     383.4      20.5    -4.097    20.329     1.941    18.388    45.545     3.092    42.453     0.017
  8.200     403.1     382.9      20.1    -4.090    20.613     1.970    18.643    46.038     3.181    42.857     0.017
  8.400     402.3     382.5      19.8    -4.083    20.896     1.999    18.897    46.519     3.271    43.248     0.018
  8.600     401.5     382.0      19.4    -4.075    21.178     2.028    19.151    46.990     3.363    43.627     0.019
  8.800     400.6     381.5      19.1    -4.068    21.460     2.056    19.404    47.449     3.455    43.994     0.019
  9.000     399.8     381.1      18.7    -4.061    21.741     2.085    19.656    47.898     3.549    44.349     0.020
  9.200     399.0     380.6      18.4    -4.054    22.022     2.114    19.908    48.336     3.643    44.693     0.020
  9.400     398.2     380.2      18.0    -4.047    22.302     2.143    20.159    48.765     3.739    45.026     0.021
  9.600     397.4     379.7      17.7    -4.040    22.581     2.172    20.409    49.183     3.836    45.347     0.021
  9.800     396.6     379.2      17.3    -4.033    22.860     2.201    20.659    49.592     3.934    45.658     0.022
 10.000     395.8     378.8      17.0    -4.025    23.137     2.230    20.908    49.991     4.033    45.958     0.022
 10.500     393.7     377.6      16.1    -4.008    23.829     2.302    21.527    50.949     4.285    46.663     0.024
 11.000     391.7     376.5      15.2    -3.990    24.516     2.374    22.142    51.852     4.544    47.308     0.025
 11.500     389.6     375.3      14.3    -3.972    25.199     2.446    22.752    52.705     4.810    47.895     0.027
 12.000     387.6     374.2      13.4    -3.954    25.877     2.519    23.358    53.510     5.083    48.427     0.028
 12.500     385.6     373.1      12.5    -3.937    26.550     2.591    23.959    54.270     5.361    48.908     0.030
 13.000     383.6     372.0      11.6    -3.919    27.218     2.664    24.554    54.988     5.646    49.342     0.032
 13.500     381.6     370.8      10.8    -3.902    27.881     2.736    25.145    55.667     5.938    49.730     0.033
 14.000     379.7     369.7       9.9    -3.884    28.540     2.809    25.731    56.311     6.235    50.076     0.035
 14.500     377.7     368.6       9.1    -3.867    29.193     2.881    26.312    56.920     6.538    50.382     0.037
 15.000     375.8     367.5       8.3    -3.849    29.841     2.954    26.887    57.499     6.847    50.652     0.039
 15.500     373.8     366.4       7.4    -3.832    30.484     3.027    27.457    58.048     7.162    50.887     0.040
 16.000     371.9     365.3       6.6    -3.815    31.121     3.099    28.022    58.571     7.482    51.089     0.042
 16.500     370.1     364.2       5.9    -3.797    31.753     3.172    28.581    59.069     7.808    51.260     0.044
 17.000     368.2     363.1       5.1    -3.780    32.380     3.245    29.135    59.543     8.139    51.404     0.046
 17.500     366.3     362.0       4.3    -3.763    33.001     3.318    29.683    59.996     8.476    51.520     0.048
 18.000     364.5     360.9       3.6    -3.746    33.617     3.391    30.226    60.430     8.818    51.612     0.050
 18.500     362.7     359.9       2.8    -3.729    34.226     3.464    30.762    60.845     9.164    51.681     0.053
 19.000     360.9     358.8       2.1    -3.711    34.830     3.537    31.293    61.243     9.516    51.728     0.055
 19.500     359.1     357.7       1.4    -3.694    35.429     3.610    31.819    61.626     9.872    51.754     0.057
 20.000     357.4     356.6       0.8    -3.677    36.021     3.683    32.338    61.994    10.233    51.761     0.059
 20.500     355.6     355.6       0.1    -3.661    36.608     3.757    32.851    62.349    10.598    51.751     0.061
 21.000     353.9     354.5      -0.6    -3.644    37.189     3.830    33.359    62.692    10.968    51.724     0.064
 21.500     352.2     353.4      -1.2    -3.627    37.763     3.903    33.860    63.024    11.342    51.682     0.066
 22.000     350.5     352.4      -1.8    -3.610    38.332     3.977    34.356    63.345    11.720    51.624     0.068
 22.500     348.9     351.3      -2.4    -3.593    38.895     4.050    34.845    63.656    12.102    51.554     0.071
 23.000     347.2     350.2      -3.0    -3.577    39.452     4.123    35.328    63.959    12.489    51.471     0.073
 23.500     345.6     349.2      -3.6    -3.560    40.002     4.197    35.805    64.254    12.878    51.376     0.076
 24.000     343.9     348.1      -4.2    -3.543    40.547     4.271    36.276    64.541    13.272    51.269     0.078
 24.500     342.3     347.1      -4.7    -3.527    41.085     4.344    36.741    64.822    13.669    51.153     0.081
 25.000     340.7     346.0      -5.3    -3.510    41.618     4.418    37.200    65.096    14.069    51.027     0.083
 25.500     339.2     345.0      -5.8    -3.494    42.144     4.492    37.652    65.364    14.473    50.891     0.086
 26.000     337.6     343.9      -6.3    -3.477    42.664     4.565    38.098    65.628    14.880    50.748     0.089
 26.500     336.0     342.9      -6.8    -3.461    43.178     4.639    38.538    65.886    15.290    50.596     0.092
 27.000     334.5     341.8      -7.3    -3.445    43.685     4.713    38.972    66.140    15.703    50.438     0.094
 27.500     333.0     340.8      -7.8    -3.428    44.187     4.787    39.400    66.390    16.118    50.272     0.097
 28.000     331.5     339.8      -8.3    -3.412    44.682     4.861    39.821    66.637    16.537    50.100     0.100
 28.500     330.0     338.7      -8.8    -3.396    45.171     4.935    40.236    66.880    16.957    49.922     0.103
 29.000     328.5     337.7      -9.2    -3.380    45.654     5.009    40.645    67.119    17.381    49.739     0.106
 29.500     327.0     336.7      -9.6    -3.364    46.130     5.083    41.047    67.357    17.806    49.550     0.109
 30.000     325.5     335.6     -10.1    -3.348    46.601     5.157    41.443    67.591    18.234    49.357     0.112
 31.000     322.7     333.6     -10.9    -3.316    47.523     5.306    42.217    68.054    19.096    48.957     0.118
 32.000     319.8     331.5     -11.7    -3.284    48.421     5.455    42.966    68.508    19.966    48.542     0.124
