<cross-s.>      1.01      1.00400000D-03    238.05    0    3
 1.49950D+04
 4.38282D+03
 1.06122D+04
<cross-s.>      1.01      2.00800000D-03    238.05    0    3
 1.38437D+04
 3.26008D+03
 1.05837D+04
<cross-s.>      1.01      5.02100000D-03    238.05    0    3
 1.28789D+04
 2.36793D+03
 1.05110D+04
<cross-s.>      1.01      1.00400000D-02    238.05    0    3
 1.24475D+04
 2.03987D+03
 1.04076D+04
<cross-s.>      1.01      2.00800000D-02    238.05    0    3
 1.21864D+04
 1.96282D+03
 1.02235D+04
<cross-s.>      1.01      5.02100000D-02    238.05    0    3
 1.19860D+04
 2.23479D+03
 9.75121D+03
<cross-s.>      1.01      1.00420000D-01    238.05    0    3
 1.18096D+04
 2.69889D+03
 9.11067D+03
<cross-s.>      1.01      2.00850000D-01    238.05    0    3
 1.13111D+04
 3.18807D+03
 8.12308D+03
<cross-s.>      1.01      3.01270000D-01    238.05    0    3
 1.05728D+04
 3.26670D+03
 7.30608D+03
<cross-s.>      1.01      4.01690000D-01    238.05    0    3
 9.71504D+03
 3.16261D+03
 6.55243D+03
<cross-s.>      1.01      5.02120000D-01    238.05    0    3
 8.87473D+03
 3.02576D+03
 5.84896D+03
<cross-s.>      1.01      6.02540000D-01    238.05    0    3
 8.13628D+03
 2.92805D+03
 5.20824D+03
<cross-s.>      1.01      7.02970000D-01    238.05    0    3
 7.55227D+03
 2.90376D+03
 4.64851D+03
<cross-s.>      1.01      8.03390000D-01    238.05    0    3
 7.14725D+03
 2.96589D+03
 4.18136D+03
<cross-s.>      1.01      9.03810000D-01    238.05    0    3
 6.92670D+03
 3.10849D+03
 3.81822D+03
<cross-s.>      1.01      1.00424000D+00    238.05    0    3
 6.87283D+03
 3.30845D+03
 3.56438D+03
<cross-s.>      1.01      1.10466000D+00    238.05    0    3
 6.93467D+03
 3.52009D+03
 3.41458D+03
<cross-s.>      1.01      1.20508000D+00    238.05    0    3
 7.05434D+03
 3.69996D+03
 3.35437D+03
<cross-s.>      1.01      1.30551000D+00    238.05    0    3
 7.18206D+03
 3.81995D+03
 3.36211D+03
<cross-s.>      1.01      1.40593000D+00    238.05    0    3
 7.29174D+03
 3.87450D+03
 3.41723D+03
<cross-s.>      1.01      1.50636000D+00    238.05    0    3
 7.37736D+03
 3.87344D+03
 3.50392D+03
<cross-s.>      1.01      1.60678000D+00    238.05    0    3
 7.44237D+03
 3.83177D+03
 3.61060D+03
<cross-s.>      1.01      1.70720000D+00    238.05    0    3
 7.49158D+03
 3.76282D+03
 3.72876D+03
<cross-s.>      1.01      1.80763000D+00    238.05    0    3
 7.52958D+03
 3.67668D+03
 3.85290D+03
<cross-s.>      1.01      1.90805000D+00    238.05    0    3
 7.56269D+03
 3.58173D+03
 3.98097D+03
<cross-s.>      1.01      2.00847000D+00    238.05    0    3
 7.58923D+03
 3.48323D+03
 4.10599D+03
<cross-s.>      1.01      2.20932000D+00    238.05    0    3
 7.63229D+03
 3.29506D+03
 4.33723D+03
<cross-s.>      1.01      2.41017000D+00    238.05    0    3
 7.68270D+03
 3.13706D+03
 4.54565D+03
<cross-s.>      1.01      2.61102000D+00    238.05    0    3
 7.74344D+03
 3.01315D+03
 4.73029D+03
<cross-s.>      1.01      2.81186000D+00    238.05    0    3
 7.80823D+03
 2.91881D+03
 4.88942D+03
<cross-s.>      1.01      3.01271000D+00    238.05    0    3
 7.86676D+03
 2.84458D+03
 5.02218D+03
<cross-s.>      1.01      3.21356000D+00    238.05    0    3
 7.91252D+03
 2.78398D+03
 5.12855D+03
<cross-s.>      1.01      3.41441000D+00    238.05    0    3
 7.94070D+03
 2.73255D+03
 5.20815D+03
<cross-s.>      1.01      3.61525000D+00    238.05    0    3
 7.95037D+03
 2.68919D+03
 5.26118D+03
<cross-s.>      1.01      3.81610000D+00    238.05    0    3
 7.94239D+03
 2.65346D+03
 5.28893D+03
<cross-s.>      1.01      4.01695000D+00    238.05    0    3
 7.91935D+03
 2.62550D+03
 5.29385D+03
<cross-s.>      1.01      4.51907000D+00    238.05    0    3
 7.80499D+03
 2.59207D+03
 5.21292D+03
<cross-s.>      1.01      5.02119000D+00    238.05    0    3
 7.62178D+03
 2.59445D+03
 5.02732D+03
<cross-s.>      1.01      5.52330000D+00    238.05    0    3
 7.42243D+03
 2.64299D+03
 4.77944D+03
<cross-s.>      1.01      6.02542000D+00    238.05    0    3
 7.23821D+03
 2.73086D+03
 4.50735D+03
<cross-s.>      1.01      6.52754000D+00    238.05    0    3
 7.06162D+03
 2.82774D+03
 4.23389D+03
<cross-s.>      1.01      7.02966000D+00    238.05    0    3
 6.87856D+03
 2.90455D+03
 3.97401D+03
<cross-s.>      1.01      7.53178000D+00    238.05    0    3
 6.67900D+03
 2.94682D+03
 3.73218D+03
<cross-s.>      1.01      8.03390000D+00    238.05    0    3
 6.46919D+03
 2.95872D+03
 3.51047D+03
<cross-s.>      1.01      8.53602000D+00    238.05    0    3
 6.26280D+03
 2.95101D+03
 3.31178D+03
<cross-s.>      1.01      9.03813000D+00    238.05    0    3
 6.07231D+03
 2.93486D+03
 3.13746D+03
<cross-s.>      1.01      9.54025000D+00    238.05    0    3
 5.90764D+03
 2.91819D+03
 2.98945D+03
<cross-s.>      1.01      1.00423700D+01    238.05    0    3
 5.77712D+03
 2.90692D+03
 2.87020D+03
<cross-s.>      1.01      4.01690000D-01    238.05   91    1
 3.71118D-46
<cross-s.>      1.01      5.02120000D-01    238.05   91    1
 1.01083D-39
<cross-s.>      1.01      6.02540000D-01    238.05   91    1
 5.55775D-35
<cross-s.>      1.01      7.02960000D-01    238.05   91    1
 2.64261D-31
<cross-s.>      1.01      8.03390000D-01    238.05   91    1
 6.54861D-28
<cross-s.>      1.01      9.03810000D-01    238.05   91    1
 1.95645D-25
<cross-s.>      1.01      1.00423000D+00    238.05   91    1
 2.28167D-23
<cross-s.>      1.01      1.10466000D+00    238.05   91    1
 1.36020D-21
<cross-s.>      1.01      1.20508000D+00    238.05   91    1
 4.78011D-20
<cross-s.>      1.01      1.30550000D+00    238.05   91    1
 1.09918D-18
<cross-s.>      1.01      1.40593000D+00    238.05   91    1
 1.78733D-17
<cross-s.>      1.01      1.50635000D+00    238.05   91    1
 2.17872D-16
<cross-s.>      1.01      1.60677000D+00    238.05   91    1
 2.08486D-15
<cross-s.>      1.01      1.70720000D+00    238.05   91    1
 1.62422D-14
<cross-s.>      1.01      1.80762000D+00    238.05   91    1
 1.06006D-13
<cross-s.>      1.01      1.90804000D+00    238.05   91    1
 5.93574D-13
<cross-s.>      1.01      2.00847000D+00    238.05   91    1
 2.90779D-12
<cross-s.>      1.01      2.20931000D+00    238.05   91    1
 4.96693D-11
<cross-s.>      1.01      2.41016000D+00    238.05   91    1
 5.84409D-10
<cross-s.>      1.01      2.61101000D+00    238.05   91    1
 5.09352D-09
<cross-s.>      1.01      2.81185000D+00    238.05   91    1
 3.47132D-08
<cross-s.>      1.01      3.01270000D+00    238.05   91    1
 1.92825D-07
<cross-s.>      1.01      3.21355000D+00    238.05   91    1
 9.01411D-07
<cross-s.>      1.01      3.41439000D+00    238.05   91    1
 3.63725D-06
<cross-s.>      1.01      3.61524000D+00    238.05   91    1
 1.29310D-05
<cross-s.>      1.01      3.81609000D+00    238.05   91    1
 4.11796D-05
<cross-s.>      1.01      4.01693000D+00    238.05   91    1
 1.19083D-04
<cross-s.>      1.01      4.51905000D+00    238.05   91    1
 1.19202D-03
<cross-s.>      1.01      5.02117000D+00    238.05   91    1
 7.99424D-03
<cross-s.>      1.01      5.52329000D+00    238.05   91    1
 3.94037D-02
<cross-s.>      1.01      6.02540000D+00    238.05   91    1
 1.52529D-01
<cross-s.>      1.01      6.52752000D+00    238.05   91    1
 4.87120D-01
<cross-s.>      1.01      7.02964000D+00    238.05   91    1
 1.33236D+00
<cross-s.>      1.01      7.53175000D+00    238.05   91    1
 3.21185D+00
<cross-s.>      2.01      4.03400000D-01    237.05   91    1
 1.96802D-65
<cross-s.>      2.01      5.04250000D-01    237.05   91    1
 2.38226D-56
<cross-s.>      2.01      6.05100000D-01    237.05   91    1
 1.04647D-49
<cross-s.>      2.01      7.05950000D-01    237.05   91    1
 1.59125D-44
<cross-s.>      2.01      8.06800000D-01    237.05   91    1
 2.32866D-40
<cross-s.>      2.01      9.07650000D-01    237.05   91    1
 6.42117D-37
<cross-s.>      2.01      1.00850000D+00    237.05   91    1
 5.12774D-34
<cross-s.>      2.01      1.10935000D+00    237.05   91    1
 6.85050D-31
<cross-s.>      2.01      1.21020000D+00    237.05   91    1
 1.05539D-28
<cross-s.>      2.01      1.31105000D+00    237.05   91    1
 8.47837D-27
<cross-s.>      2.01      1.41190000D+00    237.05   91    1
 4.17154D-25
<cross-s.>      2.01      1.51274000D+00    237.05   91    1
 1.36635D-23
<cross-s.>      2.01      1.61359000D+00    237.05   91    1
 3.18133D-22
<cross-s.>      2.01      1.71444000D+00    237.05   91    1
 5.54083D-21
<cross-s.>      2.01      1.81529000D+00    237.05   91    1
 7.52232D-20
<cross-s.>      2.01      1.91614000D+00    237.05   91    1
 8.23157D-19
<cross-s.>      2.01      2.01699000D+00    237.05   91    1
 7.46306D-18
<cross-s.>      2.01      2.21869000D+00    237.05   91    1
 3.80978D-16
<cross-s.>      2.01      2.42039000D+00    237.05   91    1
 1.15448D-14
<cross-s.>      2.01      2.62209000D+00    237.05   91    1
 2.30332D-13
<cross-s.>      2.01      2.82379000D+00    237.05   91    1
 3.26800D-12
<cross-s.>      2.01      3.02549000D+00    237.05   91    1
 3.49665D-11
<cross-s.>      2.01      3.22719000D+00    237.05   91    1
 2.95284D-10
<cross-s.>      2.01      3.42889000D+00    237.05   91    1
 2.04006D-09
<cross-s.>      2.01      3.63059000D+00    237.05   91    1
 1.18671D-08
<cross-s.>      2.01      3.83229000D+00    237.05   91    1
 5.94907D-08
<cross-s.>      2.01      4.03399000D+00    237.05   91    1
 2.61958D-07
<cross-s.>      2.01      4.53823000D+00    237.05   91    1
 6.65851D-06
<cross-s.>      2.01      5.04248000D+00    237.05   91    1
 9.90900D-05
<cross-s.>      3.02      4.05110000D-01    236.05   91    1
 1.98544D-49
<cross-s.>      3.02      5.06390000D-01    236.05   91    1
 3.96017D-68
<cross-s.>      3.02      6.07670000D-01    236.05   91    1
 5.60773D-60
<cross-s.>      3.02      7.08940000D-01    236.05   91    1
 1.14863D-53
<cross-s.>      3.02      8.10220000D-01    236.05   91    1
 1.21825D-48
<cross-s.>      3.02      9.11500000D-01    236.05   91    1
 1.85450D-44
<cross-s.>      3.02      1.01278000D+00    236.05   91    1
 6.20176D-41
<cross-s.>      3.02      1.11406000D+00    236.05   91    1
 6.49100D-38
<cross-s.>      3.02      1.21533000D+00    236.05   91    1
 2.72401D-35
<cross-s.>      3.02      1.31661000D+00    236.05   91    1
 3.03175D-32
<cross-s.>      3.02      1.41789000D+00    236.05   91    1
 3.55367D-30
<cross-s.>      3.02      1.51917000D+00    236.05   91    1
 2.39950D-28
<cross-s.>      3.02      1.62044000D+00    236.05   91    1
 1.06615D-26
<cross-s.>      3.02      1.72172000D+00    236.05   91    1
 3.32332D-25
<cross-s.>      3.02      1.82300000D+00    236.05   91    1
 7.63968D-24
<cross-s.>      3.02      1.92428000D+00    236.05   91    1
 1.34939D-22
<cross-s.>      3.02      2.02555000D+00    236.05   91    1
 1.89362D-21
<cross-s.>      3.02      2.22811000D+00    236.05   91    1
 2.08571D-19
<cross-s.>      3.02      2.43067000D+00    236.05   91    1
 1.21602D-17
<cross-s.>      3.02      2.63322000D+00    236.05   91    1
 4.26049D-16
<cross-s.>      3.02      2.83578000D+00    236.05   91    1
 9.86427D-15
<cross-s.>      3.02      3.03833000D+00    236.05   91    1
 1.62157D-13
<cross-s.>      3.02      3.24089000D+00    236.05   91    1
 2.00226D-12
<cross-s.>      3.02      3.44344000D+00    236.05   91    1
 1.94056D-11
<cross-s.>      3.02      3.64600000D+00    236.05   91    1
 1.52985D-10
<cross-s.>      3.02      3.84855000D+00    236.05   91    1
 1.00947D-09
<cross-s.>      3.02      4.05111000D+00    236.05   91    1
 5.71017D-09
<cross-s.>      3.02      4.55750000D+00    236.05   91    1
 2.49457D-07
<cross-s.>      3.02      5.06389000D+00    236.05   91    1
 5.85316D-06
<cross-s.>      3.02      5.57028000D+00    236.05   91    1
 8.58370D-05
<cross-s.>      3.02      8.10220000D-01    236.05  180    1
 4.02185D-47
<cross-s.>      3.02      9.11500000D-01    236.05  180    1
 9.05472D-69
<cross-s.>      3.02      1.01278000D+00    236.05  180    1
 1.10972D-61
<cross-s.>      3.02      1.11405000D+00    236.05  180    1
 1.34907D-55
<cross-s.>      3.02      1.21533000D+00    236.05  180    1
 2.66931D-50
<cross-s.>      3.02      1.31661000D+00    236.05  180    1
 1.22634D-45
<cross-s.>      3.02      1.41789000D+00    236.05  180    1
 1.70710D-41
<cross-s.>      3.02      1.51917000D+00    236.05  180    1
 1.50047D-67
<cross-s.>      3.02      1.62044000D+00    236.05  180    1
 3.36539D-64
<cross-s.>      3.02      1.72172000D+00    236.05  180    1
 3.71730D-61
<cross-s.>      3.02      1.82300000D+00    236.05  180    1
 2.23344D-58
<cross-s.>      3.02      1.92428000D+00    236.05  180    1
 7.91520D-56
<cross-s.>      3.02      2.02555000D+00    236.05  180    1
 1.76854D-53
<cross-s.>      3.02      2.22811000D+00    236.05  180    1
 2.74407D-49
<cross-s.>      3.02      2.43067000D+00    236.05  180    1
 1.18184D-45
<cross-s.>      3.02      2.63322000D+00    236.05  180    1
 1.81562D-42
<cross-s.>      3.02      2.83578000D+00    236.05  180    1
 1.08692D-39
<cross-s.>      3.02      3.03833000D+00    236.05  180    1
 3.57115D-37
<cross-s.>      3.02      3.24089000D+00    236.05  180    1
 6.51527D-35
<cross-s.>      3.02      3.44344000D+00    236.05  180    1
 6.68834D-32
<cross-s.>      3.02      3.64600000D+00    236.05  180    1
 4.88542D-30
<cross-s.>      3.02      3.84855000D+00    236.05  180    1
 2.44471D-28
<cross-s.>      3.02      4.05111000D+00    236.05  180    1
 8.83848D-27
<cross-s.>      3.02      4.55750000D+00    236.05  180    1
 2.13306D-23
<cross-s.>      4.00      8.13620000D-01    235.05  180    1
 3.44560D-68
<cross-s.>      4.00      9.15330000D-01    235.05  180    1
 9.59955D-59
<cross-s.>      4.00      1.01703000D+00    235.05  180    1
 8.17830D-51
<cross-s.>      4.00      1.11873000D+00    235.05  180    1
 8.38182D-74
<cross-s.>      4.00      1.22043000D+00    235.05  180    1
 2.54587D-67
<cross-s.>      4.00      1.32214000D+00    235.05  180    1
 3.82388D-62
<cross-s.>      4.00      1.42384000D+00    235.05  180    1
 3.22846D-57
<cross-s.>      4.00      1.52554000D+00    235.05  180    1
 7.02651D-53
<cross-s.>      4.00      1.62725000D+00    235.05  180    1
 3.33925D-49
<cross-s.>      4.00      1.72895000D+00    235.05  180    1
 1.34722D-45
<cross-s.>      4.00      1.83065000D+00    235.05  180    1
 6.19395D-72
<cross-s.>      4.00      1.93236000D+00    235.05  180    1
 4.85372D-69
<cross-s.>      4.00      2.03406000D+00    235.05  180    1
 1.84765D-66
<cross-s.>      4.00      2.23746000D+00    235.05  180    1
 1.40556D-61
<cross-s.>      4.00      2.44087000D+00    235.05  180    1
 2.35613D-57
<cross-s.>      4.00      2.64428000D+00    235.05  180    1
 1.27330D-53
<cross-s.>      4.00      2.84768000D+00    235.05  180    1
 2.88436D-50
<cross-s.>      4.00      3.05109000D+00    235.05  180    1
 1.70660D-47
<cross-s.>      4.00      3.25449000D+00    235.05  180    1
 8.31052D-45
<cross-s.>      4.00      3.45790000D+00    235.05  180    1
 1.63792D-42
<cross-s.>      4.00      3.66130000D+00    235.05  180    1
 1.22212D-40
<cross-s.>      4.00      3.86471000D+00    235.05  180    1
 1.88000D-38
<cross-s.>      4.00      4.06812000D+00    235.05  180    1
 7.26453D-36
<cross-s.>      4.00      4.57663000D+00    235.05  180    1
 6.37761D-32
<cross-s.>      4.00      5.08514000D+00    235.05  180    1
 1.24415D-28
<cross-s.>      4.00      5.59366000D+00    235.05  180    1
 5.66744D-26
<cross-s.>      4.00      6.10217000D+00    235.05  180    1
 1.53426D-23
<cross-s.>      4.00      6.61069000D+00    235.05  180    1
 1.98351D-21
<cross-s.>      4.00      7.11920000D+00    235.05  180    1
 1.34665D-19
<cross-s.>      4.00      7.62772000D+00    235.05  180    1
 6.50218D-18
<cross-s.>      4.00      8.13623000D+00    235.05  180    1
 2.52852D-16
<cross-s.>      4.00      8.64475000D+00    235.05  180    1
 7.00581D-15
<cross-s.>      4.00      9.15326000D+00    235.05  180    1
 1.52196D-13
<cross-s.>      4.00      9.66177000D+00    235.05  180    1
 2.66592D-12
<cross-s.>      4.00      1.01702900D+01    235.05  180    1
 3.55174D-11
<cross-s.>      4.00      1.06788000D+01    235.05  180    1
 3.20840D-10
<cross-s.>      4.00      1.11873200D+01    235.05  180    1
 2.29148D-09
<cross-s.>      4.00      1.16958300D+01    235.05  180    1
 1.49608D-08
<cross-s.>      4.00      1.22043500D+01    235.05  180    1
 9.02569D-08
<cross-s.>      4.00      1.27128600D+01    235.05  180    1
 4.97855D-07
<cross-s.>      4.00      1.32213800D+01    235.05  180    1
 2.51315D-06
<cross-s.>      4.00      1.37298900D+01    235.05  180    1
 1.34725D-05
<cross-s.>      4.00      1.42384100D+01    235.05  180    1
 7.23970D-05
<cross-s.>      4.00      1.47469200D+01    235.05  180    1
 3.18117D-04
<cross-s.>      4.00      1.52554300D+01    235.05  180    1
 1.22829D-03
