# Reference Number = 2408 Incident Particle: neutron  imodel=1 Target: Z= 91 A= 232 Ef = -6.040
# En(MeV) DWV/w        DWVsym/w       DW>/w         DW</w            w         DWS/wd           wd         DWvso/wso       wso
  0.001  14.77471      13.39822      1.844887     -.4684028     0.6941353E-01  1.422864      2.507439      26.48524     -.4413012E-02
  0.002  14.77226      13.39600      1.844585     -.4683257     0.6943639E-01  1.422603      2.508058      26.48086     -.4414471E-02
  0.003  14.76982      13.39379      1.844284     -.4682487     0.6945924E-01  1.422341      2.508677      26.47648     -.4415930E-02
  0.004  14.76738      13.39157      1.843983     -.4681717     0.6948211E-01  1.422080      2.509295      26.47210     -.4417390E-02
  0.005  14.76494      13.38936      1.843682     -.4680948     0.6950497E-01  1.421818      2.509914      26.46772     -.4418849E-02
  0.006  14.76251      13.38714      1.843381     -.4680178     0.6952784E-01  1.421557      2.510533      26.46334     -.4420309E-02
  0.007  14.76007      13.38493      1.843080     -.4679409     0.6955072E-01  1.421296      2.511152      26.45896     -.4421770E-02
  0.008  14.75763      13.38272      1.842779     -.4678640     0.6957359E-01  1.421035      2.511770      26.45459     -.4423230E-02
  0.009  14.75519      13.38050      1.842479     -.4677872     0.6959647E-01  1.420774      2.512389      26.45022     -.4424691E-02
  0.010  14.75276      13.37829      1.842178     -.4677103     0.6961936E-01  1.420513      2.513008      26.44584     -.4426152E-02
  0.020  14.72845      13.35622      1.839178     -.4669434     0.6984841E-01  1.417909      2.519195      26.40220     -.4440775E-02
  0.030  14.70422      13.33421      1.836188     -.4661789     0.7007783E-01  1.415312      2.525382      26.35871     -.4455421E-02
  0.040  14.68007      13.31228      1.833207     -.4654170     0.7030761E-01  1.412724      2.531569      26.31536     -.4470092E-02
  0.050  14.65600      13.29042      1.830237     -.4646576     0.7053777E-01  1.410143      2.537756      26.27215     -.4484787E-02
  0.060  14.63201      13.26863      1.827276     -.4639007     0.7076830E-01  1.407571      2.543942      26.22908     -.4499506E-02
  0.070  14.60810      13.24692      1.824325     -.4631463     0.7099920E-01  1.405006      2.550128      26.18615     -.4514249E-02
  0.080  14.58426      13.22527      1.821384     -.4623944     0.7123047E-01  1.402449      2.556314      26.14336     -.4529016E-02
  0.090  14.56051      13.20370      1.818453     -.4616450     0.7146210E-01  1.399900      2.562499      26.10072     -.4543806E-02
  0.100  14.53683      13.18220      1.815531     -.4608980     0.7169411E-01  1.397359      2.568684      26.05821     -.4558621E-02
  0.200  14.30421      12.97095      1.786829     -.4535605     0.7403449E-01  1.372367      2.630506      25.64061     -.4708090E-02
  0.300  14.07894      12.76636      1.759039     -.4464558     0.7641178E-01  1.348111      2.692262      25.23620     -.4859958E-02
  0.400  13.86067      12.56813      1.732116     -.4395731     0.7882593E-01  1.324560      2.753926      24.84433     -.5014226E-02
  0.500  13.64908      12.37596      1.706023     -.4329022     0.8127691E-01  1.301680      2.815475      24.46446     -.5170892E-02
  0.600  13.44386      12.18958      1.680720     -.4264335     0.8376466E-01  1.279441      2.876885      24.09602     -.5329956E-02
  0.700  13.24474      12.00872      1.656173     -.4201580     0.8628915E-01  1.257815      2.938136      23.73852     -.5491417E-02
  0.800  13.05144      11.83316      1.632349     -.4140672     0.8885032E-01  1.236776      2.999204      23.39147     -.5655274E-02
  0.900  12.86372      11.66266      1.609216     -.4081532     0.9144814E-01  1.216298      3.060070      23.05442     -.5821526E-02
  1.000  12.68133      11.49700      1.586746     -.4024085     0.9408255E-01  1.196357      3.120714      22.72695     -.5990173E-02
  1.100  12.50406      11.33598      1.564909     -.3968258     0.9675351E-01  1.176931      3.181116      22.40865     -.6161214E-02
  1.200  12.33169      11.17940      1.543681     -.3913985     0.9946097E-01  1.158000      3.241257      22.09914     -.6334648E-02
  1.300  12.16401      11.02710      1.523035     -.3861203     0.1022049      1.139542      3.301121      21.79807     -.6510475E-02
  1.400  12.00085      10.87889      1.502949     -.3809851     0.1049852      1.121540      3.360690      21.50509     -.6688692E-02
  1.500  11.84202      10.73461      1.483401     -.3759873     0.1078019      1.103974      3.419948      21.21988     -.6869301E-02
  1.600  11.68735      10.59410      1.464368     -.3711214     0.1106548      1.086829      3.478880      20.94213     -.7052299E-02
  1.700  11.53668      10.45723      1.445832     -.3663823     0.1135441      1.070088      3.537470      20.67157     -.7237686E-02
  1.800  11.38986      10.32385      1.427773     -.3617652     0.1164695      1.053735      3.595705      20.40790     -.7425461E-02
  1.900  11.24673      10.19383      1.410173     -.3572655     0.1194311      1.037757      3.653570      20.15088     -.7615624E-02
  2.000  11.10718      10.06704      1.393015     -.3528788     0.1224287      1.022139      3.711054      19.90025     -.7808172E-02
  2.100  10.97105      9.943367      1.376283     -.3486009     0.1254624      1.006868      3.768144      19.65578     -.8003106E-02
  2.200  10.83823      9.822696      1.359961     -.3444278     0.1285321     0.9919318      3.824828      19.41724     -.8200425E-02
  2.300  10.70860      9.704920      1.344035     -.3403559     0.1316377     0.9773185      3.881096      19.18442     -.8400127E-02
  2.400  10.58204      9.589934      1.328490     -.3363815     0.1347792     0.9630166      3.936937      18.95712     -.8602211E-02
  2.500  10.45845      9.477641      1.313313     -.3325011     0.1379566     0.9490154      3.992342      18.73514     -.8806677E-02
  2.600  10.33773      9.367947      1.298492     -.3287115     0.1411697     0.9353046      4.047301      18.51830     -.9013525E-02
  2.700  10.21977      9.260764      1.284013     -.3250097     0.1444185     0.9218742      4.101806      18.30643     -.9222751E-02
  2.800  10.10448      9.156006      1.269866     -.3213925     0.1477029     0.9087150      4.155849      18.09934     -.9434357E-02
  2.900  9.991773      9.053591      1.256040     -.3178572     0.1510230     0.8958178      4.209422      17.89689     -.9648341E-02
  3.000  9.881563      8.953441      1.242522     -.3144011     0.1543786     0.8831742      4.262519      17.69892     -.9864701E-02
  3.100  9.773767      8.855484      1.229305     -.3110215     0.1577696     0.8707758      4.315132      17.50528     -.1008344E-01
  3.200  9.668307      8.759646      1.216377     -.3077160     0.1611961     0.8586150      4.367256      17.31583     -.1030455E-01
  3.300  9.565109      8.665861      1.203730     -.3044822     0.1646579     0.8466840      4.418886      17.13044     -.1052803E-01
  3.400  9.464099      8.574063      1.191354     -.3013178     0.1681551     0.8349758      4.470016      16.94897     -.1075389E-01
  3.500  9.365209      8.484189      1.179241     -.2982206     0.1716874     0.8234834      4.520642      16.77131     -.1098212E-01
  3.600  9.268374      8.396180      1.167383     -.2951886     0.1752550     0.8122001      4.570759      16.59734     -.1121272E-01
  3.700  9.173530      8.309977      1.155772     -.2922197     0.1788576     0.8011197      4.620365      16.42694     -.1144569E-01
  3.800  9.080616      8.225527      1.144401     -.2893120     0.1824953     0.7902361      4.669454      16.26000     -.1168103E-01
  3.900  8.989575      8.142777      1.133262     -.2864636     0.1861680     0.7795433      4.718025      16.09642     -.1191873E-01
  4.000  8.900349      8.061674      1.122348     -.2836729     0.1898756     0.7690358      4.766075      15.93610     -.1215881E-01
  4.200  8.727133      7.904221      1.101169     -.2782574     0.1973952     0.7485552      4.860603      15.62485     -.1264604E-01
  4.400  8.560564      7.752801      1.080816     -.2730526     0.2050538     0.7287536      4.953025      15.32553     -.1314273E-01
  4.600  8.400266      7.607073      1.061240     -.2680466     0.2128507     0.7095933      5.043330      15.03746     -.1364887E-01
  4.800  8.245893      7.466722      1.042399     -.2632286     0.2207854     0.6910394      5.131517      14.76001     -.1416443E-01
  5.000  8.097122      7.331457      1.024253     -.2585881     0.2288574     0.6730593      5.217584      14.49263     -.1468942E-01
  5.200  7.953655      7.201005      1.006765     -.2541158     0.2370660     0.6556232      5.301537      14.23475     -.1522383E-01
  5.400  7.815213      7.075115     0.9899009     -.2498028     0.2454108     0.6387028      5.383384      13.98590     -.1576763E-01
  5.600  7.681537      6.953550     0.9736277     -.2456410     0.2538911     0.6222721      5.463136      13.74559     -.1632084E-01
  5.800  7.552386      6.836093     0.9579158     -.2416226     0.2625064     0.6063067      5.540807      13.51340     -.1688342E-01
  6.000  7.427534      6.722537     0.9427373     -.2377404     0.2712561     0.5907838      5.616416      13.28893     -.1745538E-01
  6.200  7.306771      6.612693     0.9280660     -.2339880     0.2801395     0.5756823      5.689982      13.07179     -.1803670E-01
  6.400  7.189899      6.506381     0.9138775     -.2303589     0.2891562     0.5609820      5.761526      12.86164     -.1862738E-01
  6.600  7.076734      6.403432     0.9001488     -.2268473     0.2983053     0.5466645      5.831073      12.65813     -.1922739E-01
  6.800  6.967102      6.303691     0.8868584     -.2234477     0.3075864     0.5327121      5.898647      12.46097     -.1983674E-01
  7.000  6.860841      6.207010     0.8739862     -.2201550     0.3169988     0.5191084      5.964277      12.26985     -.2045541E-01
  7.200  6.757798      6.113249     0.8615133     -.2169643     0.3265418     0.5058380      6.027991      12.08450     -.2108338E-01
  7.400  6.657829      6.022279     0.8494218     -.2138710     0.3362148     0.4928862      6.089818      11.90468     -.2172065E-01
  7.600  6.560800      5.933976     0.8376949     -.2108710     0.3460172     0.4802393      6.149788      11.73012     -.2236720E-01
  7.800  6.466583      5.848226     0.8263169     -.2079601     0.3559483     0.4678845      6.207934      11.56061     -.2302303E-01
  8.000  6.375057      5.764918     0.8152727     -.2051345     0.3660074     0.4558095      6.264287      11.39593     -.2368811E-01
  8.200  6.286109      5.683951     0.8045485     -.2023906     0.3761938     0.4440028      6.318880      11.23588     -.2436245E-01
  8.400  6.199632      5.605226     0.7941308     -.1997251     0.3865070     0.4324536      6.371745      11.08026     -.2504602E-01
  8.600  6.115525      5.528653     0.7840071     -.1971347     0.3969461     0.4211514      6.422917      10.92889     -.2573882E-01
  8.800  6.033692      5.454143     0.7741656     -.1946163     0.4075104     0.4100867      6.472428      10.78160     -.2644082E-01
  9.000  5.954043      5.381615     0.7645949     -.1921672     0.4181994     0.3992500      6.520312      10.63823     -.2715203E-01
  9.200  5.876491      5.310991     0.7552844     -.1897846     0.4290123     0.3886327      6.566603      10.49862     -.2787241E-01
  9.400  5.800954      5.242196     0.7462240     -.1874658     0.4399483     0.3782265      6.611335      10.36263     -.2860197E-01
  9.600  5.727356      5.175161     0.7374042     -.1852085     0.4510067     0.3680235      6.654540      10.23012     -.2934069E-01
  9.800  5.655624      5.109818     0.7288157     -.1830103     0.4621869     0.3580161      6.696254      10.10095     -.3008856E-01
 10.000  5.585686      5.046105     0.7204500     -.1808690     0.4734881     0.3481972      6.736507      9.975004     -.3084555E-01
 10.500  5.418270      4.893564     0.7004571     -.1757512     0.5022655     0.3244312      6.830972      9.673464     -.3277790E-01
 11.000  5.260716      4.749974     0.6816880     -.1709460     0.5317828     0.3017046      6.917023      9.389620     -.3476702E-01
 11.500  5.112182      4.614571     0.6640380     -.1664266     0.5620280     0.2799309      6.995149      9.121958     -.3681268E-01
 12.000  4.971918      4.486673     0.6474141     -.1621692     0.5929892     0.2590330      7.065820      8.869134     -.3891464E-01
 12.500  4.839254      4.365674     0.6317332     -.1581527     0.6246539     0.2389421      7.129486      8.629946     -.4107268E-01
 13.000  4.713593      4.251030     0.6169212     -.1543581     0.6570098     0.2195964      7.186577      8.403320     -.4328654E-01
 13.500  4.594396      4.142252     0.6029113     -.1507683     0.6900443     0.2009403      7.237500      8.188293     -.4555599E-01
 14.000  4.481179      4.038903     0.5896435     -.1473679     0.7237445     0.1829239      7.282642      7.983995     -.4788076E-01
 14.500  4.373506      3.940586     0.5770637     -.1441432     0.7580975     0.1655017      7.322367      7.789643     -.5026059E-01
 15.000  4.270982      3.846941     0.5651228     -.1410816     0.7930904     0.1486327      7.357022      7.604529     -.5269522E-01
 15.500  4.173249      3.757644     0.5537763     -.1381717     0.8287099     0.1322795      7.386928      7.428009     -.5518438E-01
 16.000  4.079979      3.672398     0.5429839     -.1354031     0.8649427     0.1164081      7.412393      7.259497     -.5772779E-01
 16.500  3.990877      3.590935     0.5327086     -.1327666     0.9017754     0.1009875      7.433702      7.098462     -.6032517E-01
 17.000  3.905670      3.513007     0.5229168     -.1302534     0.9391947     0.8598911E-01  7.451123      6.944417     -.6297623E-01
 17.500  3.824111      3.438389     0.5135777     -.1278557     0.9771870     0.7138691E-01  7.464910      6.796915     -.6568068E-01
 18.000  3.745972      3.366876     0.5046632     -.1255663      1.015739     0.5715693E-01  7.475296      6.655548     -.6843822E-01
 18.500  3.671045      3.298276     0.4961472     -.1233785      1.054836     0.4327709E-01  7.482504      6.519943     -.7124855E-01
 19.000  3.599136      3.232416     0.4880059     -.1212863      1.094465     0.2972706E-01  7.486741      6.389753     -.7411137E-01
 19.500  3.530068      3.169135     0.4802173     -.1192840      1.134613     0.1648801E-01  7.488200      6.264660     -.7702635E-01
 20.000  3.463679      3.108284     0.4727611     -.1173664      1.175265     0.3542560E-02  7.487061      6.144371     -.7999319E-01
 20.500  3.399815      3.049726     0.4656186     -.1155288      1.216407     -.9125435E-02  7.483495      6.028615     -.8301155E-01
 21.000  3.338339      2.993333     0.4587723     -.1137667      1.258027     -.2153095E-01  7.477660      5.917140     -.8608113E-01
 21.500  3.279118      2.938988     0.4522062     -.1120760      1.300109     -.3368790E-01  7.469704      5.809712     -.8920157E-01
 22.000  3.222034      2.886581     0.4459053     -.1104528      1.342641     -.4560925E-01  7.459767      5.706115     -.9237255E-01
 22.500  3.166972      2.836010     0.4398556     -.1088936      1.385609     -.5730710E-01  7.447977      5.606149     -.9559374E-01
 23.000  3.113830      2.787181     0.4340442     -.1073951      1.428998     -.6879271E-01  7.434457      5.509624     -.9886478E-01
 23.500  3.062510      2.740005     0.4284590     -.1059542      1.472796     -.8007665E-01  7.419320      5.416368     -.1021853    
 24.000  3.012920      2.694399     0.4230887     -.1045679      1.516988     -.9116879E-01  7.402673      5.326215     -.1055550    
 24.500  2.964976      2.650287     0.4179228     -.1032337      1.561562     -.1020784      7.384615      5.239015     -.1089735    
 25.000  2.918598      2.607595     0.4129514     -.1019490      1.606502     -.1128141      7.365241      5.154624     -.1124405    
 25.500  2.873711      2.566258     0.4081653     -.1007114      1.651797     -.1233841      7.344637      5.072908     -.1159555    
 26.000  2.830247      2.526210     0.4035559     -.9951877E-01  1.697433     -.1337960      7.322886      4.993743     -.1195182    
 26.500  2.788139      2.487393     0.3991149     -.9836894E-01  1.743395     -.1440571      7.300064      4.917011     -.1231283    
 27.000  2.747326      2.449751     0.3948348     -.9726000E-01  1.789673     -.1541742      7.276244      4.842601     -.1267853    
 27.500  2.707750      2.413231     0.3907084     -.9619011E-01  1.836251     -.1641537      7.251494      4.770410     -.1304889    
 28.000  2.669356      2.377784     0.3867288     -.9515754E-01  1.883118     -.1740016      7.225878      4.700340     -.1342387    
 28.500  2.632093      2.343364     0.3828899     -.9416067E-01  1.930260     -.1837236      7.199454      4.632298     -.1380343    
 29.000  2.595913      2.309925     0.3791855     -.9319796E-01  1.977665     -.1933253      7.172279      4.566198     -.1418754    
 29.500  2.560770      2.277428     0.3756100     -.9226796E-01  2.025320     -.2028116      7.144405      4.501958     -.1457615    
 30.000  2.526621      2.245832     0.3721580     -.9136931E-01  2.073212     -.2121875      7.115883      4.439500     -.1496922    
 31.000  2.461143      2.185200     0.3656046     -.8966094E-01  2.169660     -.2306261      7.057076      4.319644     -.1576860    
 32.000  2.399180      2.127755     0.3594882     -.8806333E-01  2.266912     -.2486753      6.996196      4.206089     -.1658536    
 33.000  2.340461      2.073253     0.3537751     -.8656790E-01  2.364874     -.2663659      6.933546      4.098351     -.1741917    
 34.000  2.284742      2.021474     0.3484353     -.8516696E-01  2.463453     -.2837258      6.869391      3.995995     -.1826971    
 35.000  2.231806      1.972218     0.3434416     -.8385356E-01  2.562559     -.3007805      6.803969      3.898627     -.1913664    
 36.000  2.181453      1.925305     0.3387694     -.8262141E-01  2.662106     -.3175532      6.737491      3.805891     -.2001963    
 37.000  2.133504      1.880572     0.3343963     -.8146480E-01  2.762010     -.3340650      6.670144      3.717464     -.2091833    
 38.000  2.087794      1.837871     0.3303020     -.8037856E-01  2.862188     -.3503353      6.602095      3.633053     -.2183241    
 39.000  2.044176      1.797066     0.3264681     -.7935795E-01  2.962564     -.3663821      6.533492      3.552391     -.2276152    
 40.000  2.002512      1.758033     0.3228778     -.7839866E-01  3.063060     -.3822216      6.464468      3.475232     -.2370531    
 41.000  1.962679      1.720660     0.3195154     -.7749674E-01  3.163606     -.3978692      6.395141      3.401354     -.2466345    
 42.000  1.924561      1.684843     0.3163669     -.7664857E-01  3.264130     -.4133387      6.325617      3.330551     -.2563557    
 43.000  1.888055      1.650486     0.3134193     -.7585083E-01  3.364567     -.4286432      6.255991      3.262637     -.2662133    
 44.000  1.853063      1.617503     0.3106607     -.7510047E-01  3.464852     -.4437948      6.186346      3.197436     -.2762038    
 45.000  1.819497      1.585812     0.3080799     -.7439466E-01  3.564925     -.4588047      6.116759      3.134791     -.2863236    
 46.000  1.787275      1.555339     0.3056668     -.7373080E-01  3.664728     -.4736834      6.047297      3.074553     -.2965692    
 47.000  1.756321      1.526015     0.3034120     -.7310649E-01  3.764206     -.4884406      5.978019      3.016586     -.3069370    
 48.000  1.726564      1.497777     0.3013067     -.7251950E-01  3.863307     -.5030856      5.908981      2.960765     -.3174237    
 49.000  1.697940      1.470564     0.2993430     -.7196777E-01  3.961981     -.5176269      5.840230      2.906972     -.3280255    
 50.000  1.670387      1.444323     0.2975133     -.7144938E-01  4.060181     -.5320725      5.771810      2.855099     -.3387390    
 51.000  1.643850      1.419002     0.2958106     -.7096254E-01  4.157864     -.5464301      5.703758      2.805045     -.3495607    
 52.000  1.618276      1.394553     0.2942284     -.7050561E-01  4.254989     -.5607068      5.636109      2.756715     -.3604870    
 53.000  1.593616      1.370933     0.2927606     -.7007702E-01  4.351515     -.5749094      5.568894      2.710023     -.3715145    
 54.000  1.569826      1.348099     0.2914017     -.6967534E-01  4.447408     -.5890443      5.502138      2.664886     -.3826397    
 55.000  1.546861      1.326014     0.2901463     -.6929921E-01  4.542633     -.6031174      5.435867      2.621228     -.3938590    
 56.000  1.524682      1.304640     0.2889896     -.6894738E-01  4.637158     -.6171345      5.370102      2.578977     -.4051692    
 57.000  1.503253      1.283945     0.2879267     -.6861866E-01  4.730954     -.6311010      5.304861      2.538067     -.4165667    
 58.000  1.482537      1.263896     0.2869535     -.6831195E-01  4.823995     -.6450222      5.240161      2.498435     -.4280481    
 59.000  1.462503      1.244463     0.2860659     -.6802620E-01  4.916254     -.6589029      5.176015      2.460021     -.4396101    
 60.000  1.443119      1.225619     0.2852600     -.6776045E-01  5.007709     -.6727478      5.112438      2.422771     -.4512492    
 61.000  1.424356      1.207337     0.2845322     -.6751376E-01  5.098339     -.6865615      5.049438      2.386632     -.4629623    
 62.000  1.406187      1.189593     0.2838792     -.6728528E-01  5.188125     -.7003481      4.987027      2.351555     -.4747459    
 63.000  1.388586      1.172362     0.2832978     -.6707419E-01  5.277049     -.7141119      4.925211      2.317494     -.4865967    
 64.000  1.371529      1.155624     0.2827849     -.6687972E-01  5.365095     -.7278567      4.863997      2.284406     -.4985117    
 65.000  1.354993      1.139357     0.2823378     -.6670115E-01  5.452251     -.7415863      4.803391      2.252249     -.5104875    
 66.000  1.338957      1.123541     0.2819537     -.6653780E-01  5.538502     -.7553043      4.743397      2.220985     -.5225209    
 67.000  1.323400      1.108159     0.2816301     -.6638903E-01  5.623839     -.7690144      4.684019      2.190578     -.5346090    
 68.000  1.308302      1.093192     0.2813646     -.6625421E-01  5.708252     -.7827197      4.625259      2.160991     -.5467484    
 69.000  1.293646      1.078623     0.2811550     -.6613277E-01  5.791733     -.7964236      4.567119      2.132194     -.5589363    
 70.000  1.279413      1.064438     0.2809991     -.6602416E-01  5.874275     -.8101292      4.509600      2.104153     -.5711695    
 71.000  1.265589      1.050622     0.2808949     -.6592786E-01  5.955872     -.8238395      4.452703      2.076841     -.5834451    
 72.000  1.252156      1.037159     0.2808405     -.6584339E-01  6.036520     -.8375575      4.396427      2.050228     -.5957602    
 73.000  1.239101      1.024037     0.2808339     -.6577026E-01  6.116216     -.8512860      4.340772      2.024289     -.6081118    
 74.000  1.226409      1.011243     0.2808735     -.6570805E-01  6.194957     -.8650278      4.285736      1.998998     -.6204972    
 75.000  1.214066     0.9987649     0.2809577     -.6565632E-01  6.272743     -.8787855      4.231318      1.974331     -.6329134    
 76.000  1.202061     0.9865908     0.2810848     -.6561467E-01  6.349572     -.8925619      4.177516      1.950266     -.6453577    
 77.000  1.190380     0.9747099     0.2812533     -.6558272E-01  6.425445     -.9063593      4.124328      1.926780     -.6578275    
 78.000  1.179014     0.9631117     0.2814619     -.6556011E-01  6.500364     -.9201803      4.071750      1.903853     -.6703200    
 79.000  1.167949     0.9517864     0.2817091     -.6554649E-01  6.574331     -.9340274      4.019780      1.881466     -.6828326    
 80.000  1.157176     0.9407242     0.2819937     -.6554153E-01  6.647349     -.9479027      3.968414      1.859598     -.6953626    
 81.000  1.146686     0.9299163     0.2823144     -.6554491E-01  6.719420     -.9618088      3.917649      1.838233     -.7079077    
 82.000  1.136468     0.9193539     0.2826701     -.6555634E-01  6.790549     -.9757477      3.867481      1.817354     -.7204653    
 83.000  1.126513     0.9090287     0.2830596     -.6557552E-01  6.860742     -.9897218      3.817905      1.796943     -.7330329    
 84.000  1.116813     0.8989329     0.2834818     -.6560219E-01  6.930002     -1.003733      3.768919      1.776986     -.7456081    
 85.000  1.107359     0.8890589     0.2839358     -.6563607E-01  6.998336     -1.017784      3.720517      1.757467     -.7581887    
 86.000  1.098143     0.8793994     0.2844205     -.6567692E-01  7.065750     -1.031876      3.672694      1.738373     -.7707723    
 87.000  1.089158     0.8699475     0.2849350     -.6572450E-01  7.132251     -1.046012      3.625447      1.719689     -.7833566    
 88.000  1.080397     0.8606967     0.2854784     -.6577857E-01  7.197845     -1.060193      3.578770      1.701402     -.7959394    
 89.000  1.071852     0.8516406     0.2860499     -.6583892E-01  7.262540     -1.074422      3.532659      1.683500     -.8085187    
 90.000  1.063516     0.8427730     0.2866486     -.6590534E-01  7.326344     -1.088700      3.487109      1.665971     -.8210922    
 91.000  1.055384     0.8340882     0.2872736     -.6597763E-01  7.389265     -1.103030      3.442114      1.648803     -.8336579    
 92.000  1.047449     0.8255806     0.2879244     -.6605558E-01  7.451311     -1.117413      3.397670      1.631985     -.8462139    
