3 6 4.229462E+06
3 7 7.560001E+06
4 7 2.032059E+05
4 9 5.900101E+06
4 10 5.137206E+06
4 11 9.371468E+06
5 10 2.823014E+06
6 10 9.602081E+05
6 11 4.521978E+05
6 12 5.000000E+05
6 14 7.482852E+06
6 15 5.167664E+06
7 13 9.696084E+05
7 15 9.301010E+05
7 16 2.850338E+06
7 17 8.847437E+05
8 14 3.412858E+06
8 15 1.677179E+05
8 16 9.001010E+05
8 17 2.364783E+05
8 18 5.610473E+06
8 19 1.943140E+05
8 20 3.058664E+06
8 21 1.637955E+06
8 22 4.737387E+06
9 17 4.191091E+05
9 18 1.235033E+05
9 19 5.010010E+05
9 20 1.051132E+06
9 21 1.374350E+06
9 22 2.531480E+06
9 23 2.559980E+06
10 18 2.923366E+04
10 19 5.868082E+03
10 20 2.458416E+06
10 21 2.936751E+05
10 22 5.348686E+05
10 23 1.806538E+06
10 24 6.562064E+05
11 21 8.911580E+04
11 22 2.792308E+04
11 23 4.401010E+05
11 24 9.164691E+05
11 25 4.426825E+04
11 26 3.793719E+05
12 22 5.070048E+04
12 23 8.541694E+04
12 24 5.510400E+05
12 25 1.985224E+06
12 26 7.539560E+05
12 27 4.636066E+05
12 28 3.761328E+05
12 29 4.527246E+05
13 24 9.245823E+03
13 25 1.099038E+04
13 26 1.878252E+05
13 26 7.295145E+04
13 27 8.450010E+05
13 28 1.842147E+05
13 29 4.657637E+05
13 30 2.765131E+05
14 26 8.297392E+03
14 27 3.009101E+04
14 28 1.750000E+06
14 29 1.300001E+06
14 30 1.500001E+06
14 31 4.739190E+05
14 32 2.652010E+05
14 33 8.985309E+04
14 34 3.006773E+05
15 29 8.681520E+04
15 30 1.243021E+04
15 31 4.950110E+05
15 32 4.658235E+05
15 33 2.415862E+05
15 34 2.885301E+03
15 35 1.830858E+05
15 36 9.405507E+03
15 37 9.565973E+04
16 30 4.362076E+03
16 31 9.043337E+04
16 32 9.601010E+05
16 34 4.800010E+05
16 35 1.913623E+05
16 36 7.669568E+05
16 37 1.764687E+05
16 38 4.142980E+00
16 39 1.433882E+05
16 40 1.087354E+05
16 41 9.424472E+04
16 42 2.311225E+05
17 33 4.512150E+04
17 34 1.948338E+04
17 34 2.097272E+03
17 35 5.000110E+05
17 36 3.580423E+04
17 37 1.200000E+06
17 38 2.901480E+04
17 39 1.830560E+03
17 40 1.817883E+04
17 41 1.076589E+05
17 42 4.954333E+04
17 43 5.800658E+04
18 35 8.362396E+03
18 36 1.470000E+05
18 37 4.268035E+03
18 38 3.478161E+05
18 39 6.999000E+03
18 40 9.000010E+05
18 41 2.551796E+04
18 42 2.424000E+04
18 43 4.766214E+04
18 44 2.855811E+05
18 45 5.157210E+04
18 46 1.648923E+04
18 47 6.680939E+04
19 37 1.458802E+03
19 38 2.233543E+04
19 39 1.931000E+05
19 40 6.234814E+02
19 41 1.210010E+05
19 42 2.948491E+03
19 43 9.101778E+02
19 44 7.170211E+03
19 45 1.617554E+04
19 46 4.781890E+04
19 47 4.542068E+05
19 48 5.514011E+04
19 49 4.344803E+05
20 40 8.790010E+05
20 41 1.956744E+04
20 42 2.000010E+05
20 43 1.482064E+05
20 44 2.000010E+05
20 45 4.090140E+03
20 46 2.932628E+05
20 47 1.501621E+04
20 48 4.567438E+05
20 49 4.803349E+05
20 50 7.617724E+04
20 51 1.246223E+06
20 52 2.024023E+06
21 42 3.066804E+02
21 43 1.594799E+03
21 44 1.578799E+03
21 44 8.445513E+02
21 45 1.058010E+05
21 46 4.956534E+03
21 46 7.756313E+03
21 47 6.711691E+03
21 48 2.801998E+03
21 49 3.199899E+03
21 50 2.514052E+04
21 51 7.426841E+02
21 52 1.661647E+04
21 53 1.420239E+04
22 44 1.671316E+03
22 45 4.901772E+03
22 46 3.640110E+05
22 47 6.301100E+04
22 48 4.000100E+05
22 49 3.000100E+04
22 50 4.000010E+05
22 51 4.744770E+04
22 52 6.404081E+04
22 53 4.840098E+04
22 54 3.813250E+04
22 55 1.329433E+05
23 47 4.620946E+03
23 48 4.077331E+03
23 49 9.866373E+03
23 50 4.101100E+04
23 51 2.125010E+05
23 52 3.934158E+02
23 53 8.608185E+02
23 54 1.473374E+04
23 55 3.984864E+02
24 48 1.931488E+04
24 49 4.508070E+03
24 50 7.830000E+05
24 51 9.507974E+03
24 52 1.460000E+06
24 53 5.640010E+05
24 54 8.340000E+05
24 55 1.833382E+04
24 56 2.024395E+04
24 57 4.420714E+04
24 58 4.040705E+05
24 59 9.791374E+04
25 50 1.752400E+03
25 51 2.919559E+03
25 52 1.115457E+03
25 52 4.327646E+03
25 53 1.000010E+05
25 54 2.790000E+02
25 55 1.250000E+05
25 56 3.017873E+03
25 57 7.037286E+01
25 58 2.434989E+02
25 58 4.596395E+02
25 59 3.261363E+02
25 60 2.271203E+03
26 52 3.380719E+03
26 52 6.880010E+05
26 53 3.154598E+03
26 53 7.387629E+03
26 54 1.036000E+06
26 55 2.350458E+04
26 56 8.500100E+05
26 57 1.900100E+05
26 58 3.500100E+05
26 59 1.864914E+04
26 60 1.431874E+04
26 61 1.867028E+04
26 62 4.000113E+05
26 63 5.999804E+03
26 64 4.718081E+05
26 65 9.201000E+03
27 54 6.585000E+01
27 55 1.339195E+04
27 56 8.948936E+03
27 57 9.311843E+03
27 58 1.957000E+03
27 58 4.542000E+03
27 59 1.194110E+05
27 60 2.031000E+03
27 60 8.827053E+03
27 61 5.566967E+02
27 62 1.642132E+03
27 62 4.781391E+03
27 63 3.540544E+02
27 65 4.236277E+02
27 68 3.459164E+02
28 56 3.399054E+04
28 57 4.430643E+03
28 58 8.110110E+05
28 59 9.227000E+03
28 60 8.000000E+05
28 61 6.901100E+04
28 62 6.010010E+05
28 63 2.645106E+04
28 64 5.530000E+05
28 65 4.731017E+03
28 66 9.334467E+03
28 67 9.286528E+03
28 68 4.667065E+05
28 69 2.445883E+03
28 69 6.744214E+03
28 70 4.616883E+05
28 71 1.929609E+04
28 71 4.877772E+04
28 72 4.764288E+05
29 58 4.472795E+03
29 59 4.330371E+03
29 60 4.280751E+03
29 61 1.785281E+03
29 62 4.780510E+03
29 63 1.000010E+05
29 64 1.499903E+02
29 65 1.000010E+05
29 66 1.273675E+02
29 67 9.765368E+02
29 68 3.756001E+01
29 68 8.509814E+02
29 69 2.285676E+02
29 70 1.096008E+02
29 70 5.616013E+02
29 70 6.151707E+02
29 71 4.546927E+03
29 72 1.966319E+02
29 73 9.058252E+03
29 74 5.463140E+02
29 75 3.698963E+03
30 60 1.856186E+04
30 61 3.833109E+03
30 62 1.425932E+03
30 63 5.081943E+03
30 64 9.483200E+04
30 65 3.128000E+03
30 66 1.100010E+05
30 67 4.500100E+04
30 68 2.000110E+05
30 69 2.397009E+02
30 69 6.689055E+03
30 70 2.210110E+05
30 71 3.466679E+02
30 71 4.797890E+03
30 72 1.633748E+04
30 73 3.427250E+03
30 74 3.133561E+05
30 75 8.477277E+03
30 76 4.597997E+05
30 77 5.461918E+03
30 77 9.533762E+04
30 78 9.137747E+05
31 63 3.090539E+03
31 64 8.346126E+01
31 65 8.351978E+02
31 66 3.060649E+03
31 67 6.096698E+01
31 68 1.237671E+02
31 69 4.846000E+03
31 70 4.098119E+01
31 72 3.971861E+01
31 73 3.861644E+02
31 74 2.251923E+01
31 74 6.669623E+02
31 75 7.254507E+01
31 76 1.042922E+02
31 77 9.431854E+03
31 78 2.836146E+02
31 79 2.331081E+03
31 80 4.428575E+02
31 80 6.071839E+04
31 81 7.910098E+03
32 64 1.679126E+02
32 65 1.763163E+03
32 66 4.754061E+03
32 67 2.344512E+01
32 68 1.678535E+04
32 69 1.674261E+02
32 70 1.400000E+04
32 71 7.230501E+01
32 72 3.963000E+04
32 73 3.436169E+03
32 74 6.120000E+04
32 75 4.794562E+03
32 75 6.783307E+01
32 76 2.998251E+04
32 77 1.569386E+01
32 77 5.297449E+03
32 78 5.535790E+03
32 79 3.135458E+02
32 79 9.984358E+03
32 80 5.047969E+03
32 81 3.482818E+04
32 81 3.788921E+03
32 82 1.393650E+04
32 83 7.075744E+04
33 67 7.099643E+01
33 68 8.994926E+01
33 69 8.644572E+01
33 70 9.937056E+01
33 71 8.357188E+01
33 72 1.261403E+02
33 73 1.615639E+02
33 74 9.632629E+01
33 75 1.107100E+04
33 76 1.653894E+02
33 77 1.961203E+02
33 78 1.713182E+02
33 79 5.598085E+02
33 80 1.573948E+02
33 81 9.640166E+03
33 82 3.759171E+02
33 82 9.595183E+02
33 83 2.322259E+03
33 84 8.543577E+03
33 85 1.855783E+03
34 68 9.570052E+02
34 69 3.586601E+01
34 70 1.207414E+03
34 71 7.470998E+01
34 72 7.075667E+03
34 73 8.251820E+01
34 73 9.183221E+01
34 74 7.216000E+03
34 75 1.199019E+02
34 76 9.000000E+03
34 77 1.092449E+02
34 78 4.050100E+04
34 79 2.288103E+01
34 79 8.263839E+02
34 80 5.661000E+03
34 81 1.960386E+03
34 81 7.848474E+02
34 82 2.676902E+04
34 83 7.475193E+02
34 83 9.754947E+03
34 84 1.278813E+04
34 85 6.785785E+04
34 86 1.481788E+04
34 87 3.218661E+03
34 88 2.420561E+04
35 70 6.336391E+01
35 71 1.303414E+02
35 72 8.630747E+01
35 72 8.766244E+01
35 73 1.418770E+02
35 74 8.396319E+01
35 74 9.518050E+01
35 75 1.915085E+02
35 76 1.035169E+02
35 76 1.212595E+02
35 77 2.236837E+02
35 77 2.405338E+02
35 78 1.216920E+02
35 79 5.545146E+02
35 79 8.091000E+03
35 80 1.351667E+02
35 80 1.514759E+02
35 81 1.456100E+04
35 82 1.418299E+02
35 82 1.743977E+02
35 83 8.974203E+01
35 84 4.350715E+02
35 84 7.386682E+01
35 85 3.357916E+02
35 86 3.530074E+03
35 87 9.985357E+03
35 88 7.508090E+02
35 89 7.073405E+03
35 90 4.610188E+02
36 72 1.090499E+01
36 73 5.513708E+01
36 74 1.391005E+02
36 75 7.583676E+01
36 76 9.846631E+01
36 77 9.623605E+01
36 78 9.803493E+03
36 79 4.732297E+01
36 79 4.974784E+02
36 80 7.227557E+02
36 81 1.212213E+02
36 81 9.083719E+01
36 82 5.765785E+03
36 83 4.878090E+03
36 83 8.227422E+02
36 85 2.100110E+02
36 85 6.521000E+03
36 86 9.470010E+05
36 87 1.954281E+03
36 88 6.792030E+03
36 89 3.254214E+03
36 90 4.698615E+03
36 91 7.766730E+02
36 92 1.140271E+04
36 93 6.631937E+03
37 75 5.689367E+01
37 76 8.987077E+01
37 77 1.507808E+02
37 78 1.014746E+02
37 78 8.969674E+01
37 79 1.537738E+02
37 80 1.108631E+02
37 81 1.664060E+02
37 81 2.025579E+02
37 82 1.020393E+02
37 82 1.237211E+02
37 83 2.122485E+02
37 84 1.236071E+02
37 84 1.360713E+02
37 85 1.703500E+04
37 86 1.264124E+03
37 86 9.730662E+01
37 87 9.940938E+04
37 88 1.590205E+02
37 89 9.422150E+01
37 90 3.994544E+03
37 90 4.055217E+02
37 91 2.637697E+02
37 92 1.867274E+02
37 93 7.364634E+03
37 94 2.836567E+02
38 76 6.646830E+01
38 77 6.732736E+01
38 78 1.100936E+02
38 79 8.106210E+01
38 80 1.872536E+02
38 81 6.417924E+01
38 82 2.679670E+03
38 83 1.727814E+01
38 83 7.576207E+01
38 84 3.911115E+03
38 85 1.110255E+02
38 85 5.659052E+00
38 86 2.838100E+04
38 87 1.404100E+04
38 87 8.555870E+01
38 88 4.000010E+05
38 89 1.838449E+04
38 90 1.270600E+04
38 91 4.249968E+02
38 92 1.452773E+04
38 93 5.344501E+02
38 94 7.309016E+03
38 95 1.401998E+04
38 96 7.005388E+03
39 78 5.647536E+01
39 79 1.116205E+02
39 80 5.805692E+01
39 80 8.618313E+01
39 81 1.033164E+02
39 82 9.450443E+01
39 83 1.253926E+02
39 83 1.562172E+02
39 84 1.510090E+02
39 84 5.807421E+01
39 85 1.388727E+02
39 85 1.672288E+02
39 86 1.041300E+02
39 86 9.727367E+01
39 87 1.010678E+02
39 87 3.250016E+01
39 88 1.109109E+02
39 89 1.000000E+05
39 89 4.434478E+03
39 90 2.613706E+02
39 90 4.085257E+03
39 91 1.198314E+03
39 91 5.716600E+02
39 92 2.912687E+01
39 93 6.485858E+03
39 94 4.394396E+02
39 95 4.813460E+03
39 96 1.858246E+02
39 96 4.468706E+02
39 97 3.831379E+03
39 97 4.642498E+04
39 98 3.488930E+02
39 99 2.086513E+03
40 100 6.083891E+03
40 101 2.506957E+02
40 102 6.524968E+03
40 103 3.814584E+03
40 80 1.982179E+01
40 81 6.187148E+01
40 82 1.396582E+02
40 83 6.833585E+01
40 84 1.181806E+03
40 85 1.667601E+01
40 85 8.409795E+01
40 86 2.382691E+03
40 87 4.273912E+01
40 87 9.067448E+01
40 88 4.801000E+03
40 89 1.394139E+01
40 89 5.140628E+01
40 90 2.000010E+05
40 91 1.980100E+04
40 92 1.200010E+05
40 93 6.801000E+03
40 94 8.935100E+04
40 95 1.902432E+03
40 96 4.000100E+04
40 97 5.151696E+03
40 98 4.967755E+02
40 99 1.536333E+03
41 100 2.784781E+02
41 100 6.738423E+02
41 101 2.136243E+02
41 102 2.509628E+02
41 102 9.158667E+00
41 103 1.567383E+03
41 105 2.300509E+03
41 83 6.484498E+01
41 84 7.478429E+01
41 85 6.177340E+01
41 85 8.370501E+01
41 86 4.813389E+01
41 87 1.345078E+02
41 87 1.366590E+02
41 88 8.785638E+01
41 88 8.802827E+01
41 89 1.431553E+02
41 89 3.123470E+01
41 90 8.350157E+01
41 90 9.710990E+01
41 91 2.068625E+03
41 91 2.093048E+01
41 92 1.398870E+03
41 92 1.632574E+02
41 93 7.000100E+03
41 93 9.752536E+01
41 94 2.289375E+02
41 94 7.440413E+02
41 95 1.094270E+02
41 95 1.403225E+01
41 96 2.639466E+02
41 97 6.187383E+01
41 97 9.341422E+02
41 98 1.101832E+03
41 98 1.300263E+02
41 99 2.518143E+02
41 99 4.632684E+02
42 100 2.608100E+04
42 101 2.600719E+02
42 102 1.581295E+02
42 103 4.112115E+02
42 104 3.952031E+03
42 105 4.511495E+02
42 106 8.088368E+03
42 107 1.936824E+02
42 108 2.846043E+04
42 84 7.591711E+01
42 85 5.899499E+01
42 86 3.697093E+01
42 87 6.528242E+01
42 88 1.314795E+02
42 89 6.980420E+01
42 90 2.644402E+03
42 91 1.886429E+01
42 91 7.219861E+01
42 92 4.036100E+04
42 93 1.067175E+03
42 93 1.906671E+03
42 94 2.026100E+04
42 95 4.846000E+03
42 96 1.821100E+04
42 97 2.000100E+03
42 98 5.260100E+04
42 99 2.495810E+02
43 100 2.384416E+02
43 101 3.075391E+02
43 102 2.383920E+02
43 102 2.634757E+02
43 103 3.309971E+02
43 104 1.689267E+02
43 105 4.631884E+02
43 106 2.004626E+01
43 107 2.397250E+02
43 108 5.391709E+02
43 87 6.719836E+01
43 88 6.179003E+01
43 88 6.743828E+01
43 89 1.125016E+02
43 89 5.289425E+01
43 90 1.460908E+01
43 90 1.677556E+03
43 91 1.066821E+02
43 91 2.715469E+01
43 92 7.769023E+01
43 93 1.882291E+02
43 93 7.093127E+01
43 94 1.678724E+01
43 94 1.807877E+01
43 95 1.551994E+02
43 95 4.885558E+01
43 96 1.526325E+02
43 96 3.743861E+02
43 97 1.956024E+02
43 97 4.421141E+02
43 98 1.298308E+02
43 99 5.951632E+01
43 99 6.000100E+03
44 100 1.940287E+04
44 101 1.035000E+03
44 102 1.334800E+04
44 103 3.330000E+02
44 104 1.186500E+04
44 105 4.681886E+02
44 106 7.394547E+03
44 107 1.899855E+02
44 108 3.361432E+02
44 109 3.464841E+02
44 110 5.850688E+03
44 111 7.745182E+01
44 112 9.537182E+03
44 88 1.814383E+01
44 89 6.077871E+01
44 90 9.781155E+01
44 91 1.839143E+01
44 91 6.561430E+01
44 92 4.535832E+01
44 93 1.580412E+03
44 93 7.215862E+01
44 94 4.185750E+03
44 95 9.321970E+02
44 96 2.470386E+04
44 97 7.370977E+01
44 98 4.034988E+02
44 99 9.946000E+02
45 100 1.490852E+02
45 100 1.606718E+02
45 101 2.189949E+02
45 101 8.727278E+02
45 102 1.253745E+02
45 102 1.600849E+02
45 103 1.179845E+02
45 103 4.191000E+03
45 104 1.818788E+02
45 104 9.352901E+01
45 105 1.545691E+01
45 105 9.704353E+01
45 106 1.683830E+02
45 106 9.447482E+01
45 107 2.487145E+02
45 108 2.152986E+02
45 108 6.750352E+01
45 109 2.997240E+02
45 110 1.841108E+02
45 110 4.807978E+02
45 111 3.934529E+02
45 112 4.779399E+01
45 112 5.397894E+02
45 113 5.814001E+02
45 114 1.002485E+03
45 114 2.694620E+02
45 115 1.890284E+03
45 91 1.285923E+01
45 91 8.218750E+01
45 92 3.310303E+01
45 93 7.506429E+01
45 94 7.091224E+01
45 94 7.416766E+01
45 95 1.235001E+02
45 95 9.024549E+03
45 96 1.056892E+02
45 96 1.069075E+02
45 97 1.959268E+02
45 97 5.356023E+01
45 98 1.395958E+02
45 98 8.968641E+02
45 99 1.410579E+03
45 99 2.616102E+02
46 100 1.516117E+02
46 101 1.306442E+02
46 102 5.921163E+03
46 103 1.436000E+02
46 104 8.879757E+03
46 105 2.051000E+03
46 106 5.832000E+03
46 107 1.000100E+03
46 107 1.888576E+02
46 108 4.701000E+03
46 109 3.562851E+01
46 109 3.709803E+01
46 110 6.772000E+03
46 111 2.222213E+02
46 111 2.411405E+02
46 112 1.392167E+02
46 113 9.787465E+01
46 114 3.543401E+02
46 115 1.725464E+03
46 115 4.284464E+02
46 116 4.432725E+03
46 117 1.218786E+02
46 118 6.200614E+03
46 92 5.397941E+01
46 93 2.450659E+01
46 94 7.528415E+02
46 95 5.898806E+01
46 95 6.550100E+04
46 96 5.687192E+02
46 97 9.131733E+02
46 98 4.887380E+03
46 99 1.044098E+02
47 100 1.124182E+02
47 100 1.172680E+02
47 101 1.848259E+02
47 101 3.180851E+01
47 102 1.027115E+02
47 102 1.336853E+02
47 103 1.655912E+00
47 103 2.306913E+02
47 104 1.331006E+02
47 104 1.526479E+02
47 105 1.849567E+02
47 105 6.351817E+02
47 106 1.748571E+02
47 106 2.356064E+00
47 107 1.998296E+02
47 107 7.001000E+03
47 108 1.543160E+02
47 108 6.841389E+01
47 109 1.615796E+02
47 109 7.106000E+03
47 110 1.202000E+02
47 110 1.384362E+02
47 111 2.120956E+02
47 111 4.653209E+02
47 112 9.874343E+01
47 113 2.013875E+03
47 113 2.805007E+02
47 114 2.076368E+02
47 115 2.258122E+02
47 115 2.655927E+03
47 116 1.952526E+02
47 116 2.073132E+02
47 116 4.129164E+02
47 117 3.450915E+03
47 117 4.790566E+02
47 118 3.164286E+02
47 118 3.886930E+02
47 119 5.697260E+03
47 119 5.850436E+02
47 120 9.109706E+01
47 95 4.905954E+01
47 96 3.434431E+02
47 96 4.640482E+01
47 97 1.805936E+03
47 98 2.883329E+01
47 99 1.695683E+02
47 99 8.667250E+01
48 100 3.992625E+03
48 101 2.233766E+01
48 102 3.510450E+02
48 103 9.063613E+01
48 104 4.908466E+02
48 105 1.274320E+02
48 107 5.872993E+01
48 109 1.962256E+02
48 110 7.000500E+03
48 111 1.769178E+02
48 111 2.295000E+03
48 112 1.145500E+04
48 113 1.981400E+02
48 113 5.000500E+03
48 114 8.000500E+03
48 115 1.907195E+02
48 115 2.551466E+02
48 116 9.915000E+03
48 117 2.369760E+02
48 117 2.408520E+02
48 118 3.322603E+01
48 119 2.553734E+02
48 119 7.793475E+00
48 120 1.149312E+03
48 121 2.633297E+02
48 121 4.278927E+02
48 122 6.841357E+03
48 123 4.345830E+02
48 123 4.587414E+02
48 124 6.731076E+03
48 96 5.658348E+02
48 97 8.717354E+02
48 98 2.203942E+03
48 99 8.434335E+02
49 100 7.581772E+02
49 101 1.354700E+02
49 102 1.000193E+02
49 103 1.920448E+01
49 103 9.679840E+01
49 104 4.605246E+01
49 104 5.173940E+01
49 105 1.843007E+02
49 105 2.565171E+01
49 106 1.122341E+02
49 106 1.203795E+02
49 107 1.207959E+01
49 107 2.150155E+02
49 108 1.030854E+02
49 108 1.287365E+02
49 109 1.323101E+02
49 109 8.856111E+00
49 110 1.876044E+01
49 110 1.945046E+01
49 111 2.035487E+02
49 111 3.131554E+01
49 112 1.461877E+02
49 112 6.849385E+01
49 113 1.255000E+03
49 113 5.482730E+01
49 114 1.656348E+02
49 114 7.065263E+01
49 115 1.991000E+03
49 115 5.529512E+01
49 116 1.617042E+02
49 116 5.433138E+01
49 116 5.437375E+01
49 117 1.981787E+02
49 117 2.858056E+02
49 118 1.199307E+02
49 118 1.303457E+02
49 118 2.214012E+02
49 119 1.758922E+02
49 119 3.572001E+02
49 120 1.866189E+02
49 120 2.037089E+02
49 120 2.573440E+02
49 121 1.671526E+02
49 121 4.450676E+02
49 122 1.855866E+02
49 122 1.973904E+02
49 122 8.296317E+02
49 123 1.491677E+02
49 123 2.107689E+02
49 124 7.508144E+01
49 124 8.224643E+01
49 125 1.070747E+02
49 125 1.434196E+04
49 126 2.175660E+03
49 126 9.227758E+02
49 127 1.512629E+04
49 127 2.641411E+03
49 127 3.696146E+02
49 129 1.133161E+04
49 99 2.108656E+03
50 100 6.798530E+03
50 101 9.583631E+03
50 102 8.844840E+04
50 103 2.960091E+03
50 104 3.803751E+02
50 105 9.770171E+01
50 106 1.254398E+02
50 107 3.952708E+01
50 108 1.309579E+01
50 109 1.166632E+02
50 110 2.612816E+03
50 111 1.298597E+02
50 112 4.902224E+03
50 113 1.414579E+02
50 113 6.249486E+02
50 115 8.660000E+02
50 116 2.982100E+04
50 117 1.735658E+02
50 117 2.481000E+03
50 118 2.005000E+03
50 119 1.916188E+02
50 120 3.745100E+04
50 121 1.696856E+02
50 121 2.134140E+02
50 122 1.907100E+04
50 123 4.565118E+01
50 123 9.084906E+02
50 124 2.000010E+05
50 125 1.014732E+02
50 125 8.667986E+01
50 126 6.720145E+04
50 127 3.115094E+03
50 127 3.619277E+03
50 128 9.434135E+03
50 128 9.930591E+04
50 129 3.030533E+03
50 129 9.585712E+04
50 130 8.338550E+05
50 130 8.823065E+04
50 131 2.270634E+05
50 131 4.991942E+05
50 132 4.591172E+05
50 133 1.042326E+05
51 105 1.372748E+02
51 107 1.286486E+02
51 108 8.245729E+01
51 109 1.868537E+02
51 110 5.337529E+01
51 111 5.087357E+01
51 112 4.428392E+01
51 113 1.334958E+02
51 114 3.648537E+01
51 115 1.330203E+02
51 116 4.416173E+01
51 116 4.434078E+01
51 117 1.385287E+02
51 118 5.246639E+01
51 118 9.574521E+01
51 119 1.162433E+02
51 120 1.144562E+02
51 120 5.553431E+01
51 121 5.351000E+03
51 122 1.242021E+02
51 122 1.335432E+02
51 123 5.348000E+03
51 124 1.961038E+02
51 124 1.986136E+02
51 124 2.122008E+02
51 125 9.086410E+02
51 126 2.149752E+02
51 126 2.333712E+02
51 126 5.928067E+02
51 127 3.122602E+02
51 128 2.377501E+02
51 128 2.528893E+02
51 129 1.983412E+03
51 129 2.230529E+02
51 130 2.116446E+02
51 130 2.286371E+02
51 131 3.512053E+03
51 132 1.322256E+05
51 132 1.438425E+04
51 133 1.004035E+04
51 134 5.005510E+05
51 135 8.219702E+02
52 108 1.322381E+02
52 109 1.783906E+01
52 110 1.807816E+02
52 111 7.889455E+01
52 112 2.976034E+01
52 113 5.172263E+01
52 114 2.521024E+02
52 115 2.884946E+01
52 115 3.805586E+01
52 116 3.336321E+02
52 117 1.133697E+02
52 118 1.703900E+02
52 119 1.448457E+02
52 119 1.768341E+01
52 120 9.803535E+02
52 121 1.612487E+02
52 121 8.021076E+01
52 122 2.000100E+04
52 123 1.367442E+02
52 123 7.616000E+03
52 124 1.277100E+04
52 125 1.904793E+02
52 125 7.775000E+03
52 126 1.202100E+04
52 127 1.707600E+02
52 127 1.966600E+02
52 128 2.182100E+04
52 129 1.649730E+02
52 129 2.182482E+02
52 131 3.297979E+03
52 131 9.783237E+03
52 132 1.557195E+04
52 133 1.494869E+03
52 133 9.594834E+04
52 134 1.350763E+05
52 135 2.242208E+04
52 136 7.534671E+04
52 137 9.086157E+04
52 138 5.133367E+04
53 111 5.510165E+01
53 112 3.428520E+01
53 113 4.255633E+01
53 114 2.450110E+01
53 114 3.377913E+01
53 115 3.027555E+01
53 116 2.840898E+01
53 117 1.334119E+01
53 118 1.280892E+02
53 118 1.671931E+01
53 119 5.276335E+01
53 120 1.369780E+01
53 120 1.790059E+01
53 121 6.724332E+01
53 122 4.415808E+01
53 123 1.189058E+02
53 124 4.896357E+01
53 125 1.572662E+02
53 126 1.040000E+02
53 127 4.012000E+03
53 128 2.027972E+02
53 129 3.401000E+03
53 130 2.254291E+02
53 130 2.960380E+02
53 131 6.230472E+02
53 132 1.629053E+02
53 132 3.928547E+01
53 133 3.405567E+01
53 133 6.647524E+02
53 134 1.024722E+02
53 134 6.205380E+02
53 135 6.715658E+04
53 136 1.038888E+04
53 136 5.748963E+04
53 137 7.516783E+03
53 138 4.876820E+04
53 139 7.641085E+03
54 112 1.208796E+02
54 113 2.975511E+01
54 114 8.390897E+01
54 115 1.880137E+01
54 116 1.869846E+02
54 117 2.124916E+01
54 118 2.183962E+02
54 119 2.155895E+01
54 120 3.806645E+02
54 121 3.090218E+01
54 122 1.611406E+02
54 123 9.933730E+01
54 124 2.984199E+01
54 125 1.522583E+02
54 125 5.675949E+01
54 126 4.930979E+03
54 127 1.077860E+02
54 127 1.689913E+02
54 128 9.950181E+03
54 129 1.822265E+02
54 129 4.081000E+03
54 130 3.561000E+03
54 131 1.035997E+02
54 131 2.601000E+03
54 132 3.325356E+03
54 133 4.008647E+02
54 133 4.143847E+01
54 134 2.184800E+03
54 135 1.302600E+04
54 135 5.750000E+02
54 136 4.807510E+05
54 137 1.017436E+03
54 138 2.395668E+04
54 139 7.573278E+02
54 140 2.174752E+04
54 141 7.167735E+02
54 142 1.087816E+04
55 115 2.419136E+01
55 116 2.331284E+01
55 117 1.504180E+01
55 117 2.188272E+01
55 118 2.148413E+01
55 118 8.444201E+00
55 119 1.542142E+01
55 119 2.119959E+01
55 120 1.073856E+01
55 120 6.850476E+00
55 121 1.624910E+01
55 121 3.134119E+01
55 122 1.602565E+01
55 122 7.998464E+00
55 123 2.098926E+01
55 123 5.713649E+01
55 124 1.130103E+01
55 124 2.411836E+01
55 125 9.622745E+01
55 126 3.819425E+01
55 127 2.350885E+02
55 128 5.123604E+01
55 129 3.791542E+02
55 130 1.029411E+02
55 130 4.079340E+01
55 131 5.478676E+01
55 132 1.176571E+01
55 133 4.000000E+03
55 134 3.078661E+02
55 134 4.911491E+01
55 135 1.800000E+03
55 135 2.058420E+02
55 136 1.405228E+01
55 136 1.816720E+01
55 137 2.338340E+04
55 138 1.010210E+03
55 138 1.250601E+02
55 139 7.768702E+03
55 140 3.740102E+03
55 141 5.645005E+03
55 142 4.445449E+02
55 143 6.817162E+03
56 116 9.904311E+01
56 117 1.930906E+01
56 118 1.196411E+02
56 119 1.438023E+01
56 120 3.773188E+01
56 121 1.479669E+01
56 122 1.943084E+02
56 123 1.733133E+01
56 124 2.232708E+02
56 125 4.357273E+01
56 126 3.055190E+02
56 127 2.202975E+01
56 127 6.678095E+01
56 128 4.101607E+02
56 129 1.055402E+02
56 129 3.222874E+01
56 130 2.775000E+03
56 131 1.642752E+02
56 131 6.374044E+01
56 132 1.976974E+03
56 133 1.461173E+02
56 133 2.040710E+01
56 134 1.060100E+04
56 135 3.009000E+03
56 135 3.140238E+01
56 136 3.455500E+04
56 137 1.494200E+04
56 137 7.657195E+02
56 138 6.010100E+04
56 139 4.902293E+03
56 140 4.376035E+04
56 141 7.184607E+02
56 142 9.476285E+03
56 143 3.535816E+01
56 144 6.716639E+03
56 145 8.388853E+01
56 146 9.545318E+03
57 119 1.049984E+01
57 120 7.006298E+00
57 121 8.940246E+00
57 122 6.269538E+00
57 123 1.131383E+01
57 124 1.894712E+01
57 124 9.374433E+00
57 125 1.979861E+01
57 126 2.483474E+01
57 126 4.916189E+00
57 127 1.124649E+01
57 127 2.023802E+01
57 128 3.277990E+01
57 128 5.224625E+00
57 129 7.103328E+00
57 130 8.822365E+00
57 131 3.350914E+01
57 132 1.022103E+01
57 132 9.919373E+00
57 133 5.102507E+01
57 134 7.261753E+01
57 135 5.560984E+01
57 136 1.549717E+02
57 137 4.570146E+01
57 138 2.100000E+01
57 139 1.900100E+04
57 140 9.400088E+02
57 141 2.307792E+02
57 142 1.813577E+02
57 143 1.851627E+03
57 144 1.888919E+02
57 145 1.603868E+03
57 146 2.493650E+02
57 146 2.531361E+02
57 147 1.774315E+03
57 148 2.059975E+02
57 149 1.841954E+03
58 121 1.420081E+01
58 122 8.558592E+01
58 123 1.171200E+01
58 124 1.207817E+02
58 125 7.429016E+00
58 126 1.467529E+02
58 127 2.754450E+01
58 127 6.495922E+00
58 128 1.718233E+02
58 129 1.188074E+01
58 130 2.161128E+02
58 131 1.570556E+01
58 131 4.037107E+01
58 132 1.237668E+02
58 133 1.963268E+01
58 133 7.740186E+01
58 134 7.992699E+01
58 135 1.552771E+00
58 135 1.563991E+02
58 136 8.760000E+02
58 137 3.978397E+01
58 137 4.178626E+01
58 138 1.128425E+03
58 139 1.153986E+01
58 139 4.690000E+02
58 140 2.378570E+05
58 141 1.011404E+03
58 142 1.124500E+04
58 143 1.519817E+03
58 144 6.088525E+04
58 145 2.752163E+01
58 146 5.495962E+04
58 147 1.937112E+02
58 148 1.177332E+04
58 149 1.899916E+02
58 150 4.862963E+03
58 151 1.754344E+02
58 152 6.241501E+03
59 124 3.821214E+00
59 125 8.624089E+00
59 126 4.520391E+00
59 127 7.240881E+00
59 128 3.270321E+00
59 129 5.542932E+00
59 130 3.961449E+00
59 131 1.420698E+01
59 131 8.346517E+00
59 132 5.904685E+00
59 133 6.773448E+00
59 133 7.008667E+00
59 134 1.150126E+01
59 134 9.907845E+00
59 135 3.116151E+01
59 136 1.764690E+01
59 137 4.629245E+01
59 138 1.949385E+01
59 138 4.832469E+00
59 139 4.722606E+01
59 140 4.343730E+01
59 141 1.002300E+04
59 142 3.728648E+01
59 142 3.878352E+01
59 143 3.650000E+02
59 144 2.284167E+01
59 144 8.791458E+02
59 145 2.913372E+02
59 146 5.835594E+01
59 147 2.839013E+02
59 148 1.354649E+02
59 148 7.133002E+01
59 149 1.726947E+02
59 150 1.372649E+02
59 151 2.814804E+02
59 152 2.042181E+02
59 153 1.463233E+03
59 154 5.332412E+02
59 155 2.033245E+03
60 126 9.604601E+01
60 127 2.039178E+01
60 128 1.035501E+02
60 129 1.908231E+01
60 129 6.687167E+00
60 130 9.477005E+01
60 131 7.269824E+00
60 132 2.521692E+01
60 133 1.820245E+01
60 133 8.162838E+00
60 134 1.851985E+02
60 135 9.489487E+00
60 136 6.367933E+01
60 137 2.070816E+01
60 137 6.042680E+01
60 138 2.505375E+02
60 139 3.195152E+01
60 139 3.649274E+01
60 140 2.521625E+02
60 141 1.699332E+01
60 141 1.883418E+01
60 142 2.201100E+04
60 143 5.501000E+03
60 144 9.908000E+03
60 145 4.638000E+03
60 146 8.001000E+03
60 147 1.433713E+02
60 148 9.021000E+03
60 149 5.194911E+01
60 150 1.385100E+04
60 151 5.877360E+01
60 152 5.602863E+03
60 153 1.758210E+02
60 154 3.820498E+04
60 155 1.053721E+02
60 156 3.502781E+03
60 157 9.354440E+01
61 127 6.280473E+00
61 128 3.867018E+00
61 129 8.215048E+00
61 130 2.449688E+00
61 131 6.751403E+00
61 132 2.480076E+00
61 133 1.012076E+01
61 133 5.591268E+00
61 134 2.769544E+00
61 134 3.771841E+00
61 135 5.440004E+00
61 135 5.882983E+00
61 136 3.577801E+00
61 136 6.264787E+01
61 137 1.059771E+01
61 138 1.397605E+01
61 139 1.329390E+01
61 140 1.780153E+01
61 140 2.891324E+01
61 141 6.949636E+00
61 142 8.156734E+01
61 143 4.747829E+01
61 144 4.953513E+01
61 145 2.280297E+02
61 146 5.325089E+01
61 147 3.165000E+02
61 148 4.233000E+01
61 149 8.810000E+01
61 150 5.440984E+01
61 151 4.635924E+01
61 152 3.104411E+01
61 152 9.998419E+01
61 153 1.251098E+02
61 154 1.772072E+02
61 155 1.908957E+02
61 156 1.493358E+02
61 156 3.173241E+02
61 157 9.555049E+02
61 158 2.278078E+02
61 159 1.523877E+03
61 161 1.663620E+03
62 130 7.003268E+01
62 131 5.116313E+00
62 132 8.429697E+01
62 133 1.676003E+01
62 133 5.811292E+00
62 134 8.509146E+01
62 135 6.218916E+00
62 136 9.161548E+01
62 137 5.543284E+00
62 138 1.349828E+02
62 139 3.583897E+01
62 139 7.902833E+00
62 140 1.969887E+02
62 141 1.561988E+01
62 141 5.183922E+01
62 142 4.012558E+02
62 143 2.918786E+01
62 143 3.428679E+01
62 144 1.200100E+04
62 145 1.908406E+02
62 146 1.474190E+03
62 147 1.989000E+03
62 148 1.498349E+03
62 149 2.810000E+02
62 150 1.948384E+03
62 151 1.002000E+03
62 152 5.101000E+03
62 153 1.971977E+01
62 154 5.075000E+03
62 155 5.248017E+01
62 156 3.409555E+03
62 157 4.556223E+01
62 158 3.190846E+03
62 159 2.044411E+02
62 160 4.435085E+04
62 161 1.980953E+02
62 162 5.434033E+04
62 163 1.710040E+02
62 164 8.226662E+04
63 135 6.280464E+00
63 136 1.545308E+00
63 136 2.145188E+00
63 137 5.027579E+00
63 138 1.626332E+00
63 139 4.545962E+00
63 140 9.364102E+00
63 141 6.154143E+00
63 141 8.324141E+00
63 142 1.448469E+01
63 142 6.217483E+01
63 143 1.697682E+01
63 144 4.074995E+01
63 145 5.869715E+01
63 146 1.395122E+01
63 147 3.132886E+01
63 148 2.105462E+01
63 149 6.908675E+01
63 150 1.254324E+01
63 150 2.319334E+02
63 151 1.960000E+02
63 152 1.312941E+02
63 152 1.722406E+01
63 153 1.970000E+02
63 154 2.496379E+01
63 154 6.300000E+01
63 155 2.635000E+02
63 156 2.931371E+02
63 157 9.421227E+01
63 158 3.119789E+01
63 159 1.532174E+02
63 160 1.360879E+02
63 160 2.299301E+02
63 161 2.558492E+02
63 162 2.204122E+02
63 163 8.706523E+02
63 164 2.351488E+02
63 165 1.579301E+03
63 166 6.547585E+02
63 167 2.210668E+03
64 135 1.155878E+01
64 136 4.950222E+01
64 137 4.349916E+00
64 138 5.228452E+01
64 139 4.094895E+00
64 139 5.514470E+00
64 140 7.607991E+01
64 141 1.925828E+01
64 141 5.144376E+00
64 142 1.202287E+02
64 143 3.052436E+01
64 143 7.299604E+00
64 144 1.822126E+02
64 145 1.475115E+01
64 145 8.090591E+01
64 146 1.597000E+03
64 147 1.941084E+00
64 148 1.763000E+03
64 149 4.987997E+01
64 150 6.852202E+02
64 151 2.937538E+01
64 152 2.661000E+03
64 153 1.187196E+02
64 154 2.715000E+03
64 155 3.020000E+02
64 156 2.227000E+03
64 157 9.890000E+02
64 158 9.981000E+03
64 159 2.209373E+01
64 160 9.962000E+03
64 161 2.526628E+01
64 162 4.648038E+03
64 163 3.469873E+02
64 164 2.975299E+04
64 165 1.577865E+02
64 166 1.362187E+03
64 167 2.548616E+02
64 168 5.564389E+04
65 139 3.546762E+00
65 140 4.159349E+00
65 141 1.326564E+01
65 143 4.081816E+00
65 143 5.211358E+00
65 144 2.729297E+00
65 144 7.445053E+00
65 145 1.073246E+01
65 146 2.244485E+01
65 146 3.759337E+00
65 147 2.002713E+02
65 147 4.092139E+01
65 148 1.983918E+01
65 148 2.794075E+01
65 149 1.804105E+01
65 149 5.139127E+01
65 150 1.416050E+01
65 150 1.781693E+01
65 151 1.370785E+01
65 151 4.877555E+01
65 152 5.746203E+00
65 152 7.901626E+00
65 153 1.611921E+01
65 154 2.241263E+01
65 154 2.456974E+01
65 155 2.296880E+01
65 156 3.688985E+01
65 156 5.544991E+00
65 156 6.442907E+00
65 157 2.943234E+01
65 158 7.967439E+01
65 158 8.168295E+00
65 159 1.193000E+03
65 160 3.499670E+01
65 161 9.504397E+01
65 162 1.946902E+02
65 163 1.876797E+02
65 164 7.178197E+01
65 165 3.288845E+02
65 166 2.765335E+02
65 167 9.518498E+02
65 168 1.888354E+02
65 169 1.774315E+03
65 171 1.355211E+03
66 142 5.129012E+01
66 143 3.683898E+00
66 143 5.524195E+00
66 144 8.132616E+01
66 145 1.493647E+01
66 145 2.868032E+00
66 146 1.354987E+02
66 147 1.471058E+01
66 147 5.037440E+01
66 148 7.068565E+02
66 149 3.887831E+01
66 150 4.872050E+02
66 151 2.102329E+01
66 152 4.419740E+02
66 153 1.073802E+01
66 154 3.885692E+02
66 155 1.174994E+01
66 157 1.259176E+01
66 158 2.874702E+02
66 159 2.983034E+01
66 160 1.995000E+03
66 161 9.970000E+02
66 162 4.885100E+03
66 163 9.970000E+02
66 164 7.000100E+03
66 165 4.747395E+01
66 165 9.784653E+01
66 166 4.195947E+03
66 167 5.004915E+02
66 168 6.568968E+03
66 169 1.950276E+02
66 170 1.255081E+04
66 171 1.935729E+02
66 172 9.530170E+03
66 173 2.402834E+02
66 174 5.978363E+04
67 145 4.172781E+00
67 146 5.466102E+00
67 147 7.559454E+00
67 148 1.623670E+01
67 148 5.104257E+00
67 149 2.741748E+01
67 149 9.389943E+01
67 150 1.004027E+01
67 150 1.432795E+01
67 151 1.167884E+01
67 151 6.710625E+01
67 152 5.312299E+00
67 152 7.270412E+00
67 153 4.607592E+01
67 153 8.590279E+00
67 154 2.260305E+01
67 154 4.479761E+00
67 155 8.477431E+00
67 156 2.791657E+00
67 156 5.830844E+00
67 156 7.154891E+00
67 157 6.895137E+00
67 158 2.987068E+00
67 158 3.088473E+00
67 158 4.528184E+00
67 159 3.977485E+01
67 159 8.857075E+00
67 160 4.811306E+00
67 160 5.263593E+00
67 160 6.260296E+00
67 161 1.311994E+01
67 161 4.521275E+01
67 162 2.752438E+01
67 162 8.656027E+00
67 163 1.033950E+02
67 163 6.610271E+01
67 164 1.442012E+01
67 164 4.855312E+01
67 165 1.233000E+03
67 166 3.335529E+02
67 166 6.090396E+01
67 167 9.161497E+01
67 168 6.265928E+01
67 168 6.301437E+01
67 169 1.110084E+02
67 170 1.004798E+02
67 170 2.595947E+02
67 171 2.701310E+02
67 172 1.709777E+02
67 173 1.798972E+03
67 174 1.627268E+02
67 175 3.276851E+02
67 176 1.879208E+04
67 177 1.999048E+03
68 146 6.175523E+01
68 147 1.804843E+01
68 147 4.530730E+00
68 148 1.003123E+02
68 149 1.181437E+01
68 149 4.146260E+01
68 150 2.348725E+02
68 151 2.211101E+01
68 152 1.982609E+02
68 153 1.002519E+01
68 154 2.670379E+02
68 155 6.625473E+00
68 156 3.158275E+02
68 157 7.531362E+00
68 158 2.670580E+02
68 159 5.422119E+00
68 160 2.886055E+02
68 161 1.541203E+01
68 162 2.895683E+02
68 163 1.720492E+01
68 164 9.782303E+02
68 165 3.685848E+01
68 166 3.987000E+03
68 167 1.687000E+03
68 167 3.830482E+02
68 168 1.486300E+04
68 169 2.337021E+02
68 170 3.996000E+03
68 171 5.952466E+01
68 172 1.522231E+03
68 173 1.806932E+02
68 174 4.942033E+03
68 175 6.039593E+02
68 176 4.394198E+04
68 177 4.947909E+02
68 178 4.752349E+04
68 179 2.780772E+02
68 180 5.362431E+04
69 150 1.092462E+01
69 151 1.706884E+01
69 151 7.682202E+01
69 152 1.037023E+01
69 152 7.607657E+00
69 153 4.603954E+01
69 153 8.706820E+00
69 154 3.755778E+00
69 154 4.749118E+00
69 155 2.652679E+01
69 155 5.627372E+00
69 156 3.323286E+00
69 157 2.051070E+01
69 158 2.433003E+00
69 159 5.385109E+00
69 160 1.261791E+01
69 160 5.177806E+00
69 161 6.069080E+00
69 162 2.537624E+00
69 162 5.435942E+00
69 163 3.970849E+01
69 164 2.031517E+01
69 164 9.992016E+00
69 165 4.559867E+01
69 166 8.659737E+00
69 167 8.437453E+01
69 168 1.488681E+01
69 169 1.901000E+03
69 170 1.559926E+02
69 171 6.000000E+02
69 172 6.279604E+01
69 173 2.196928E+02
69 174 1.569525E+02
69 175 4.411995E+02
69 176 1.676017E+02
69 177 1.576344E+03
69 177 9.939119E+02
69 178 1.454213E+02
69 179 7.789230E+02
69 180 2.518810E+02
69 181 8.456318E+02
70 151 1.136886E+01
70 151 3.774807E+01
70 152 2.014713E+02
70 153 1.928616E+01
70 155 7.716114E+00
70 156 1.079230E+02
70 157 5.234992E+00
70 158 2.043355E+02
70 159 4.457704E+00
70 160 1.706837E+02
70 161 8.732637E+00
70 162 1.684403E+02
70 163 9.766397E+00
70 164 2.207718E+02
70 165 9.458282E+00
70 166 2.904310E+02
70 167 1.311123E+01
70 168 2.992788E+02
70 169 2.274000E+02
70 169 5.837239E+01
70 170 2.279467E+03
70 171 1.685000E+03
70 172 3.103000E+03
70 173 1.797000E+03
70 174 3.002000E+03
70 175 6.482533E+01
70 176 1.500000E+04
70 176 4.407306E+02
70 177 2.132045E+02
70 177 6.206614E+01
70 178 7.086442E+02
70 179 1.936525E+02
70 180 3.846802E+04
70 181 4.943530E+02
70 182 3.791690E+04
70 183 2.337542E+02
70 184 4.477123E+04
70 185 2.534792E+02
71 154 6.823264E+00
71 154 9.391628E+00
71 157 2.393778E+01
71 157 4.900117E+00
71 158 4.192552E+00
71 159 1.395706E+01
71 160 2.185824E+00
71 160 8.611471E+00
71 161 2.579207E+01
71 162 4.985762E+00
71 162 4.996402E+00
71 162 9.688560E+00
71 163 1.129035E+01
71 164 1.066372E+01
71 165 5.321791E+00
71 166 2.235966E+00
71 166 4.923646E+00
71 166 8.177512E+00
71 167 1.998394E+01
71 167 5.659671E+00
71 168 3.303159E+00
71 168 4.250492E+00
71 169 4.357472E+01
71 169 9.101879E+00
71 170 3.601752E+01
71 171 1.551438E+01
71 171 4.692843E+01
71 172 3.334321E+01
71 172 9.009512E+00
71 173 1.610000E+02
71 174 1.715649E+01
71 174 6.747628E+01
71 175 2.985000E+03
71 176 1.934919E+02
71 176 4.030000E+02
71 177 1.199842E+02
71 177 6.515068E+01
71 178 1.399861E+02
71 178 5.464861E+01
71 179 7.870900E+01
71 180 8.689484E+01
71 181 1.333897E+02
71 182 1.244422E+02
71 183 7.963069E+02
71 184 4.276988E+02
71 185 6.592130E+02
71 186 1.176605E+02
71 187 8.180974E+02
71 188 6.943962E+01
72 154 1.568319E+02
72 158 9.840229E+01
72 159 4.875754E+00
72 160 8.689297E+01
72 161 3.735363E+00
72 162 8.335181E+01
72 163 3.798378E+00
72 164 1.780363E+02
72 165 4.557257E+00
72 166 2.073983E+02
72 167 5.451839E+00
72 168 1.941724E+02
72 169 6.207187E+00
72 170 2.311059E+02
72 171 2.133934E+01
72 171 9.230179E+00
72 172 3.092098E+02
72 173 6.838367E+01
72 174 5.991581E+02
72 175 3.085305E+01
72 176 5.590000E+02
72 177 1.123753E+03
72 177 6.754479E+02
72 177 6.970000E+02
72 178 1.525000E+03
72 178 1.771209E+02
72 178 4.550000E+00
72 179 1.638540E+03
72 179 4.010000E+02
72 179 8.361129E+02
72 180 2.484584E+02
72 180 3.866000E+03
72 181 6.525897E+02
72 182 1.357000E+03
72 182 3.403161E+02
72 183 2.051761E+02
72 184 1.044013E+03
72 184 1.866548E+03
72 185 1.930542E+02
72 186 2.508248E+04
72 187 2.021349E+02
72 188 6.446510E+02
73 159 2.132075E+01
73 160 2.917746E+00
73 161 1.634382E+01
73 161 3.773901E+00
73 162 1.351590E+00
73 163 2.457648E+01
73 164 1.090037E+00
73 165 6.235241E+00
73 166 4.514737E+00
73 167 6.647799E+00
73 168 4.371536E+00
73 169 4.777524E+00
73 170 5.071087E+00
73 171 5.996712E+00
73 171 6.445703E+00
73 172 3.230187E+00
73 173 7.558611E+00
73 174 4.735948E+00
73 175 9.488319E+00
73 176 1.078681E+01
73 177 1.411960E+01
73 178 1.058079E+01
73 179 2.449947E+01
73 180 1.020000E+02
73 180 4.933793E+01
73 181 3.997000E+03
73 182 6.316303E+01
73 182 6.363637E+01
73 183 7.435473E+01
73 184 4.750561E+01
73 185 9.219588E+01
73 186 2.610300E+02
73 187 4.996354E+02
73 188 3.308568E+02
73 188 7.933456E+01
73 189 8.385040E+02
73 190 9.769109E+01
73 192 3.594341E+02
73 194 4.454402E+02
74 162 7.614176E+01
74 163 3.378840E+00
74 164 6.459134E+01
74 165 3.483152E+00
74 166 5.868816E+01
74 167 8.064367E+00
74 168 6.351285E+01
74 169 4.782767E+00
74 170 1.782871E+02
74 171 4.834037E+00
74 172 1.827421E+02
74 173 6.494870E+00
74 174 1.773635E+02
74 175 3.142376E+01
74 176 2.811567E+02
74 177 4.612742E+01
74 178 3.216877E+02
74 179 2.097370E+01
74 179 6.572850E+01
74 180 2.655774E+02
74 181 3.448023E+01
74 182 5.053000E+03
74 183 4.410000E+02
74 183 5.621050E+01
74 184 6.452000E+03
74 185 1.407653E+02
74 185 5.779581E+01
74 186 4.341000E+03
74 187 4.680000E+02
74 188 2.328698E+03
74 189 6.867836E+01
74 190 2.966503E+03
74 191 6.511295E+01
74 192 2.834125E+03
74 193 3.718478E+02
74 194 5.134566E+04
74 195 2.064471E+02
74 196 5.586069E+04
74 197 1.120557E+02
75 165 2.249201E+01
75 165 2.743718E+00
75 166 1.307504E+00
75 167 2.188399E+00
75 168 5.943882E-01
75 169 2.469881E+00
75 169 6.170076E+00
75 170 1.139231E+00
75 171 2.437160E+00
75 172 1.284073E+00
75 172 1.284073E+00
75 173 3.891471E+00
75 174 5.781538E+00
75 175 5.436350E+00
75 176 2.524492E+00
75 177 7.791803E+00
75 178 2.803233E+01
75 179 8.368863E+00
75 180 1.347713E+01
75 181 1.611548E+01
75 182 1.199310E+01
75 182 7.154740E+00
75 183 4.958163E+01
75 184 1.656688E+01
75 184 1.794425E+01
75 185 1.999900E+03
75 186 2.368640E+01
75 186 7.495232E+01
75 187 1.995000E+03
75 188 1.097845E+02
75 188 3.140703E+01
75 189 1.051285E+02
75 190 4.347745E+01
75 190 6.622566E+01
75 191 1.893001E+02
75 192 1.815218E+01
75 192 5.652078E+02
75 193 2.803870E+02
75 194 1.727330E+02
75 194 1.781485E+03
75 194 9.976300E+02
75 195 9.657023E+02
75 196 3.797799E+02
75 198 2.301053E+02
76 168 4.886148E+01
76 169 2.420655E+00
76 170 4.831564E+01
76 171 1.907263E+00
76 172 4.704221E+01
76 173 2.545693E+00
76 174 4.778539E+01
76 175 3.712674E+00
76 176 1.580029E+02
76 177 1.645879E+01
76 178 2.272661E+02
76 179 2.153027E+01
76 180 2.114537E+02
76 181 3.189695E+01
76 181 8.011668E+00
76 182 2.668966E+02
76 183 1.327910E+01
76 183 5.808058E+01
76 184 1.973313E+02
76 185 8.548490E+01
76 186 5.000000E+03
76 187 3.000000E+03
76 188 2.005000E+03
76 189 1.989372E+02
76 189 5.109309E+01
76 190 1.971178E+03
76 190 8.321349E+01
76 191 5.197383E+01
76 191 5.423143E+01
76 192 2.006000E+03
76 192 2.487810E+02
76 193 5.712807E+01
76 194 6.663784E+03
76 195 3.805078E+01
76 195 6.590981E+01
76 196 4.490664E+04
76 197 3.066623E+01
76 198 5.998314E+04
76 199 1.362589E+02
76 200 9.187474E+04
76 201 4.766087E+02
76 202 4.002301E+05
77 171 1.605661E+00
77 171 1.661327E+01
77 172 1.392508E+00
77 172 5.387885E+00
77 173 1.613890E+00
77 173 1.884208E+01
77 174 1.297013E+00
77 174 1.302045E+00
77 175 1.912127E+01
77 176 6.869610E-01
77 177 2.950990E+00
77 178 9.554446E-01
77 179 3.890701E+00
77 180 1.103341E+00
77 181 5.170959E+00
77 182 2.398820E+00
77 183 4.847486E+00
77 184 1.700911E+01
77 185 1.299022E+01
77 186 5.111171E+00
77 186 7.489945E+00
77 187 2.332658E+01
77 188 3.032275E+01
77 189 6.265882E+01
77 190 1.308471E+01
77 190 4.021513E+01
77 190 7.685153E+00
77 191 1.620000E+02
77 191 5.266036E+01
77 191 6.147063E+01
77 192 3.654881E+01
77 192 3.835035E+01
77 192 7.966441E+01
77 193 1.030741E+02
77 193 3.090000E+02
77 194 1.461000E+03
77 194 1.490000E+02
77 195 1.527678E+02
77 195 2.298852E+02
77 196 2.170160E+01
77 196 3.278014E+01
77 197 2.336658E+02
77 197 2.462750E+02
77 198 5.429928E+02
77 199 2.397084E+02
77 200 1.957611E+02
77 201 5.082986E+03
77 202 1.847767E+02
77 203 8.562379E+03
77 204 7.597476E+03
77 205 1.313213E+04
78 175 1.151544E+00
78 176 3.153550E+01
78 177 1.884234E+00
78 178 3.433539E+01
78 179 1.719048E+01
78 180 4.581433E+01
78 181 1.054162E+01
78 182 1.957550E+02
78 183 1.399416E+01
78 183 3.757207E+00
78 184 2.298398E+02
78 185 2.454951E+01
78 185 6.569643E+00
78 186 2.701655E+02
78 187 9.360274E+00
78 188 3.964109E+02
78 189 1.304534E+01
78 190 4.899711E+02
78 191 1.385711E+01
78 192 3.479356E+04
78 193 1.420729E+01
78 193 2.139944E+02
78 194 1.943612E+03
78 195 4.780667E+01
78 195 8.260000E+02
78 197 3.671667E+01
78 197 4.136812E+02
78 198 3.068659E+04
78 199 2.772433E+01
78 199 3.195477E+01
78 200 1.798967E+04
78 201 1.940229E+02
78 202 1.101717E+05
78 203 6.652964E+01
78 203 8.075846E+02
78 204 2.331352E+05
78 205 2.875458E+04
79 176 1.009602E+00
79 176 9.907668E-01
79 177 1.047578E+00
79 177 1.333872E+01
79 178 1.802811E+00
79 179 1.353702E+01
79 180 2.551004E+00
79 181 2.405140E+00
79 182 3.505485E+00
79 183 2.719360E+00
79 184 3.273515E+00
79 184 4.477504E+00
79 185 2.419592E+00
79 185 3.671822E+00
79 186 1.922989E+00
79 187 2.104644E+01
79 187 5.265990E+00
79 188 1.348531E+01
79 189 4.189454E+01
79 189 7.535892E+00
79 190 7.225250E+00
79 191 2.825957E+01
79 192 1.363300E+01
79 193 3.161368E+01
79 193 5.679403E+01
79 194 5.740301E+01
79 195 6.464950E+01
79 195 6.516474E+01
79 196 2.818586E+01
79 196 3.199942E+01
79 196 3.303745E+01
79 197 2.113000E+03
79 197 6.172437E+01
79 198 1.349522E+02
79 198 1.904000E+02
79 199 1.922029E+02
79 200 2.309379E+01
79 200 4.237432E+02
79 201 2.073771E+02
79 202 4.800528E+01
79 203 3.441078E+02
79 204 1.742998E+02
79 205 2.618905E+03
79 205 6.813699E+03
79 206 6.394401E+03
79 207 7.172858E+03
79 208 4.657694E+03
79 209 9.242835E+03
79 210 3.366766E+03
80 179 2.790835E+00
80 180 2.844721E+01
80 181 9.917359E+00
80 182 3.160383E+01
80 183 1.058645E+01
80 184 1.238561E+02
80 185 1.349818E+01
80 185 4.269756E+00
80 186 1.702050E+02
80 187 1.873940E+00
80 187 4.454444E+00
80 188 2.176111E+02
80 189 3.864835E+00
80 189 7.914940E+00
80 190 2.706571E+02
80 191 1.439033E+01
80 191 6.926785E+00
80 192 4.118363E+02
80 193 1.740721E+01
80 193 2.850269E+01
80 194 5.297355E+02
80 195 1.336487E+02
80 195 3.947183E+01
80 196 9.574348E+02
80 197 2.360665E+02
80 197 5.756515E+01
80 198 4.180000E+02
80 199 2.928743E+03
80 199 8.958993E+00
80 200 1.100500E+04
80 201 6.860000E+02
80 202 3.740100E+04
80 203 2.992839E+03
80 204 9.287700E+04
80 205 6.773302E+04
80 206 4.535647E+05
80 207 2.317857E+03
80 208 4.507390E+05
80 209 5.671606E+03
80 210 1.582438E+04
80 211 6.208139E+03
80 212 4.953834E+04
80 213 3.501763E+03
80 214 1.992437E+04
80 216 9.893198E+04
81 180 5.752039E+00
81 181 1.284746E+01
81 182 6.787370E-01
81 183 1.686168E+01
81 184 7.853878E-01
81 185 1.641300E+00
81 185 2.287197E+01
81 186 1.012419E+00
81 186 1.124234E+00
81 186 1.955682E+00
81 187 2.508461E+00
81 187 3.866247E+01
81 188 1.993425E+00
81 188 3.261725E+00
81 189 3.626340E+00
81 189 3.892847E+01
81 190 4.858986E+00
81 190 4.997089E+00
81 191 1.064907E+02
81 191 6.868432E+00
81 192 5.507308E+00
81 192 8.608397E+00
81 193 5.326723E+01
81 193 5.507397E+01
81 194 8.100408E+00
81 194 9.882866E+00
81 195 2.317760E+01
81 195 9.371695E+01
81 196 1.331589E+01
81 196 2.160471E+01
81 197 1.178703E+02
81 198 4.447314E+01
81 198 5.735129E+01
81 199 4.122093E+02
81 200 6.200726E+01
81 201 2.478217E+03
81 202 9.028654E+02
81 203 1.640100E+04
81 204 5.157236E+03
81 205 8.366500E+04
81 206 1.479518E+04
81 206 2.499511E+04
81 207 5.310887E+03
81 207 6.635487E+03
81 208 6.844326E+03
81 209 7.253780E+03
81 210 4.673737E+03
81 211 5.937174E+04
81 212 2.568426E+03
81 213 1.112914E+04
81 214 1.664217E+03
81 215 6.447627E+03
81 216 1.219153E+03
81 217 4.161242E+02
81 218 1.310458E+03
82 185 1.088488E+00
82 185 4.869228E-01
82 186 2.863033E+01
82 187 1.623982E+00
82 187 7.291427E-01
82 188 3.664288E+01
82 189 1.082017E+00
82 189 2.211947E+00
82 190 1.684187E+02
82 191 2.130250E+00
82 191 3.975535E+00
82 192 2.072690E+02
82 193 9.628386E+00
82 193 9.915128E+00
82 194 2.488926E+02
82 195 1.038388E+01
82 195 7.432931E+00
82 196 4.304703E+02
82 197 1.041667E+01
82 197 9.557661E+00
82 198 4.832415E+02
82 199 1.150671E+01
82 199 1.176501E+01
82 200 1.939928E+03
82 201 1.273625E+01
82 201 7.069880E+00
82 202 4.807692E+01
82 202 7.879116E+03
82 203 1.527576E+01
82 203 2.267539E+01
82 204 2.375031E+03
82 204 7.500000E+04
82 205 1.400742E+03
82 206 8.200000E+05
82 207 6.800000E+05
82 208 1.000000E+06
82 209 4.097454E+02
82 210 2.583882E+05
82 211 5.383872E+02
82 212 1.121817E+05
82 213 1.708362E+02
82 214 1.169927E+05
82 215 4.857016E+03
82 216 1.980845E+05
82 217 1.929542E+03
82 218 5.721503E+04
82 219 1.640306E+03
82 220 1.585814E+05
83 190 2.507794E-01
83 190 6.842462E-01
83 191 1.351012E+00
83 192 1.398654E+00
83 192 1.823709E+00
83 193 2.529281E+00
83 193 6.221398E+00
83 194 3.823499E+00
83 194 4.997801E+00
83 194 9.973761E+00
83 195 1.800205E+01
83 195 4.383059E+00
83 196 2.468244E+00
83 196 2.627574E+00
83 197 3.258973E+01
83 197 8.883491E+00
83 198 1.998951E+01
83 198 5.285239E+00
83 198 6.021694E+00
83 199 2.030758E+01
83 199 7.666924E+01
83 200 1.240062E+01
83 200 2.032572E+01
83 201 1.127771E+02
83 201 5.583831E+01
83 202 3.836916E+01
83 203 5.949184E+01
83 204 4.898185E+01
83 205 3.996243E+01
83 206 7.180250E+02
83 207 3.357657E+03
83 208 4.765543E+03
83 209 9.945000E+04
83 210 2.103092E+02
83 210 2.446890E+02
83 211 5.051394E+03
83 212 2.208935E+02
83 212 3.557163E+02
83 212 6.675016E+02
83 213 2.540210E+03
83 214 2.252335E+02
83 214 5.581996E+02
83 215 1.662116E+03
83 215 1.694333E+03
83 216 5.504072E+02
83 216 5.959260E+02
83 217 1.289631E+03
83 218 9.208870E+02
83 219 4.368880E+02
83 220 9.504143E+02
83 221 1.773197E+03
83 222 1.420034E+02
83 223 6.100666E+02
83 224 8.861559E+01
84 195 4.250083E+00
84 195 6.376956E+00
84 196 1.757964E+02
84 197 6.228965E+00
84 197 7.061677E+00
84 198 1.662079E+02
84 199 1.695502E+01
84 199 7.207869E+00
84 200 3.030764E+02
84 201 1.612290E+01
84 201 2.833729E+01
84 202 5.082987E+02
84 203 4.857647E+01
84 203 4.939000E+01
84 204 1.274500E+03
84 205 5.026627E+01
84 206 1.697484E+03
84 207 8.697638E+01
84 207 9.096447E+01
84 208 2.609048E+02
84 209 3.844020E+03
84 210 1.560406E+05
84 211 2.928765E+02
84 212 4.930245E+03
84 217 2.317190E+02
84 218 4.849962E+04
84 219 5.990055E+02
84 220 7.938884E+03
84 221 4.954149E+02
84 222 1.495994E+04
84 223 1.802052E+02
84 224 1.491054E+04
84 225 1.726268E+02
84 226 1.269148E+02
84 227 1.695640E+03
85 197 1.154337E+01
85 198 1.989924E+00
85 198 7.276074E-01
85 199 3.051090E+00
85 200 1.281409E+00
85 200 1.465127E+00
85 200 1.813773E+00
85 201 7.220059E+00
85 202 3.930849E+00
85 202 4.981119E+00
85 203 1.324010E+01
85 204 7.819991E+00
85 205 3.471429E+01
85 206 2.212637E+01
85 207 5.732015E+01
85 208 2.540566E+01
85 209 5.780312E+01
85 210 4.366344E+01
85 211 1.925968E+02
85 218 1.438894E+03
85 219 2.181327E+02
85 220 1.047328E+02
85 221 1.384014E+02
85 222 8.700383E+02
85 223 1.033112E+03
85 224 2.976544E+02
85 225 1.516983E+02
85 226 1.744237E+01
85 227 8.416121E+02
85 228 9.499699E+01
85 229 2.094810E+04
86 200 4.239370E+01
86 201 1.912056E+00
86 201 4.174994E+00
86 202 1.602643E+02
86 203 4.645081E+00
86 203 9.075447E+00
86 204 2.371715E+02
86 205 1.061979E+01
86 205 1.478429E+01
86 206 4.945523E+02
86 207 4.803595E+01
86 208 7.958000E+02
86 209 5.102742E+01
86 210 1.518988E+03
86 211 1.864809E+02
86 212 1.434872E+04
86 219 1.123501E+02
86 220 1.810688E+03
86 221 8.348753E+01
86 222 3.047929E+03
86 223 1.082389E+02
86 224 2.650943E+03
86 225 6.677223E+01
86 226 2.424621E+03
86 227 7.725179E+01
86 228 1.560187E+03
86 229 2.410770E+02
86 230 3.075243E+03
86 231 1.610754E+02
87 204 1.105520E+00
87 204 7.519636E-01
87 205 4.170177E+00
87 206 2.410013E+00
87 206 3.059332E+00
87 207 8.865239E+00
87 208 4.873329E+00
87 209 1.793195E+01
87 210 1.307325E+01
87 211 5.062229E+01
87 212 3.289977E+01
87 213 2.547508E+02
87 220 7.251536E+02
87 221 4.659218E+01
87 222 1.983525E+01
87 223 4.562328E+02
87 224 2.229153E+01
87 225 7.516238E+01
87 226 2.280003E+01
87 227 8.648737E+01
87 228 2.160101E+01
87 229 1.133262E+02
87 230 7.756248E+01
87 231 7.643083E+03
87 232 3.639767E+01
88 207 6.527366E+00
88 208 1.670592E+02
88 209 7.000000E-01
88 210 2.908352E+02
88 211 1.203405E+01
88 212 4.275840E+02
88 213 5.462301E+01
88 214 4.037685E+03
88 221 4.218772E+01
88 222 2.763346E+02
88 223 9.297828E+01
88 224 1.124305E+03
88 225 1.115129E+02
88 226 1.230234E+03
88 227 4.436489E+01
88 228 1.395240E+03
88 229 4.030507E+01
88 230 6.795861E+02
88 231 6.495755E+01
88 232 1.068428E+03
88 233 8.758247E+01
88 234 2.274567E+03
88 235 1.414912E+02
89 214 3.415130E+00
89 222 4.703944E+00
89 222 9.292928E+01
89 223 1.292507E+01
89 224 2.233002E+01
89 225 3.031767E+01
89 226 8.557246E+01
89 227 4.430590E+01
89 228 1.816964E+01
89 229 3.972427E+02
89 230 1.035546E+01
89 231 5.723864E+01
89 232 5.566234E+02
89 233 7.665733E+01
89 234 3.030484E+01
89 235 1.985054E+02
89 236 7.991449E+01
89 237 1.996163E+02
90 215 6.526566E+01
90 224 1.497789E+02
90 225 6.448181E+01
90 226 1.806863E+02
90 227 2.689728E+01
90 228 1.433228E+02
90 229 1.541000E+01
90 230 5.640000E+02
90 231 2.660964E+01
90 232 3.996000E+03
90 233 8.911293E+01
90 234 5.827671E+02
90 235 4.867089E+01
90 236 8.202607E+02
90 237 8.187660E+01
90 238 1.793509E+03
90 239 7.955820E+01
91 225 2.150342E+01
91 226 5.549058E+00
91 227 9.822693E+00
91 228 1.240396E+01
91 229 7.094432E+00
91 230 6.423017E+00
91 231 1.180000E+02
91 232 2.100000E+01
91 233 1.800000E+01
91 234 3.101938E+01
91 234 5.942427E+01
91 235 4.595436E+01
91 236 6.886129E+02
91 237 5.848085E+01
91 238 4.064448E+01
91 239 3.802934E+02
91 240 2.029890E+01
91 241 5.840498E+01
92 227 4.225038E+00
92 228 8.908034E+02
92 229 3.741734E+01
92 230 1.298920E+02
92 231 1.251071E+01
92 232 2.001000E+02
92 233 6.000000E+02
92 234 1.493000E+03
92 235 2.250010E+03
92 235 2.747992E+02
92 236 1.500000E+03
92 237 1.515224E+02
92 238 2.000001E+04
92 239 6.085682E+01
92 240 5.864603E+02
92 241 5.981156E+01
92 242 1.583072E+03
92 243 3.361506E+01
93 228 6.064938E-01
93 229 2.449270E+00
93 230 7.196643E+01
93 231 2.011214E+01
93 232 2.358339E+00
93 233 5.003992E+00
93 234 2.031023E+01
93 235 3.759972E+01
93 236 2.300000E+01
93 236 6.494405E+01
93 237 6.010000E+02
93 238 2.500000E+01
93 239 5.496988E+01
93 240 2.490529E+01
93 240 4.160129E+01
93 241 3.437843E+02
93 242 2.487901E+01
93 242 7.286375E+02
93 243 3.412189E+02
93 244 3.401714E+01
93 245 7.697544E+01
94 227 8.396393E+00
94 228 1.271575E+02
94 229 9.520803E+00
94 230 4.339909E+00
94 231 2.012365E+01
94 232 1.472774E+01
94 233 2.857436E+01
94 234 8.912982E+01
94 235 5.504329E+01
94 236 9.601764E+01
94 237 1.310783E+01
94 238 5.010000E+02
94 239 2.500010E+03
94 240 5.700000E+03
94 241 3.000010E+02
94 242 9.230000E+02
94 243 4.416959E+01
94 244 2.900000E+02
94 244 8.869341E+01
94 245 5.733212E+01
94 246 6.795446E+02
94 247 1.115278E+03
95 229 2.836789E+01
95 230 2.902503E-01
95 231 2.991899E+00
95 232 4.092640E+00
95 233 4.978227E+00
95 234 2.391197E+01
95 235 1.370071E+01
95 236 2.786192E+01
95 236 4.973958E+00
95 237 3.044672E+01
95 238 9.733060E+01
95 239 3.290558E+01
95 240 8.927505E+00
95 241 1.500000E+02
95 242 1.990000E+01
95 242 2.497921E+01
95 243 4.000000E+02
95 244 3.305472E+01
95 244 8.611112E+00
95 245 2.445724E+01
95 246 1.990436E+01
95 246 6.134322E+00
95 247 2.749957E+01
95 248 1.988247E+01
95 249 3.967192E+01
96 231 7.732759E+00
96 232 1.033478E+02
96 233 2.166749E+00
96 234 4.943399E+01
96 235 5.898121E+00
96 236 9.888916E+01
96 237 9.992786E+00
96 238 8.544484E+01
96 239 2.398513E+01
96 240 1.170414E+02
96 241 4.840303E+01
96 242 2.650000E+02
96 243 1.000000E+02
96 244 1.000000E+03
96 245 6.100000E+01
96 246 4.000000E+02
96 247 5.970000E+01
96 248 1.500000E+03
96 249 1.367684E+02
96 250 5.187741E+02
96 251 1.215513E+02
96 252 1.161249E+03
97 233 7.997470E+00
97 234 7.528587E+00
97 235 4.984622E+00
97 236 9.755301E-01
97 237 4.976637E+00
97 238 8.230037E+00
97 239 1.197334E+01
97 240 2.093810E+00
97 241 1.488367E+01
97 242 3.129373E+01
97 243 1.950720E+01
97 244 6.141690E+00
97 245 5.865295E+01
97 246 1.904125E+01
97 247 3.320071E+01
97 248 2.602058E+01
97 248 9.878616E+01
97 249 9.900000E+01
97 250 3.317685E+01
97 251 4.317150E+02
97 252 4.984962E+01
97 253 1.996720E+01
97 254 1.958574E+01
98 239 1.434539E+01
98 240 4.623659E+01
98 241 1.813935E+01
98 242 8.387665E+01
98 243 1.118669E+02
98 244 1.267847E+02
98 245 9.857322E+00
98 246 1.439839E+02
98 247 1.107165E+02
98 248 1.481609E+03
98 249 9.010000E+01
98 250 8.300000E+00
98 251 4.500000E+01
98 252 9.840000E+02
98 253 4.697678E+01
98 254 9.847944E+02
98 255 4.064142E+01
98 256 6.008072E+02
99 239 3.238823E+01
99 240 5.429269E-01
99 241 2.868101E+00
99 242 2.689693E+00
99 243 3.583779E+00
99 244 7.719018E+00
99 245 4.416821E+00
99 246 9.997664E+00
99 247 4.467692E+00
99 247 4.913572E+00
99 248 1.007037E+02
99 249 3.400000E+00
99 250 2.046321E+01
99 250 2.446382E+01
99 251 4.968605E+01
99 252 2.830544E+01
99 253 6.579806E+01
99 254 1.404188E+01
99 254 1.440317E+02
99 255 1.546901E+01
99 256 2.900494E+01
99 257 1.787488E+01
99 258 1.980148E+01
100 245 2.618415E+01
100 246 2.050522E+02
100 247 2.152966E+01
100 247 2.203942E+01
100 248 6.805657E+02
100 249 3.555349E+01
100 250 1.385685E+02
100 250 7.597906E+01
100 251 3.926196E+01
100 252 2.407499E+02
100 253 3.284601E+02
100 254 2.970899E+02
100 255 3.180503E+01
100 256 7.466873E+02
100 257 6.446364E+01
100 259 6.877835E+01
100 260 1.954834E+03
101 246 2.491781E+01
101 247 1.119505E+01
101 248 1.325471E+01
101 249 1.251000E+03
101 249 1.597281E+01
101 250 3.213315E+01
101 251 3.650219E+00
101 252 1.359262E+01
101 253 1.113681E+01
101 254 2.972492E+01
101 254 6.956204E+01
101 255 4.835500E+01
101 256 1.861341E+01
101 257 1.679680E+01
101 258 2.273457E+01
101 258 9.927895E+01
101 259 1.251000E+03
101 260 4.359378E+02
101 261 1.496845E+01
101 262 4.994222E+01
102 251 1.669409E+01
102 252 4.902329E+01
102 253 3.895219E+01
102 254 1.803926E+02
102 255 4.493775E+01
102 256 1.845098E+02
102 257 4.213425E+01
102 259 1.251000E+03
102 261 9.976444E+01
102 263 2.467128E+01
102 264 9.942198E+02
103 253 1.578721E+01
103 254 2.455998E+01
103 255 3.700618E+01
103 255 6.809208E+02
103 256 1.672538E+01
103 257 3.885014E+01
103 258 2.294014E+01
103 259 1.201000E+03
103 260 9.389146E+01
103 261 2.718977E+01
103 262 1.047298E+02
103 263 9.870212E+00
103 264 2.487792E+01
103 265 1.986456E+01
103 266 5.971651E+01
104 255 1.146542E+01
104 257 1.204288E+02
104 257 1.559792E+01
104 259 1.246000E+03
104 261 3.512297E+01
104 261 9.953956E+00
104 263 8.192746E+00
104 264 1.923834E+01
104 265 7.117998E+01
104 266 3.776532E+01
104 267 1.977262E+01
104 268 2.925811E+02
105 256 4.194266E+00
105 257 1.765682E+01
105 258 1.832948E+01
105 260 1.384578E+01
105 261 3.705856E+00
105 262 8.031424E+01
105 263 2.873661E+01
105 264 1.996561E+01
105 265 9.854256E+00
105 266 9.785237E+00
105 267 1.990030E+01
105 268 9.997380E+01
105 269 9.866658E+00
105 270 1.987614E+01
106 265 1.286519E+01
106 267 9.949821E+00
106 268 4.925990E+02
106 269 1.457521E+01
106 270 6.944688E+02
106 271 1.459760E+01
106 272 4.936929E+02
106 273 3.835485E+01
107 264 7.975583E+01
107 265 1.833535E+01
107 266 9.078979E+01
107 267 1.999460E+01
107 268 9.978712E+00
107 269 1.988822E+01
107 270 2.499523E+01
107 271 4.489305E+00
107 272 1.858847E+01
107 273 9.920476E+00
107 274 5.100000E+00
107 275 7.937201E+00
107 276 9.964181E+00
107 277 1.242272E+01
107 278 1.810697E+01
108 266 3.927634E+01
108 268 6.927580E+01
108 269 3.332146E+01
108 270 2.136212E+02
108 271 1.518855E+01
108 272 1.899639E+02
108 273 1.725079E+01
108 277 2.516879E+01
108 278 7.204568E+01
108 279 2.116950E+01
109 276 1.844706E+00
109 277 4.180371E+00
109 278 1.315501E+00
109 279 4.100000E+00
109 280 5.141986E+00
109 281 5.673579E+00
110 281 1.251000E+03
110 282 6.001888E+02
110 283 3.994431E+01
110 284 9.768410E+01
111 280 2.635508E+00
111 281 2.226641E+01
111 282 1.996376E+01
111 283 3.999425E+01
112 283 1.086664E+01
112 285 1.121621E+01
113 285 2.040607E+01
113 286 9.528831E-01
113 287 2.981393E+00
113 288 4.305577E+00
113 289 5.822616E+00
113 290 3.741055E+00
114 289 7.817291E+00
115 291 1.978520E+00
