  47 100   6  15     9.57623     0.04248   6  15     5.13119     0.84496   Ag100
  47 101   6  22    10.00199    -0.51948   7  22     5.40777     0.21246   Ag101
  47 102   6  15    11.26125     0.28785   6  15     6.13888     0.92505   Ag102
  47 103   6  36    11.83320     0.07592   6  36     6.46829     0.63159   Ag103
  47 104   7  22    12.60215     0.01215   7  22     7.00874     0.55531   Ag104
  47 105   7  22    13.13152     0.00392   6  22     6.77377     0.38464   Ag105
  47 107   4  22    14.74829     0.18507   7  22     8.22313     0.59712   Ag107
  47 108   7  22    15.56716     0.12343   7  22     8.69889     0.54199   Ag108
  47 109   7  22    15.71502    -0.27904   2  18     8.95685     0.12745   Ag109
  47 111   4  16    16.58112    -0.20096   2  18     9.33946     0.03701   Ag111
  47 115   7  21    16.86084    -0.04419   7  22     8.26060     0.24183   Ag115
