  33  68   6  15     9.59958     0.85565   0   0     0.00000     0.00000   As068
  33  69   7  22     9.76718     0.30745   7  22     5.42557     0.70919   As069
  33  70   7  22    10.36993     0.22838   7  22     5.83123     0.66345   As070
  33  71   7  22    10.25691    -0.20315   2  25     5.74057     0.19394   As071
  33  72   4  37    11.32281     0.19547   7  26     6.40868     0.58115   As072
  33  73   4  16    10.87836    -0.64609   4  16     6.05030    -0.40074   As073
  33  74   7  22    12.02456     0.22397   7  26     6.82603     0.58493   As074
  33  75   7  22    11.70043    -0.09481   7  26     6.51804     0.11621   As075
  33  76   6  36    12.17451     0.22596   5  43     6.82261     0.64278   As076
  33  77   7  22    11.69901    -0.19008   7  26     6.56251     0.12719   As077
  33  79   7  22    12.13892     0.40654   7  22     6.80566     0.72646   As079
  33  81   6  15    11.45808     0.35432   0   0     0.00000     0.00000   As081
