  83 191   6  22    24.04439     0.42505   6  22    13.14696     0.76584   Bi191
  83 193   6  15    23.50030     0.30093   6  22    13.30164     0.74454   Bi193
  83 194   6  23    24.14183     1.50597   6  15    12.38283     1.69126   Bi194
  83 199   6  15    19.19361     0.63456   6  25     9.61855     1.24015   Bi199
  83 201   6  15    20.10193     0.62726   6  15     9.65241     1.06995   Bi201
  83 203   7  22    18.07839     0.25596   7  22     9.33097     0.83986   Bi203
  83 205   7  22    16.33528     0.23817   7  22     8.18362     0.89849   Bi205
  83 206   7  21    15.76624     0.52817   0   0     0.00000     0.00000   Bi206
  83 207   6  21    14.11500    -0.08487   4  22     6.79585     0.72973   Bi207
  83 210   6  36    11.98174     0.05729   0   0     0.00000     0.00000   Bi210
  83 211   6  21    14.76833    -0.55096   7  22     7.19887     0.13381   Bi211
