  83 193   2  20    21.82430     0.19307   0   0     0.00000     0.00000   Bi193
  83 194   6  23    22.45735     1.46049   0   0     0.00000     0.00000   Bi194
  83 199   5  25    17.55454     0.61013   0   0     0.00000     0.00000   Bi199
  83 201   6  15    18.83536     0.56531   2  20     8.59960     0.95327   Bi201
  83 203   6  15    16.65880     0.14079   6  22     8.27996     0.75819   Bi203
  83 204   6  15    16.73330     0.73628   6  15     8.08774     1.28868   Bi204
  83 205   6  15    15.12945     0.10438   6  22     7.23165     0.81799   Bi205
  83 206   7  21    14.29964     0.37921   6  22     6.59926     1.06693   Bi206
  83 207   4  22    12.92953    -0.21637   6  22     5.93552     0.63986   Bi207
  83 208   6  36    12.60157     0.55854   6  23     5.44183     1.38056   Bi208
  83 209   6  36    13.14438     1.15126   0   0     0.00000     0.00000   Bi209
  83 210   0   0     0.00000     0.00000   6  36     4.83898     0.94519   Bi210
  83 211   6  22    12.73308    -0.87408   7  22     5.82960    -0.08181   Bi211
  83 213   7  20    18.54740     0.44769   7  20     9.09405     0.97621   Bi213
