  48 102   7  22     9.01247    -1.06657   7  22     4.78101    -0.27775   Cd102
  48 103   4  16    10.15592    -0.53128   2  18     5.38776     0.01506   Cd103
  48 104   7  22    11.09392    -0.03600   7  22     6.01477     0.60458   Cd104
  48 105   7  22    12.12598     0.01820   7  22     6.61080     0.52542   Cd105
  48 106   7  22    12.03839    -0.43279   7  22     6.57784     0.09085   Cd106
  48 108   7  22    13.91107     0.22219   7  22     7.69470     0.66635   Cd108
  48 110   4  37    14.78216     0.06836   6  22     8.26852     0.52616   Cd110
  48 111   7  22    16.08369    -0.18710   7  22     8.99470     0.13613   Cd111
  48 112   6  36    16.15338     0.23546   7  22     8.92688     0.55523   Cd112
  48 113   7  26    16.68853    -0.20397   7  26     9.27154     0.09790   Cd113
  48 114   6  36    16.80129     0.15682   4  16     9.09828     0.25622   Cd114
  48 116   4  37    16.55622     0.10943   7  26     9.22249     0.41993   Cd116
  48 117   6  21    16.42448    -0.15674   4  16     8.60330    -0.12331   Cd117
  48 118   7  22    16.93016     0.33589   7  21     9.36517     0.61353   Cd118
  48 119   7  22    17.86828     0.41357   0   0     0.00000     0.00000   Cd119
  48 121   6  22    16.19857    -0.00840   7  21     8.98695     0.34984   Cd121
