  48 100   6  15     7.90438     0.85194   0   0     0.00000     0.00000   Cd100
  48 101   6  15     8.69909     1.01989   0   0     0.00000     0.00000   Cd101
  48 102   6  38     8.01360    -1.48890   7  26     4.07418    -0.57670   Cd102
  48 103   2  25     8.97245    -0.81156   2  18     4.57720    -0.10543   Cd103
  48 104   4  22     9.97121    -0.28972   4  22     5.18945     0.43015   Cd104
  48 105   7  22    10.78701    -0.18118   7  22     5.64581     0.42500   Cd105
  48 106   7  22    10.85455    -0.67136   6  22     5.79539     0.09870   Cd106
  48 107   7  22    12.70071    -0.34859   4  16     7.00654     0.17326   Cd107
  48 108   6  36    12.53757    -0.00599   7  22     6.73782     0.58968   Cd108
  48 109   7  22    14.54110    -0.03101   4  16     7.86100     0.20618   Cd109
  48 110   6  15    13.65945     0.11827   6  22     7.27959     0.48259   Cd110
  48 111   7  22    14.38647    -0.35210   7  22     7.74671     0.02491   Cd111
  48 112   5  54    14.56851     0.08054   6  22     7.79043     0.48023   Cd112
  48 113   7  22    14.86699    -0.38622   7  29     7.97639     0.00095   Cd113
  48 114   6  36    15.23999     0.06141   6  22     8.11520     0.37949   Cd114
  48 115   7  22    16.07287    -0.08500   7  22     8.64514     0.24108   Cd115
  48 116   4  34    14.99818     0.01796   6  22     8.06322     0.38709   Cd116
  48 117   6  22    14.64521    -0.25745   7  22     7.65396     0.13087   Cd117
  48 118   6  22    15.18878     0.19547   7  22     8.16203     0.59457   Cd118
  48 119   6  22    15.55358     0.19918   6  15     7.88827     0.22244   Cd119
  48 120   0   0     0.00000     0.00000   6  15     8.42666     1.03817   Cd120
  48 121   6  15    13.97722    -0.30254   7  22     7.54534     0.27319   Cd121
  48 122   6  15    14.51283     0.34112   6  15     7.67598     0.76898   Cd122
  48 123   6  15    12.78617    -0.50268   6  15     6.77170     0.03787   Cd123
