  58 125   7  21    16.24775    -0.04588   6  15     8.80962     0.12803   Ce125
  58 126   7  21    16.76413     0.55237   6  23     9.40462     1.15446   Ce126
  58 128   7  22    16.98943     0.15277   6  15     9.24402     0.35161   Ce128
  58 129   7  22    17.54146     0.06434   7  21     9.71119     0.39651   Ce129
  58 130   7  21    17.74291     0.45178   6  15     9.63499     0.60037   Ce130
  58 131   7  22    16.88892    -0.54803   6  21     9.30838    -0.22988   Ce131
  58 132   7  22    17.19528    -0.00275   7  22     9.47476     0.34510   Ce132
  58 133   6  21    17.61736    -0.03125   2  18     9.53123     0.07287   Ce133
  58 134   7  22    17.39495     0.16346   7  22     9.57623     0.52962   Ce134
  58 136   6  15    17.32506     0.39577   0   0     0.00000     0.00000   Ce136
  58 138   7  22    16.61498     0.49183   0   0     0.00000     0.00000   Ce138
  58 144   6  22    18.34308     0.12873   7  22    10.10160     0.51168   Ce144
  58 145   7  22    19.20214     0.02401   7  22    10.54576     0.34579   Ce145
  58 146   7  21    19.12531    -0.13151   7  21    10.51850     0.17711   Ce146
  58 147   7  21    19.29751    -0.38682   7  22    10.67990    -0.04592   Ce147
  58 148   6  22    19.51239    -0.38207   7  22    10.79061    -0.06741   Ce148
  58 149   7  21    20.05037    -0.39251   7  22    11.09576    -0.07706   Ce149
  58 150   2  20    21.45672     0.07084   7  21    12.75142     0.78966   Ce150
