  27  55   7  36     4.41155    -2.53845   7  36     2.27668    -1.48133   Co055
  27  56   6  15     4.93384    -0.17047   6  15     2.56488     1.02431   Co056
  27  57   4  16     5.08655    -1.62976   4  16     2.64326    -0.68599   Co057
  27  58   7  36     5.40689    -1.40356   7  36     2.81458    -0.54445   Co058
  27  59   6  20     6.49742    -0.15949   6  22     3.42707     0.51455   Co059
  27  60   6  15     7.04192     0.28449   6  36     3.71876     0.75943   Co060
  27  61   4  34     7.51491    -0.05304   5  54     4.05890     0.63756   Co061
  27  62   7  21     8.82078     1.05779   6  22     4.80666     1.60441   Co062
  27  63   6  22     9.42151     1.10225   6  23     5.14223     1.58233   Co063
  27  65   6  15    10.85966     1.36575   6  19     6.06933     1.85532   Co065
