  55 121   6  15    16.70943     0.97496   0   0     0.00000     0.00000   Cs121
  55 122   6  15    16.14781    -0.12795   7  22     9.09473     0.39926   Cs122
  55 123   6  15    15.93014    -0.38774   6  21     8.74140    -0.05498   Cs123
  55 124   6  23    15.74142     0.06039   2  26     8.61663     0.63371   Cs124
  55 125   6  23    17.36472     1.20308   0   0     0.00000     0.00000   Cs125
  55 126   6  15    16.42525     0.49167   6  15     8.91949     0.95882   Cs126
  55 127   6  15    15.40399    -0.20546   7  22     8.37893     0.34976   Cs127
  55 129   6  22    15.34443    -0.15410   6  22     8.18973     0.25520   Cs129
  55 130   6  15    16.22828     0.62572   6  22     8.84475     1.14814   Cs130
  55 131   6  22    14.88731    -0.17769   7  22     7.90609     0.26997   Cs131
  55 132   2  20    14.82302     0.03417   6  20     8.12473     0.61437   Cs132
  55 133   6  15    14.37625    -0.07629   7  22     7.55633     0.54317   Cs133
  55 134   2  48    13.62294    -0.23560   7  22     7.26512     0.31860   Cs134
  55 137   6  15    12.16500     0.65107   6  15     5.93125     0.95732   Cs137
  55 138   6  22    13.37464     0.71802   6  23     6.86477     1.33100   Cs138
  55 139   7  21    12.71638    -0.27703   7  22     6.57493     0.41448   Cs139
  55 140   6  22    15.12796     0.70124   6  15     7.43190     0.90278   Cs140
  55 141   7  22    14.31354    -0.24065   7  22     7.42153     0.25885   Cs141
  55 142   2  20    16.63675     0.59674   6  15     9.13725     1.19347   Cs142
  55 143   6  15    17.10610     0.38390   6  15     9.90915     0.73673   Cs143
