  68 151   6  23    17.37853     1.27277   6  15     9.05893     1.68420   Er151
  68 156   7  22    18.53838    -0.18456   7  22     9.89578     0.17919   Er156
  68 157   6  18    19.55867    -0.16915   6  18    10.47529     0.15609   Er157
  68 158   6  22    19.04197    -0.37769   7  29    10.23298    -0.00025   Er158
  68 159   7  22    19.57402    -0.34960   7  22    10.51745    -0.00294   Er159
  68 160   7  22    19.54858    -0.28239   7  22    10.47139     0.04310   Er160
  68 161   7  29    19.37115    -0.47869   7  26    10.33910    -0.16907   Er161
  68 162   7  22    19.48329    -0.33274   7  26    10.39574    -0.01774   Er162
  68 163   7  29    20.28438    -0.47867   7  26    10.74588    -0.16334   Er163
  68 164   6  22    19.25236    -0.38788   7  36    10.33061     0.01888   Er164
  68 165   6  22    18.84485    -0.58602   6  22     9.78917    -0.21849   Er165
  68 166   7  22    19.24866    -0.24428   7  29    10.21411     0.10430   Er166
  68 167   6  22    18.71612    -0.40781   7  36     9.71426    -0.02377   Er167
  68 168   6  22    17.90305    -0.61462   0   0     0.00000     0.00000   Er168
  68 169   7  29    18.25809    -0.35176   6  22     9.33265     0.03907   Er169
  68 170   6  22    18.54456    -0.51876   7  26     9.69837    -0.19846   Er170
  68 171   6  22    18.21745    -0.42758   6  22     9.35943    -0.00108   Er171
  68 172   7  22    18.80032    -0.41651   7  22     9.90347    -0.01513   Er172
