  68 156   7  22    19.99694    -0.11202   7  22    10.99233     0.21250   Er156
  68 157   6  18    21.38432    -0.09169   7  18    11.89174     0.23609   Er157
  68 158   6  21    20.58364    -0.30619   7  22    11.36403     0.00613   Er158
  68 159   6  21    21.22466    -0.33772   6  21    11.76117    -0.03037   Er159
  68 160   7  22    21.16025    -0.21571   6  21    11.62041     0.03142   Er160
  68 161   7  22    21.05746    -0.44784   7  26    11.68870    -0.10482   Er161
  68 162   7  22    21.13357    -0.26063   7  26    11.62528     0.02520   Er162
  68 163   7  26    22.17082    -0.39551   7  27    12.14853    -0.10362   Er163
  68 164   6  21    20.89290    -0.31328   7  26    11.55474     0.04834   Er164
  68 165   6  21    20.71296    -0.48579   4  16    11.13135    -0.16990   Er165
  68 166   7  22    20.93532    -0.17262   7  22    11.46851     0.13745   Er166
  68 167   6  21    20.65935    -0.29730   7  36    11.12342     0.04428   Er167
  68 168   7  22    19.61243    -0.49592   7  26    10.43588    -0.12005   Er168
  68 169   7  22    20.27116    -0.23432   7  22    10.79346     0.12001   Er169
  68 170   2  18    20.16394    -0.53353   6  38    11.04749    -0.16901   Er170
  68 171   6  21    20.27313    -0.30963   7  22    10.84623     0.06970   Er171
  68 172   6  21    20.58343    -0.37464   6  21    11.22844    -0.03056   Er172
