  63 139   6  15    16.83477    -0.60368   7  22     9.37615    -0.00195   Eu139
  63 140   7  21    19.32962     1.14897   0   0     0.00000     0.00000   Eu140
  63 141   7  22    18.72938     0.19224   7  22    10.40501     0.52847   Eu141
  63 142   2  20    18.67368     0.77781   6  15     9.02762     0.92430   Eu142
  63 143   7  22    17.88231     0.49778   6  15     9.61256     0.68213   Eu143
  63 145   6  15    17.29789     0.81999   0   0     0.00000     0.00000   Eu145
  63 146   6  15    18.15709     0.65991   0   0     0.00000     0.00000   Eu146
  63 147   6  15    18.45481     0.28066   7  22    10.15966     0.70008   Eu147
  63 149   6  21    19.47302    -0.05314   6  21    10.78612     0.30631   Eu149
  63 151   6  21    20.16870    -0.46114   4  16    11.19215    -0.15698   Eu151
  63 152   5  43    22.98460     0.01925   5  43    12.71055     0.35673   Eu152
  63 153   6  15    19.51613    -0.39865   7  29    10.33005    -0.08540   Eu153
  63 154   6  36    22.13171     0.09113   4  37    12.13686     0.46191   Eu154
  63 155   7  22    19.93499    -0.18505   7  22    10.60498     0.14479   Eu155
  63 156   7  21    20.52522     0.27086   2  26    10.99230     0.70387   Eu156
  63 157   7  22    21.54390     0.20785   7  22    11.92942     0.52061   Eu157
