  26  52   2  25     4.96932    -0.62975   0   0     0.00000     0.00000   Fe052
  26  53   4  16     4.70607    -1.38747   4  16     2.43782    -0.36514   Fe053
  26  54   6  15     4.68659    -1.87623   7  26     2.42452    -0.91011   Fe054
  26  55   7  36     4.96417    -1.60903   7  22     2.72200    -0.72752   Fe055
  26  56   7  36     5.25330    -1.53986   6  38     2.70099    -0.85672   Fe056
  26  57   4  37     5.88079    -0.92127   7  36     3.26701    -0.04415   Fe057
  26  58   6  22     5.93910    -1.23334   4  37     3.23296    -0.37924   Fe058
  26  59   6  17     7.13371    -0.39961   7  22     4.01257     0.25785   Fe059
  26  60   6  15     7.87287     0.05137   7  29     4.04927     0.12800   Fe060
  26  61   6  15     8.62459     0.18614   6  15     5.05219     1.30961   Fe061
  26  62   6  15     9.26894     0.36143   6  15     5.41850     1.42216   Fe062
