  64 138   6  15    17.54222     1.20481   0   0     0.00000     0.00000   Gd138
  64 139   0   0     0.00000     0.00000   6  15     9.78164     1.69321   Gd139
  64 141   2  20    16.32736    -0.04580   0   0     0.00000     0.00000   Gd141
  64 142   7  21    17.36239     0.94216   0   0     0.00000     0.00000   Gd142
  64 144   6  15    16.79965     0.96340   6  15     8.94547     1.53362   Gd144
  64 145   6  23    17.43592     1.44142   6  15     9.11199     1.78139   Gd145
  64 146   2  20    15.91614     1.03033   7  27     8.35565     1.58099   Gd146
  64 147   6  15    16.63255     0.69758   2  20     8.65848     1.12441   Gd147
  64 148   6  15    17.41656     0.62612   6  15     9.14472     0.99570   Gd148
  64 149   6  15    18.17335     0.45194   6  15     9.64716     0.84810   Gd149
  64 150   6  22    18.37227     0.20624   7  22     9.82546     0.59156   Gd150
  64 151   7  22    18.53589    -0.19201   7  22     9.95961     0.19555   Gd151
  64 152   7  22    18.80828    -0.26741   7  29    10.07445     0.06682   Gd152
  64 153   7  36    20.03965    -0.68101   6  38    10.63932    -0.40314   Gd153
  64 155   7  29    19.69093    -0.62951   7  26    10.39700    -0.30887   Gd155
  64 156   2  25    18.75607    -0.52863   6  22     9.75530    -0.21543   Gd156
  64 157   7  29    18.99231    -0.48345   6  22     9.89323    -0.15069   Gd157
  64 158   6  22    18.11206    -0.63695   7  29     9.41011    -0.22857   Gd158
  64 159   6  22    18.58992    -0.35645   7  29     9.65938     0.07055   Gd159
  64 160   7  29    18.05227    -0.65636   7  29     9.59848    -0.26843   Gd160
  64 161   6  15    18.27715    -0.24281   6  22     9.41515     0.20157   Gd161
  64 162   6  21    21.82483     0.77415   0   0     0.00000     0.00000   Gd162
