  64 138   6  15    18.11123     0.97157   6  15     9.86917     1.34507   Gd138
  64 140   0   0     0.00000     0.00000   6  15     9.95689     1.10294   Gd140
  64 141   2  20    17.77213     0.03498   7  21    10.01947     0.67536   Gd141
  64 142   6  15    18.40221     0.73954   6  15    10.04231     1.06924   Gd142
  64 144   6  15    17.94930     0.80176   0   0     0.00000     0.00000   Gd144
  64 148   6  22    18.83582     0.63316   0   0     0.00000     0.00000   Gd148
  64 149   6  15    20.07617     0.53846   0   0     0.00000     0.00000   Gd149
  64 150   7  22    20.02028     0.29813   7  22    11.03317     0.61981   Gd150
  64 151   7  22    20.50367    -0.07701   7  22    11.40032     0.26014   Gd151
  64 152   7  22    20.39919    -0.19763   4  16    11.10664    -0.03879   Gd152
  64 153   7  26    21.95672    -0.60642   6  38    12.11430    -0.32187   Gd153
  64 154   7  29    18.66904    -0.56906   6  22     9.66073    -0.32429   Gd154
  64 155   7  26    21.68467    -0.50869   7  27    11.82091    -0.24260   Gd155
  64 156   7  22    20.44000    -0.44732   4  16    11.02618    -0.13900   Gd156
  64 157   6  21    20.96870    -0.36646   4  16    11.27757    -0.10477   Gd157
  64 158   2  25    19.80077    -0.56449   4  16    10.57903    -0.25783   Gd158
  64 159   7  22    20.65970    -0.22947   7  22    11.05087     0.08157   Gd159
  64 160   7  53    19.93465    -0.52224   7  27    10.92372    -0.21734   Gd160
  64 161   7  22    20.53427    -0.07015   7  22    10.94477     0.27281   Gd161
