  72 162   0   0     0.00000     0.00000   6  15    10.98735     1.71111   Hf162
  72 163   6  23    22.49436     1.27714   0   0     0.00000     0.00000   Hf163
  72 165   6  15    22.76491     1.04133   6  15    12.41749     1.44172   Hf165
  72 166   7  21    20.45349     0.22949   0   0     0.00000     0.00000   Hf166
  72 167   6  15    21.66123     0.42928   0   0     0.00000     0.00000   Hf167
  72 168   7  22    20.05367    -0.16560   7  22    10.68814     0.15974   Hf168
  72 169   7  21    20.26049    -0.23895   7  22    10.85023     0.11738   Hf169
  72 170   7  22    19.94247    -0.27793   7  22    10.63850     0.07545   Hf170
  72 171   7  22    22.60605    -0.27694   7  22    12.62764     0.02282   Hf171
  72 172   7  22    19.86784    -0.33605   7  26    10.52279    -0.02592   Hf172
  72 173   7  22    20.03069    -0.22195   7  22    10.65711     0.15540   Hf173
  72 174   4  37    19.74681    -0.37664   7  29    10.54346     0.03043   Hf174
  72 175   7  21    19.58871    -0.36800   6  22    10.15855    -0.00405   Hf175
  72 176   6  22    19.44825    -0.49106   7  26    10.34700    -0.06540   Hf176
  72 177   6  22    19.58208    -0.34557   6  22    10.19245     0.05804   Hf177
  72 178   6  22    19.46297    -0.48946   6  22    10.08990    -0.09825   Hf178
  72 179   6  22    19.25252    -0.32224   6  22     9.92825     0.09828   Hf179
  72 180   7  29    18.42808    -0.63137   0   0     0.00000     0.00000   Hf180
  72 181   6  15    19.97012    -0.10945   6  22    10.35477     0.31202   Hf181
  72 182   7  22    21.08275     0.07250   7  21    11.22884     0.36780   Hf182
