  53 116   6  15    15.90841     0.45867   6  15     8.90059     0.93828   I116
  53 117   6  15    15.31959    -0.30388   6  15     8.65307    -0.00989   I117
  53 119   7  22    16.34572     0.15140   6  15     8.86406     0.23513   I119
  53 120   7  22    17.98584     0.46590   0   0     0.00000     0.00000   I120
  53 121   7  22    16.53356     0.02632   7  22     9.15018     0.35811   I121
  53 122   7  22    17.12233     0.21586   7  22     9.61637     0.64670   I122
  53 123   7  22    16.89292     0.19939   7  22     9.35942     0.54502   I123
  53 124   4  37    16.85422     0.07015   4  37     9.43910     0.50853   I124
  53 125   7  22    16.63264     0.15130   7  22     9.18483     0.50543   I125
  53 126   4  37    16.51991     0.07017   4  37     9.21275     0.52248   I126
  53 127   7  22    16.04650     0.04229   7  22     8.82670     0.44082   I127
  53 128   7  26    15.85062    -0.09666   7  26     8.80141     0.37089   I128
  53 129   7  22    15.54825     0.21380   7  22     8.49436     0.65326   I129
  53 130   7  22    15.32847    -0.24937   0   0     0.00000     0.00000   I130
  53 131   7  22    13.98845     0.08602   7  22     7.54817     0.63256   I131
  53 133   6  21    12.20761    -0.21299   7  26     6.47669     0.41473   I133
  53 135   6  15    10.85805     0.41083   0   0     0.00000     0.00000   I135
