  53 116   6  22    15.39128     0.98016   6  22     8.32994     1.46382   I116
  53 117   6  22    14.20827    -0.28266   6  22     7.60051     0.11901   I117
  53 119   6  22    15.01636     0.00931   7  22     8.09899     0.44999   I119
  53 120   6  22    16.43426     0.31745   6  22     9.16925     0.78019   I120
  53 121   6  22    15.20198    -0.09966   7  22     8.19211     0.31687   I121
  53 122   6  22    15.55893     0.02059   7  22     8.49978     0.55340   I122
  53 123   6  15    15.39661     0.02163   7  22     8.33344     0.50409   I123
  53 124   6  15    15.53006     0.05108   4  37     8.29817     0.39504   I124
  53 125   6  22    15.21763     0.02562   7  22     8.16575     0.46361   I125
  53 126   4  34    14.98461    -0.08960   4  34     8.06835     0.41650   I126
  53 127   6  22    14.64124    -0.08157   7  22     7.80012     0.38315   I127
  53 128   7  29    14.31713    -0.27253   7  29     7.66607     0.25616   I128
  53 129   6  15    14.13334     0.10956   7  22     7.44103     0.59657   I129
  53 130   7  22    13.83882    -0.45138   7  26     7.63272     0.22325   I130
  53 131   6  22    12.89763     0.00477   6  22     6.68904     0.59343   I131
  53 133   6  22    10.93411    -0.48958   6  22     5.60889     0.32058   I133
  53 135   6  15     9.65482     0.16352   6  15     4.77154     1.63106   I135
