  49 102   6  21     7.63589     0.08058   2  20     3.69248     0.83557   In102
  49 103   4  16     8.32921    -0.38811   4  16     4.23567     0.62021   In103
  49 104   6  22     9.76013     0.81522   7  21     4.89721     1.32433   In104
  49 105   6  15     9.87988    -0.09870   6  22     5.16556     0.74624   In105
  49 106   7  22    11.22225     0.73687   0   0     0.00000     0.00000   In106
  49 107   2  20    10.91557     0.00293   5  17     5.58395     0.74544   In107
  49 108   6  36    12.20192     0.45438   6  36     6.50177     1.07543   In108
  49 109   6  36    12.64298     0.33716   6  15     6.69220     0.80127   In109
  49 110   6  23    11.79333     0.30739   6  36     5.97563     0.97140   In110
  49 111   6  15    13.77478     0.43589   6  15     7.39362     0.91633   In111
  49 112   6  23    12.40441     0.15964   0   0     0.00000     0.00000   In112
  49 113   7  22    15.65304     0.45400   7  22     8.75409     0.86682   In113
  49 114   2  44    14.87268     0.66486   2  44     7.83428     1.16566   In114
  49 115   6  15    16.33894     0.44559   7  22     9.24732     0.87356   In115
  49 116   6  15    15.37016     0.33031   6  36     8.36755     1.01939   In116
  49 117   6  15    16.61125     0.40811   7  22     9.48135     0.91169   In117
  49 118   6  18    17.60097     1.32787   6  18     9.58265     1.69913   In118
  49 119   6  15    15.30012     0.35314   6  15     8.24169     0.76969   In119
  49 121   6  15    15.05609     0.44236   6  15     8.06398     0.87553   In121
  49 125   5  38    10.94661     0.43816   0   0     0.00000     0.00000   In125
