  49 102   6  21     8.42714     0.36602   0   0     0.00000     0.00000   In102
  49 103   4  16     8.99210    -0.17105   4  16     4.74917     0.74480   In103
  49 104   6  21    10.36627     0.61564   0   0     0.00000     0.00000   In104
  49 105   7  22    10.80686     0.19458   7  22     5.84368     0.91027   In105
  49 106   6  15    11.94861     0.59243   7  22     5.50802     1.35307   In106
  49 107   2  20    11.59184     0.11047   6  22     6.15631     0.81335   In107
  49 108   7  22    13.32595     0.63009   0   0     0.00000     0.00000   In108
  49 109   7  33    13.42990     0.45311   6  15     7.29332     0.87576   In109
  49 110   6  36    12.94977     0.48374   6  36     6.84337     1.08076   In110
  49 111   6  15    14.57335     0.50682   6  15     8.09125     0.95475   In111
  49 112   6  23    13.65013     0.35629   5  17     7.34375     1.01962   In112
  49 114   6  15    15.75410     0.51048   2  20     8.77978     1.14863   In114
  49 116   7  22    17.17196     0.67319   6  15     9.23455     0.88535   In116
  49 119   6  15    16.83448     0.45736   0   0     0.00000     0.00000   In119
  49 121   6  15    16.62482     0.54805   0   0     0.00000     0.00000   In121
  49 125   6  23    12.21856     0.52090   6  36     6.23269     1.33636   In125
