  36  74   6  22     9.56907     0.19680   7  22     5.15861     0.74637   Kr074
  36  75   7  22     9.66915    -0.51095   4  16     5.10871    -0.32152   Kr075
  36  76   7  22     9.93286    -0.33994   7  22     5.31729     0.03045   Kr076
  36  77   7  26    10.10280    -0.77206   7  26     5.43112    -0.40679   Kr077
  36  78   7  22    10.39554    -0.36789   7  26     5.59350     0.02227   Kr078
  36  79   7  36    10.91666    -0.69937   4  16     5.90386    -0.30235   Kr079
  36  80   6  22    11.41237     0.46650   6  22     6.18657     0.87335   Kr080
  36  81   7  22    11.56009    -0.43902   4  16     6.24749    -0.19145   Kr081
  36  82   6  22    10.93595    -0.01310   6  22     5.87726     0.37007   Kr082
  36  84   6  23     9.07625    -0.10960   0   0     0.00000     0.00000   Kr084
  36  85   6  23     9.96840     0.25322   6  23     5.30773     0.84557   Kr085
  36  86   7  27    10.45801     1.08367   6  23     5.63330     1.61962   Kr086
  36  87   6  23     9.59595     0.44715   6  23     5.10428     1.16029   Kr087
  36  88   6  22    10.74472     0.15106   6  22     5.73859     0.65546   Kr088
  36  89   6  22    12.37437     0.83741   6  22     6.63545     1.23874   Kr089
  36  90   6  22    11.75946     0.11269   6  22     6.30013     0.52557   Kr090
  36  92   6  22    13.01350     0.10123   6  15     6.72451     0.21940   Kr092
