  36  74   7  22    10.61706     0.46441   6  15     5.66119     0.25581   Kr074
  36  75   2  18    10.61385    -0.53745   4  16     5.91689    -0.19548   Kr075
  36  76   7  22    10.88768    -0.19421   7  22     6.04173     0.12394   Kr076
  36  77   7  26    11.30920    -0.55040   7  22     6.32305    -0.24147   Kr077
  36  78   7  22    11.40802    -0.22201   4  16     6.23864    -0.12915   Kr078
  36  79   4  16    12.30214    -0.43979   4  16     6.84920    -0.20885   Kr079
  36  80   6  15    12.54196     0.50039   6  15     7.02394     0.79969   Kr080
  36  81   4  16    12.90280    -0.30853   4  16     7.28582    -0.06020   Kr081
  36  82   7  22    11.97436     0.12620   7  22     6.69364     0.47322   Kr082
  36  84   6  22     9.99208     0.08178   6  22     5.25433     0.61420   Kr084
  36  85   6  15    11.50044     0.51880   6  15     6.40248     0.97810   Kr085
  36  92   7  21    15.07861     0.32449   0   0     0.00000     0.00000   Kr092
