  57 127   6  15    16.16365    -0.63971   7  22     9.06322    -0.06007   La127
  57 128   6  15    18.72923     0.96636   0   0     0.00000     0.00000   La128
  57 129   6  22    16.67845    -0.31830   6  21     9.18166     0.00962   La129
  57 130   6  15    18.38486     0.53983   6  15    10.30786     0.96951   La130
  57 131   6  21    17.08479    -0.15580   6  21     9.40834     0.18024   La131
  57 132   7  22    18.36761     0.55777   7  22    10.28659     0.99877   La132
  57 133   7  22    17.18972     0.02431   7  22     9.46888     0.39492   La133
  57 134   7  22    17.84431     0.55111   7  22     9.89580     0.96993   La134
  57 135   7  22    16.95402     0.24285   7  22     9.28601     0.63553   La135
  57 136   6  21    16.05373    -0.09259   7  22     8.78837     0.36302   La136
  57 137   7  22    16.42327     0.48909   7  22     8.91340     0.90806   La137
  57 138   7  22    15.81074     0.67881   0   0     0.00000     0.00000   La138
  57 139   6  36    13.32270     0.13391   4  34     7.26120     0.84349   La139
  57 140   7  22    15.58751     0.39421   0   0     0.00000     0.00000   La140
  57 142   0   0     0.00000     0.00000   6  15     9.33120     1.13256   La142
  57 143   7  22    18.30830     0.26107   7  22     9.96896     0.57260   La143
  57 145   6  22    18.70061    -0.11071   7  22    10.35226     0.26362   La145
  57 147   7  22    18.49868    -0.66237   7  22    10.21828    -0.32293   La147
