  71 163   6  22    19.63174    -0.27284   6  22    10.51927     0.07419   Lu163
  71 168   6  22    21.59604     0.36041   6  22    11.83013     0.81429   Lu168
  71 169   7  22    19.18587    -0.47761   7  29    10.58264    -0.02699   Lu169
  71 170   6  15    21.13531     0.32272   6  22    11.38174     0.72596   Lu170
  71 171   7  22    19.70358    -0.40973   7  26    10.53647    -0.01122   Lu171
  71 172   6  22    18.30045    -0.05939   0   0     0.00000     0.00000   Lu172
  71 173   6  22    19.55468    -0.38628   7  26    10.42172     0.02228   Lu173
  71 174   6  23    18.36190     0.14286   0   0     0.00000     0.00000   Lu174
  71 175   7  22    19.57362    -0.30100   2  18    10.27916     0.00455   Lu175
  71 176   5  17    19.49268     0.29084   5  38    10.12055     0.82029   Lu176
  71 177   6  22    19.57768    -0.19016   6  22     9.99365     0.21256   Lu177
  71 178   6  15    21.71466     0.50636   6  15    11.78930     0.95336   Lu178
  71 179   6  23    21.87028     0.53471   6  23    11.57901     0.87967   Lu179
