  71 163   7  22    21.19704    -0.17505   7  22    11.66936     0.13493   Lu163
  71 168   6  22    23.33021     0.44569   7  22    13.17871     0.88331   Lu168
  71 169   7  22    20.50434    -0.40955   7  22    11.56920    -0.05194   Lu169
  71 170   7  22    22.69080     0.32981   6  22    12.68278     0.76436   Lu170
  71 171   7  22    21.37190    -0.32673   4  16    11.61311    -0.10403   Lu171
  71 172   6  15    20.12802     0.12956   6  22    10.66430     0.54222   Lu172
  71 173   6  21    21.06607    -0.33438   6  21    11.54931     0.01753   Lu173
  71 174   5  54    19.96739     0.20292   6  15    10.74512     0.79312   Lu174
  71 175   7  22    21.36206    -0.20470   7  22    11.71154     0.16105   Lu175
  71 176   6  36    21.39136     0.41927   7  21    11.39907     0.82266   Lu176
  71 177   7  21    21.09578    -0.07562   7  22    11.15439     0.28730   Lu177
  71 179   6  15    23.57579     0.46771   0   0     0.00000     0.00000   Lu179
