  42  88   6  22    10.15079     0.40554   6  22     5.38518     0.97765   Mo088
  42  90   6  20     9.36455    -0.43772   7  22     4.95910     0.27947   Mo090
  42  91   6  22     9.48820     0.12168   0   0     0.00000     0.00000   Mo091
  42  92   6  36     8.88273    -0.01481   6  36     4.63742     0.77478   Mo092
  42  93   7  29     8.83318    -0.49914   7  29     4.78404     0.36221   Mo093
  42  94   7  29     9.71337    -0.52968   7  29     5.10506     0.08856   Mo094
  42  95   6  22    10.73498    -0.18776   6  22     5.77944     0.35013   Mo095
  42  96   6  15    11.75836    -0.04171   6  22     6.24714     0.33798   Mo096
  42  97   2  25    11.35664    -0.61532   6  22     6.00102    -0.16527   Mo097
  42  98   2  48    12.62646    -0.26994   4  37     6.71889     0.16398   Mo098
  42  99   6  20    12.93098    -0.53949   6  22     6.86109    -0.15067   Mo099
  42 100   6  22    13.80826    -0.16094   7  22     7.48678     0.18686   Mo100
  42 101   7  22    14.41324    -0.69909   7  26     7.74445    -0.37685   Mo101
  42 102   7  22    14.53758    -0.23950   7  22     7.87291     0.04995   Mo102
  42 103   6  15    14.36672    -0.51526   6  15     7.77224    -0.19602   Mo103
  42 104   7  22    14.54490    -0.50578   7  22     7.87519    -0.20767   Mo104
  42 105   7  21    14.85972    -0.41550   7  22     8.05221    -0.08216   Mo105
  42 106   6  22    14.96903    -0.44413   7  22     8.13523    -0.11356   Mo106
  42 107   6  22    16.55886     0.14947   7  22     9.16811     0.53693   Mo107
