  42  88   7  22    11.09232     0.61048   6  15     5.97665     0.81126   Mo088
  42  90   7  22    10.23622    -0.16149   7  22     5.60036     0.42594   Mo090
  42  91   7  22    10.73426     0.44411   0   0     0.00000     0.00000   Mo091
  42  92   6  36     9.71112     0.20496   6  36     5.26711     0.90638   Mo092
  42  93   7  26    10.39183     0.10229   0   0     0.00000     0.00000   Mo093
  42  94   7  22    10.97824    -0.20321   7  26     5.98101     0.24582   Mo094
  42  95   7  26    12.19584     0.03018   0   0     0.00000     0.00000   Mo095
  42  96   7  22    13.00700     0.06029   7  22     7.23574     0.43532   Mo096
  42  97   4  16    12.91710    -0.37528   2  18     7.07648    -0.06568   Mo097
  42  98   4  37    14.10910    -0.06634   7  26     7.81810     0.30836   Mo098
  42  99   7  22    14.81181    -0.27648   4  16     8.16990     0.00428   Mo099
  42 100   7  22    15.41206    -0.02664   7  26     8.63366     0.22408   Mo100
  42 101   2  18    16.28810    -0.53929   7  22     9.06838    -0.31395   Mo101
  42 102   7  22    16.16791    -0.12423   7  22     9.08876     0.11787   Mo102
  42 103   7  22    16.86603    -0.06485   7  22     9.56343     0.20763   Mo103
  42 104   6  21    16.07354    -0.45610   6  21     9.04184    -0.20687   Mo104
  42 105   7  22    16.89544    -0.24238   6  21     9.47510    -0.02893   Mo105
  42 106   6  22    16.67212    -0.32700   7  22     9.42929    -0.04677   Mo106
  42 107   0   0     0.00000     0.00000   7  21    10.91166     0.58334   Mo107
  42 108   0   0     0.00000     0.00000   6  22    10.99798     0.63027   Mo108
