  41  84   7  22    11.21189     0.69104   7  22     6.24593     1.26347   Nb084
  41  87   6  15    11.47915     0.49424   6  20     6.50653     1.35430   Nb087
  41  89   6  15    11.16698     0.49519   6  15     6.01387     0.96151   Nb089
  41  90   6  23    11.02725     0.76819   0   0     0.00000     0.00000   Nb090
  41  91   7  22     9.99420     0.21123   7  22     5.41714     0.88117   Nb091
  41  93   7  36    10.72901    -0.39826   7  53     5.65347     0.14784   Nb093
  41  94   6  36    12.20543     0.50432   7  22     6.81453     1.15456   Nb094
  41  95   7  22    12.75028     0.08766   7  22     7.11517     0.50578   Nb095
  41 101   6  22    16.39062    -0.20802   6  22     9.26926     0.04685   Nb101
  41 103   6  22    16.62224    -0.14665   6  22     9.42237     0.12668   Nb103
