  60 128   0   0     0.00000     0.00000   7  21     8.46405     1.68566   Nd128
  60 130   6  15    17.10693     0.70381   6  15     9.41247     1.08580   Nd130
  60 131   6  21    16.52629    -0.46150   6  21     9.10246    -0.09191   Nd131
  60 132   6  15    17.71001     0.50874   6  15     9.74361     0.84278   Nd132
  60 134   7  21    17.79465     0.34939   7  21     9.80096     0.69506   Nd134
  60 135   6  21    17.64149    -0.17002   7  22     9.80192     0.24780   Nd135
  60 136   6  15    17.87094     0.41666   6  15     9.81950     0.76021   Nd136
  60 137   6  15    18.85552     0.68330   0   0     0.00000     0.00000   Nd137
  60 138   6  15    17.85961     0.42620   6  15     9.80623     0.78934   Nd138
  60 139   6  15    17.83259     0.32526   6  15     9.78816     0.69580   Nd139
  60 140   7  22    17.18131     0.43458   7  22     9.41835     0.88784   Nd140
  60 142   7  22    16.51527     0.68779   0   0     0.00000     0.00000   Nd142
  60 144   6  22    17.03368     0.23623   4  34     9.28633     0.74751   Nd144
  60 145   2  20    18.77196     0.23451   7  22    10.40871     0.69350   Nd145
  60 146   4  37    18.35501    -0.08363   7  22     9.93657     0.30637   Nd146
  60 147   7  22    20.13054    -0.01864   7  22    10.96313     0.29945   Nd147
  60 148   7  26    21.79002    -0.14661   0   0     0.00000     0.00000   Nd148
  60 149   4  16    21.16375    -0.48961   4  16    11.61115    -0.22563   Nd149
  60 150   7  29    19.83812    -0.48729   7  22    10.96138    -0.20080   Nd150
  60 151   7  22    20.85131    -0.27508   6  21    11.14895    -0.03483   Nd151
  60 152   7  22    20.54658    -0.13967   7  22    11.37216     0.16838   Nd152
