  60 130   6  15    15.90920     0.65353   0   0     0.00000     0.00000   Nd130
  60 131   6  22    15.12167    -0.56618   6  22     8.06967    -0.14497   Nd131
  60 132   7  21    17.19921     1.02007   6  22     9.23003     1.41434   Nd132
  60 133   7  22    17.55470    -0.54711   7  22     9.83995    -0.21056   Nd133
  60 134   6  22    16.47669     0.26226   6  22     8.81507     0.65977   Nd134
  60 135   7  22    16.25766    -0.17272   7  22     8.67677     0.20153   Nd135
  60 136   7  21    16.90829     0.55277   7  21     9.01932     0.94146   Nd136
  60 137   6  23    17.51333     0.78564   6  23     9.42981     1.22705   Nd137
  60 138   7  21    16.55160     0.47235   7  21     8.84804     0.93505   Nd138
  60 139   6  15    16.19467     0.22509   7  27     9.39288     1.41475   Nd139
  60 140   6  15    15.73069     0.34393   6  15     8.29415     0.80653   Nd140
  60 141   6  23    16.04286     0.78430   6  23     8.48617     1.31235   Nd141
  60 142   6  15    14.88218     0.48157   6  15     7.76443     1.01398   Nd142
  60 143   5  38    15.46766     0.65011   5  38     8.15274     1.24146   Nd143
  60 144   6  22    15.37230     0.09254   5  54     8.11227     0.72425   Nd144
  60 145   2  20    16.83375     0.16097   4  22     8.83369     0.58844   Nd145
  60 146   4  37    16.70638    -0.17958   7  21     8.70292     0.26001   Nd146
  60 147   6  22    17.93214    -0.14593   7  22     9.38757     0.23519   Nd147
  60 148   7  22    19.87174    -0.24086   7  26    10.72371     0.07014   Nd148
  60 149   7  22    19.09061    -0.55923   7  26    10.17957    -0.18977   Nd149
  60 150   7  29    18.07253    -0.58049   7  29     9.66139    -0.23725   Nd150
  60 151   6  22    18.62159    -0.41934   6  22     9.63076    -0.08759   Nd151
  60 152   7  22    18.62767    -0.23847   7  22     9.96458     0.12096   Nd152
  60 153   6  22    20.20395     0.42247   7  21    10.82152     0.76836   Nd153
  60 156   6  17    22.83919     0.95046   6  15    11.64516     0.99582   Nd156
