  76 171   6  15    22.83119     0.49884   6  15    12.59194     0.83666   Os171
  76 172   6  22    21.40142     0.05930   7  22    11.70666     0.40088   Os172
  76 174   7  21    21.84060     0.01938   0   0     0.00000     0.00000   Os174
  76 175   7  22    22.11762    -0.14423   7  22    12.11954     0.16837   Os175
  76 176   7  21    22.39629     0.11854   7  22    12.29763     0.46076   Os176
  76 177   7  22    22.64525    -0.00515   7  22    12.42197     0.31339   Os177
  76 178   7  22    23.00349     0.23757   7  21    12.59023     0.53288   Os178
  76 179   7  22    22.16910    -0.31009   7  22    12.16398     0.02616   Os179
  76 180   7  22    22.68197     0.04999   7  22    12.39742     0.35919   Os180
  76 182   7  22    22.42743    -0.02107   7  22    12.23197     0.30002   Os182
  76 184   7  21    21.99158    -0.03201   6  21    11.91045     0.27493   Os184
  76 185   7  22    21.58187    -0.33357   4  16    11.64679    -0.03606   Os185
  76 186   7  22    22.00727    -0.08762   7  22    11.90263     0.22871   Os186
  76 187   7  22    21.65303    -0.37041   7  26    11.75208    -0.01824   Os187
  76 188   7  22    21.92150    -0.13951   7  22    11.92113     0.17764   Os188
  76 189   7  22    22.02618    -0.29027   7  26    12.01785     0.06465   Os189
  76 190   7  22    21.77854    -0.19963   7  22    11.91871     0.14383   Os190
  76 191   7  26    21.22464    -0.47054   7  22    11.64516    -0.07708   Os191
  76 192   7  22    20.63287    -0.17891   7  22    11.00797     0.19425   Os192
  76 193   4  16    21.29692    -0.27025   4  16    11.72472     0.10568   Os193
  76 194   7  22    20.96718     0.11504   7  21    11.00337     0.40735   Os194
