  76 171   0   0     0.00000     0.00000   6  23    11.83744     1.24933   Os171
  76 172   6  22    19.92285     0.00417   6  22    10.57497     0.34773   Os172
  76 174   6  22    20.24479    -0.07235   7  22    10.81203     0.32278   Os174
  76 175   7  22    20.36432    -0.22321   6  22    10.79075     0.09244   Os175
  76 176   6  22    20.75756     0.04145   6  22    11.07464     0.40829   Os176
  76 177   7  22    20.82074    -0.08346   6  22    11.04077     0.24281   Os177
  76 178   6  22    21.13929     0.11736   0   0     0.00000     0.00000   Os178
  76 179   7  22    20.33906    -0.39965   7  22    10.82495    -0.02096   Os179
  76 180   6  15    20.65540    -0.17128   7  22    11.10595     0.32173   Os180
  76 181   6  21    22.81341    -0.30318   4  16    12.72888    -0.03065   Os181
  76 182   7  22    20.68195    -0.08808   7  22    10.95560     0.27610   Os182
  76 183   7  22    23.78265    -0.15368   0   0     0.00000     0.00000   Os183
  76 184   7  21    20.31731    -0.12124   7  22    10.78024     0.32007   Os184
  76 185   7  22    19.64280    -0.43324   7  26    10.32615    -0.02688   Os185
  76 186   7  22    20.18966    -0.15542   7  22    10.57817     0.20498   Os186
  76 187   6  22    19.58422    -0.50574   7  29    10.33367    -0.05283   Os187
  76 188   7  22    20.07100    -0.21163   6  22    10.53162     0.12010   Os188
  76 189   7  22    19.96234    -0.38355   7  29    10.54144     0.03883   Os189
  76 190   7  22    19.92692    -0.27737   7  22    10.56219     0.11482   Os190
  76 191   7  29    19.18571    -0.57356   7  22    10.13999    -0.13964   Os191
  76 192   6  15    18.76731    -0.34264   7  22     9.76958     0.16710   Os192
  76 193   7  21    19.90138    -0.09928   7  22    10.54962     0.29952   Os193
  76 194   6  22    18.87788    -0.02133   7  21     9.75451     0.36780   Os194
