  82 188   6  15    23.42660     0.33771   6  15    12.64805     0.63335   Pb188
  82 192   6  15    24.08306     0.88322   0   0     0.00000     0.00000   Pb192
  82 194   6  15    23.30800     0.82518   0   0     0.00000     0.00000   Pb194
  82 196   6  15    21.84737     0.56366   6  15    11.65059     0.94799   Pb196
  82 197   7  33    21.84921     0.62683   0   0     0.00000     0.00000   Pb197
  82 198   6  15    20.65710     0.58067   0   0     0.00000     0.00000   Pb198
  82 202   7  22    17.31938     0.12882   0   0     0.00000     0.00000   Pb202
  82 203   4  16    14.97445    -0.37410   4  16     7.39916     0.32174   Pb203
  82 204   7  22    14.50941    -0.32500   7  22     7.12207     0.41114   Pb204
  82 205   7  26    13.99810     0.09676   0   0     0.00000     0.00000   Pb205
  82 206   7  22    12.76924     0.05600   0   0     0.00000     0.00000   Pb206
  82 208   6  22    10.42422     0.89171   0   0     0.00000     0.00000   Pb208
