  46  95   0   0     0.00000     0.00000   2  20     3.73219     0.60190   Pd095
  46  97   6  15     7.04717    -1.21005   7  29     3.40234    -0.60144   Pd097
  46  98   7  36     7.93412    -1.02594   7  29     4.04264    -0.10072   Pd098
  46  99   7  29     8.85584    -0.49186   7  22     4.55688     0.30911   Pd099
  46 100   7  29     9.40114    -0.70158   7  29     4.88747     0.01633   Pd100
  46 101   7  22    10.05550    -0.65148   7  22     5.25593    -0.03067   Pd101
  46 102   7  22    10.84147    -0.41556   7  22     5.71544     0.15060   Pd102
  46 103   7  22    11.36056    -0.59138   7  26     6.03795    -0.04794   Pd103
  46 104   6  20    12.03015    -0.41204   7  29     6.36435    -0.01389   Pd104
  46 105   7  29    12.90488    -0.53475   7  29     6.87246    -0.13062   Pd105
  46 106   7  22    13.89256    -0.15788   7  22     7.43713     0.19974   Pd106
  46 107   7  22    14.59346    -0.34716   7  22     7.82579    -0.02288   Pd107
  46 108   6  22    14.46160    -0.09698   7  22     7.63700     0.25549   Pd108
  46 109   7  22    14.99451    -0.71742   4  16     7.82863    -0.64774   Pd109
  46 110   7  22    14.49770    -0.34963   7  26     7.81163    -0.01715   Pd110
  46 111   7  22    15.90473    -0.37399   7  22     8.49809    -0.09313   Pd111
  46 112   7  22    15.07856    -0.19464   7  22     8.09481     0.09899   Pd112
  46 113   6  15    15.02320    -0.53104   7  22     8.23728     0.01786   Pd113
  46 114   6  15    15.54815    -0.02324   6  22     8.51741     0.42106   Pd114
  46 116   6  15    15.45233    -0.10217   6  22     8.45236     0.36887   Pd116
  46 118   6  15    16.15719     0.32371   7  19     9.98894     1.48598   Pd118
