  61 133   6  15    15.93244    -0.29224   6  15     8.66213     0.11067   Pm133
  61 137   6  22    19.36539     1.74989   0   0     0.00000     0.00000   Pm137
  61 139   6  22    15.49413    -0.09528   7  22     8.08706     0.38788   Pm139
  61 140   6  23    15.84778     0.69515   5  17     8.10082     1.07603   Pm140
  61 141   6  22    16.12801     0.25333   6  22     8.56284     0.71304   Pm141
  61 142   6  22    16.51917     1.01194   6  22     8.76427     1.53095   Pm142
  61 143   6  15    15.60943     0.65493   6  15     8.19930     1.16251   Pm143
  61 144   6  23    16.98446     0.85452   6  23     9.04157     1.36276   Pm144
  61 145   6  15    16.40493    -0.02212   6  15     8.69473     0.41977   Pm145
  61 146   6  15    17.10937     0.00164   6  15     9.17204     0.47585   Pm146
  61 147   6  15    17.59350    -0.18503   6  22     9.44901     0.24828   Pm147
  61 148   2  20    19.37453     0.40776   6  22    10.16780     0.81015   Pm148
  61 149   6  22    18.53321    -0.41206   6  22     9.97018    -0.06671   Pm149
  61 150   6  22    20.57698     0.25686   6  15    11.27635     0.66090   Pm150
  61 151   6  22    18.89348    -0.41121   6  22    10.17951    -0.07231   Pm151
  61 153   6  22    18.81761    -0.27683   6  22    10.10796     0.08527   Pm153
  61 155   6  22    17.53293    -0.13718   0   0     0.00000     0.00000   Pm155
