  84 198   6  23    22.95642     1.17850   0   0     0.00000     0.00000   Po198
  84 200   7  21    20.52359     0.45536   7  21    10.66014     0.92090   Po200
  84 202   6  15    19.28403     0.41817   6  15     9.79814     0.86877   Po202
  84 203   6  15    18.50035     0.29098   7  33     9.58695     1.05780   Po203
  84 204   7  33    18.08489     0.47262   6  22     8.93131     0.87660   Po204
  84 205   6  22    16.94449     0.24690   6  22     8.31753     0.81516   Po205
  84 206   6  22    16.48355     0.36659   6  22     8.00404     0.94466   Po206
  84 207   6  22    15.32873     0.21154   6  22     7.25730     0.85703   Po207
  84 208   7  22    14.48019     0.05239   6  22     6.76319     0.72287   Po208
  84 209   6  23    14.06304     0.56061   6  22     6.35096     1.32369   Po209
  84 210   2  20    13.12350     0.12592   6  22     5.94266     1.05016   Po210
