  78 177   0   0     0.00000     0.00000   7  22    12.47200     0.41475   Pt177
  78 178   6  22    22.49591     0.18002   7  21    12.31129     0.50063   Pt178
  78 179   6  22    23.23717     0.20974   0   0     0.00000     0.00000   Pt179
  78 180   7  21    22.28684    -0.13971   7  22    12.17110     0.17584   Pt180
  78 181   7  22    22.28204    -0.34022   7  22    12.22096    -0.00324   Pt181
  78 182   7  21    22.47419    -0.16740   7  21    12.24928     0.12363   Pt182
  78 183   4  22    22.43795    -0.35105   6  22    12.30482    -0.01158   Pt183
  78 184   7  22    22.75175    -0.05114   7  22    12.39615     0.24424   Pt184
  78 185   6  22    22.49110    -0.28850   6  21    12.29822     0.04613   Pt185
  78 186   7  22    22.68944     0.02457   7  22    12.30467     0.31091   Pt186
  78 187   7  29    22.30947    -0.40278   7  26    12.13611    -0.08972   Pt187
  78 188   7  22    22.66447     0.05597   7  22    12.28958     0.37105   Pt188
  78 189   6  21    22.16247    -0.27905   6  21    12.02614     0.06154   Pt189
  78 190   7  22    22.01043    -0.02141   7  22    11.88394     0.32087   Pt190
  78 191   7  22    21.33948    -0.36607   7  26    11.51276     0.00286   Pt191
  78 192   7  22    21.26991    -0.03847   6  21    11.40833     0.33778   Pt192
  78 193   7  26    21.36273    -0.43551   7  26    11.85039    -0.04966   Pt193
  78 194   6  21    20.10376    -0.17991   6  21    10.69637     0.24244   Pt194
  78 195   7  22    20.04969    -0.41635   7  22    11.10825     0.01988   Pt195
  78 196   5  43    19.72418    -0.14888   0   0     0.00000     0.00000   Pt196
  78 197   7  22    18.07473    -0.44074   4  16     9.77139     0.00866   Pt197
  78 198   7  22    17.93142    -0.27063   7  22     9.30225     0.24109   Pt198
  78 199   4  16    19.23570    -0.20724   0   0     0.00000     0.00000   Pt199
  78 200   6  22    17.61427     0.13214   7  22     8.93441     0.63604   Pt200
