  88 221   7  21    24.44604    -0.12707   6  15    12.08590     0.03862   Ra221
  88 222   6  15    24.06297    -0.33617   7  22    12.65098     0.04996   Ra222
  88 223   6  22    24.17876    -0.41693   7  26    12.68617    -0.05859   Ra223
  88 224   7  22    25.27014    -0.29322   7  22    13.22820    -0.00441   Ra224
  88 225   7  22    24.91519    -0.50724   0   0     0.00000     0.00000   Ra225
  88 226   7  22    25.75502    -0.42136   7  22    13.53384    -0.14087   Ra226
  88 227   7  22    26.70988    -0.34572   0   0     0.00000     0.00000   Ra227
  88 228   7  22    26.39773    -0.46399   7  26    14.02167    -0.13668   Ra228
  88 229   6  15    29.52429     0.09964   7  22    16.05050     0.56542   Ra229
  88 230   7  22    27.97702    -0.18685   7  22    14.79130     0.07672   Ra230
  88 231   2  20    29.71956     0.12195   0   0     0.00000     0.00000   Ra231
