  88 221   7  22    26.53364    -0.01002   2  18    13.68267     0.01732   Ra221
  88 222   7  22    26.41093    -0.20038   6  21    14.15934     0.03805   Ra222
  88 223   7  22    26.66826    -0.31986   4  16    14.29194    -0.08231   Ra223
  88 224   7  22    27.56035    -0.23240   4  16    14.54876    -0.14923   Ra224
  88 225   7  22    27.42294    -0.42654   7  26    14.80023    -0.17752   Ra225
  88 226   7  22    28.08379    -0.35958   7  22    15.23878    -0.11138   Ra226
  88 227   7  22    29.42471    -0.27368   4  16    15.24372    -0.14839   Ra227
  88 228   7  22    28.73898    -0.40504   7  22    15.65856    -0.15324   Ra228
  88 229   6  22    33.01643     0.29521   7  22    18.33447     0.59096   Ra229
  88 230   7  21    30.20049    -0.18789   7  22    16.60558     0.10141   Ra230
  88 231   7  21    33.67201     0.31288   7  21    18.06952     0.50271   Ra231
