  37  77   6  20    11.23164     0.27934   4  16     6.06758     0.23393   Rb077
  37  78   7  22    11.44071     0.09477   7  22     6.41827     0.53141   Rb078
  37  79   7  22    11.31080    -0.60481   4  16     6.18257    -0.52711   Rb079
  37  80   2  20    12.42770     0.49631   6  15     6.95279     0.78626   Rb080
  37  81   4  16    12.13509    -0.60751   4  16     6.83935    -0.34975   Rb081
  37  82   0   0     0.00000     0.00000   7  22     7.20896     0.76429   Rb082
  37  83   7  22    12.09541    -0.21780   7  26     6.74446     0.12588   Rb083
  37  84   6  15    12.40234     0.33296   0   0     0.00000     0.00000   Rb084
  37  85   7  22    11.92672     0.32085   7  22     6.62900     0.70674   Rb085
  37  86   6  22    10.45282     0.83167   2  20     5.71486     1.46339   Rb086
  37  91   4  22    13.75921     0.35780   0   0     0.00000     0.00000   Rb091
