  75 169   6  15    20.96098     0.06882   7  21    11.69327     0.80766   Re169
  75 171   0   0     0.00000     0.00000   7  22    11.90994     0.26828   Re171
  75 173   6  20    22.81295     0.33867   6  20    12.48119     0.69676   Re173
  75 175   7  21    22.12048     0.07887   7  22    12.06691     0.42642   Re175
  75 177   7  22    22.60562     0.02492   7  22    12.40862     0.34752   Re177
  75 179   6  22    19.58608    -0.15886   6  22    10.16513     0.23701   Re179
  75 181   7  22    22.56884     0.10609   7  22    12.33794     0.44208   Re181
  75 183   7  22    21.75778     0.09370   7  22    11.88241     0.48468   Re183
  75 184   7  22    23.30601     0.53349   7  22    12.84049     0.95056   Re184
  75 185   7  22    22.54379     0.18450   7  22    12.31554     0.56026   Re185
  75 186   2  20    22.29435     0.33108   7  22    12.22366     0.83319   Re186
  75 187   6  22    22.09811    -0.09279   6  21    12.04025     0.29647   Re187
  75 188   6  22    23.00243     0.40688   7  22    12.59094     0.84226   Re188
  75 189   7  22    22.73750     0.11988   4  16    11.96798     0.20787   Re189
  75 191   7  22    22.29046     0.02782   7  22    11.96904     0.33257   Re191
