  45  93   0   0     0.00000     0.00000   6  15     4.83996     1.53362   Rh093
  45  95   6  15     8.67034     0.85194   0   0     0.00000     0.00000   Rh095
  45  96   6  15     7.60520    -1.43270   4  22     4.11872     0.36416   Rh096
  45  97   7  29     8.75675    -0.79347   7  22     4.54501    -0.00135   Rh097
  45  98   7  21    10.23412     0.39376   6  22     5.38571     1.11400   Rh098
  45 100   4  16    11.59713    -0.73702   4  16     5.47331    -0.50476   Rh100
  45 101   4  37    12.26049    -0.14765   7  29     6.66463     0.32596   Rh101
  45 102   7  22    13.66731    -0.06472   7  22     7.66194     0.39689   Rh102
  45 103   4  37    12.99834    -0.18298   2  18     7.01854     0.01070   Rh103
  45 104   7  21    14.40671     0.15845   6  15     7.81552     0.61801   Rh104
  45 105   7  22    14.21237    -0.41025   7  26     7.80404    -0.06325   Rh105
  45 107   7  22    14.43281    -0.33669   7  29     7.83862     0.03393   Rh107
  45 109   7  22    15.03922    -0.24971   7  22     8.16773     0.08481   Rh109
  45 111   6  22    15.17692    -0.34643   6  22     8.23887    -0.00960   Rh111
  45 113   6  22    15.61169    -0.15821   7  22     8.52351     0.22145   Rh113
  45 115   6  22    16.34294     0.17020   6  15     8.76352     0.39208   Rh115
