  44  94   6  20     8.94803     0.13584   4  16     4.76377     0.77149   Ru094
  44  95   7  22     9.91804     0.34246   0   0     0.00000     0.00000   Ru095
  44  96   5  43    10.00761    -0.48283   5  43     5.42143     0.15091   Ru096
  44  97   7  22    11.41635     0.11477   0   0     0.00000     0.00000   Ru097
  44  98   5  43    11.58513    -0.30109   5  43     6.35095     0.18347   Ru098
  44  99   7  22    12.79638    -0.05434   7  26     7.07063     0.34507   Ru099
  44 100   7  26    13.63932    -0.13981   7  26     7.62307     0.23004   Ru100
  44 101   7  22    14.64677    -0.34770   4  16     8.18939    -0.07427   Ru101
  44 102   7  22    15.08278     0.02983   7  22     8.33962     0.32125   Ru102
  44 103   4  16    15.89382    -0.48878   4  16     8.89264    -0.24389   Ru103
  44 104   7  22    15.49713    -0.08938   7  22     8.68813     0.21178   Ru104
  44 105   7  26    16.52417    -0.45757   7  22     9.17157    -0.21674   Ru105
  44 106   7  22    16.73028     0.20348   7  22     9.42397     0.48497   Ru106
  44 107   7  22    15.96623    -0.57101   7  22     8.96379    -0.29728   Ru107
  44 108   7  22    16.66543    -0.11462   7  22     9.33116     0.12635   Ru108
  44 109   7  22    16.84510    -0.35580   7  22     9.45590    -0.10180   Ru109
  44 110   6  22    16.88329    -0.22047   7  22     9.52230     0.06753   Ru110
  44 111   6  22    16.79480    -0.48242   7  22     9.46780    -0.18623   Ru111
  44 112   7  21    17.59725    -0.01428   7  21     9.75387     0.28110   Ru112
