  51 107   6  22    10.95536     1.79787   0   0     0.00000     0.00000   Sb107
  51 108   0   0     0.00000     0.00000   6  15     5.86526     1.71111   Sb108
  51 109   6  22    11.48977     0.68278   6  22     6.02407     1.32767   Sb109
  51 111   6  15    12.80190     0.83248   6  15     6.78593     1.37600   Sb111
  51 112   6  22    12.94685     0.35560   6  22     6.91413     0.92456   Sb112
  51 113   6  22    14.11435     1.10829   6  15     7.48025     1.48079   Sb113
  51 114   6  15    14.15740     0.46375   6  15     7.61424     0.95330   Sb114
  51 115   6  22    15.18586     1.26598   6  23     8.21340     1.77346   Sb115
  51 116   6  15    14.91915     0.58939   6  15     8.10455     1.11350   Sb116
  51 117   2  20    14.86576     0.45026   2  20     7.96318     0.85819   Sb117
  51 118   7  33    15.71544     0.45183   7  21     8.66397     0.84969   Sb118
  51 119   2  20    15.20253     0.41044   6  22     8.18286     0.83509   Sb119
  51 120   6  22    15.93142     0.40307   6  22     8.80503     0.87433   Sb120
  51 121   6  15    15.38325     0.47892   6  36     8.32899     1.00430   Sb121
  51 122   6  15    14.65546    -0.13174   6  22     7.90281     0.44472   Sb122
  51 123   6  15    15.19602     0.61105   6  15     8.11187     1.03978   Sb123
  51 124   6  22    13.98086    -0.19964   6  22     7.41879     0.31968   Sb124
  51 125   6  15    14.48682     0.64154   6  15     7.69246     1.15769   Sb125
  51 127   6  15    13.44293     0.65327   5  54     6.85552     1.03024   Sb127
  51 129   6  36    11.28493    -0.07282   6  36     5.66543     0.68155   Sb129
  51 130   6  22    10.00939    -0.12762   6  22     4.94585     0.76518   Sb130
  51 133   6  15     6.88230    -0.16064   6  15     2.72411     0.67515   Sb133
  51 135   0   0     0.00000     0.00000   7  21     3.40666    -0.02183   Sb135
