  51 109   6  20    12.44442     0.77502   0   0     0.00000     0.00000   Sb109
  51 111   4  22    13.95981     0.99538   0   0     0.00000     0.00000   Sb111
  51 112   7  22    14.23327     0.51326   0   0     0.00000     0.00000   Sb112
  51 114   6  15    15.52150     0.58121   0   0     0.00000     0.00000   Sb114
  51 116   7  22    16.46704     0.77427   0   0     0.00000     0.00000   Sb116
  51 117   6  15    15.83901     0.30711   6  15     8.83231     0.75271   Sb117
  51 118   7  22    17.12195     0.50087   0   0     0.00000     0.00000   Sb118
  51 119   6  15    16.49458     0.41286   7  22     9.27592     0.91592   Sb119
  51 121   7  22    16.83012     0.56013   7  22     9.36785     0.95188   Sb121
  51 122   7  22    16.39937     0.14995   4  16     8.92419     0.41274   Sb122
  51 123   6  23    16.71289     0.74360   0   0     0.00000     0.00000   Sb123
  51 124   7  22    15.49425    -0.00651   4  16     8.37305     0.27463   Sb124
  51 125   7  22    15.87355     0.73744   0   0     0.00000     0.00000   Sb125
  51 127   6  22    13.97418     0.61215   0   0     0.00000     0.00000   Sb127
  51 129   6  36    11.97666     0.06550   6  36     6.26814     0.78648   Sb129
  51 130   6  20    11.42027     0.17296   0   0     0.00000     0.00000   Sb130
  51 131   0   0     0.00000     0.00000   7  22     4.02318    -0.99209   Sb131
  51 135   7  22     9.02111    -0.79050   0   0     0.00000     0.00000   Sb135
