  62 136   6  15    17.76786     0.63970   6  15     9.74727     1.05499   Sm136
  62 138   6  15    18.04551     0.50800   6  15     9.89453     0.84821   Sm138
  62 140   6  15    18.83673     0.92079   0   0     0.00000     0.00000   Sm140
  62 141   7  22    18.49671     0.47247   7  22    10.14019     0.81250   Sm141
  62 142   6  15    17.62719     0.54818   6  15     9.58124     0.89905   Sm142
  62 144   2  20    16.82403     0.69747   0   0     0.00000     0.00000   Sm144
  62 145   6  23    16.51176     0.73972   6  15     8.77163     1.22435   Sm145
  62 146   7  22    18.41935     0.42940   7  22    10.10686     0.82401   Sm146
  62 147   4  22    19.02986     0.11732   4  22    10.50406     0.48898   Sm147
  62 148   7  22    19.35531     0.11938   7  22    10.45495     0.44385   Sm148
  62 149   7  22    21.69756     0.00945   7  22    12.00015     0.30205   Sm149
  62 150   7  22    20.81476    -0.08820   7  22    11.22957     0.17933   Sm150
  62 151   6  38    21.60384    -0.59040   6  38    11.81311    -0.34297   Sm151
  62 152   4  16    20.54210    -0.52847   4  16    11.07098    -0.27419   Sm152
  62 153   4  16    20.43571    -0.77125   4  16    11.02766    -0.49381   Sm153
  62 154   7  22    20.34224    -0.36922   6  21    11.23022    -0.07612   Sm154
  62 155   7  22    20.70967    -0.10655   7  22    11.04217     0.19173   Sm155
  62 156   7  22    20.49311    -0.24331   7  22    11.27995     0.05527   Sm156
  62 158   6  22    22.52662     0.40218   0   0     0.00000     0.00000   Sm158
