  62 136   6  15    17.29996     0.96340   5  17     9.03007     1.33792   Sm136
  62 137   6  15    18.33255     1.15011   6  15     9.90304     1.56025   Sm137
  62 138   6  22    17.11269     0.66690   6  22     9.17006     1.10538   Sm138
  62 140   6  15    17.11875     0.73939   6  15     9.23391     1.30961   Sm140
  62 141   6  22    16.79884     0.33758   6  15     8.72449     0.49364   Sm141
  62 142   2  20    16.00090     0.33864   6  15     8.54449     0.88009   Sm142
  62 143   5  17    16.84113     1.05502   6  15     8.86921     1.48110   Sm143
  62 144   2  20    15.40320     0.61794   6  15     8.03500     1.18715   Sm144
  62 145   6  23    14.60577     0.56410   6  23     7.51024     1.21793   Sm145
  62 146   6  15    16.73681     0.29211   6  15     8.83704     0.71787   Sm146
  62 147   6  22    17.07024    -0.01116   4  22     9.08811     0.42763   Sm147
  62 148   6  15    17.66031     0.00635   6  22     9.20468     0.37909   Sm148
  62 149   7  21    19.51410    -0.11491   7  22    10.44073     0.24430   Sm149
  62 150   7  22    19.13729    -0.15735   6  22     9.94103     0.11972   Sm150
  62 151   7  36    19.50391    -0.70693   7  36    10.28155    -0.42474   Sm151
  62 152   7  29    19.20901    -0.43769   7  29    10.05228    -0.12682   Sm152
  62 153   7  22    18.66561    -0.80178   7  36     9.68483    -0.51051   Sm153
  62 154   6  22    18.56746    -0.46174   7  26    10.00046    -0.05790   Sm154
  62 155   6  22    18.60618    -0.22701   6  22     9.54208     0.12227   Sm155
  62 156   7  22    18.60022    -0.33583   7  22     9.89500     0.01420   Sm156
  62 157   6  15    20.73195     0.48426   0   0     0.00000     0.00000   Sm157
  62 158   6  22    20.30810     0.31477   0   0     0.00000     0.00000   Sm158
