  50 107   4  16    11.13446     0.17665   0   0     0.00000     0.00000   Sn107
  50 109   7  22    12.80432     0.33344   0   0     0.00000     0.00000   Sn109
  50 110   7  22    12.87818     0.26828   7  22     7.04752     0.81259   Sn110
  50 111   7  22    14.11342     0.43275   0   0     0.00000     0.00000   Sn111
  50 112   7  22    14.05656     0.48450   0   0     0.00000     0.00000   Sn112
  50 114   6  36    15.11782     0.59020   0   0     0.00000     0.00000   Sn114
  50 117   6  15    16.26513     0.68358   6  15     8.85495     1.00458   Sn117
  50 118   2  20    15.37163     0.37799   4  22     8.46669     0.82189   Sn118
  50 119   7  22    15.88231     0.33875   7  22     8.70784     0.75704   Sn119
  50 120   7  22    15.11372     0.32210   7  22     8.29494     0.79169   Sn120
  50 121   7  22    15.40243     0.23669   7  22     8.41177     0.66862   Sn121
  50 122   7  22    15.31807     0.32511   0   0     0.00000     0.00000   Sn122
  50 123   6  22    14.63929     0.34169   7  22     7.97833     0.84632   Sn123
  50 124   7  22    13.75142     0.05393   7  22     7.51718     0.61539   Sn124
  50 125   7  22    14.37788     0.49657   0   0     0.00000     0.00000   Sn125
  50 126   7  22    11.98039    -0.33855   7  22     6.39758     0.31583   Sn126
  50 127   7  22    12.29570     0.06206   0   0     0.00000     0.00000   Sn127
  50 128   7  22    10.58481    -0.09355   7  22     5.43719     0.70283   Sn128
