  50 107   6  15     9.95625     0.02450   6  15     5.40978     1.36471   Sn107
  50 108   6  23    11.24731     0.88456   6  15     5.77553     1.30961   Sn108
  50 109   6  15    11.21463    -0.06392   6  15     5.86998     0.54258   Sn109
  50 110   2  26    11.65948     0.06912   3  22     6.13964     0.67187   Sn110
  50 111   6  22    12.57803     0.24023   6  22     6.66957     0.78063   Sn111
  50 112   6  22    12.81698     0.32579   6  22     6.83184     0.88857   Sn112
  50 113   6  22    14.25610     0.43286   7  22     7.78872     0.90828   Sn113
  50 114   6  15    13.78100     0.53492   6  15     7.34314     0.99561   Sn114
  50 115   6  23    14.40357     0.78630   6  23     7.70503     1.28985   Sn115
  50 116   6  15    14.40438     0.56126   6  15     7.70908     1.01315   Sn116
  50 117   6  23    14.19667     0.37604   6  23     7.48204     0.84606   Sn117
  50 118   5  38    13.91289     0.29431   5  38     7.39583     0.81683   Sn118
  50 119   6  22    13.93768     0.09893   6  22     7.32661     0.60295   Sn119
  50 120   6  23    13.57911     0.18187   6  22     7.16582     0.71443   Sn120
  50 121   6  22    13.49116     0.01426   6  22     7.05025     0.53430   Sn121
  50 122   6  22    13.75380     0.17321   6  22     7.32345     0.72488   Sn122
  50 123   6  23    12.72549     0.11073   6  23     6.58787     0.69024   Sn123
  50 124   6  15    12.74312    -0.02538   6  22     6.62066     0.54767   Sn124
  50 125   6  15    12.28434     0.17799   6  15     6.40679     0.75893   Sn125
  50 126   7  22    10.82148    -0.57652   7  22     5.52329     0.15670   Sn126
  50 127   7  21    10.40163    -0.31102   7  22     5.24305     0.51335   Sn127
  50 128   7  21     9.36745    -0.35091   6  22     4.58534     0.45367   Sn128
  50 129   6  21    10.00161    -0.55914   0   0     0.00000     0.00000   Sn129
  50 130   6  20     8.59025     0.88723   0   0     0.00000     0.00000   Sn130
