  38  78   6  21    10.93023     0.50117   6  20     6.03141     0.83840   Sr078
  38  79   4  16    10.90234    -0.41463   4  16     6.05105    -0.05012   Sr079
  38  80   7  22    11.43707     0.17847   7  22     6.34908     0.53739   Sr080
  38  81   4  16    11.34265    -0.83026   4  16     6.30179    -0.53320   Sr081
  38  82   7  22    12.04508     0.32185   7  22     6.70757     0.67521   Sr082
  38  83   4  16    11.75598    -0.58141   4  16     6.55141    -0.26388   Sr083
  38  84   6  15    11.92063     0.24868   7  22     6.71710     0.77691   Sr084
  38  85   7  26    12.43460     0.08236   0   0     0.00000     0.00000   Sr085
  38  86   7  22    11.32476     0.25111   7  22     6.29286     0.72340   Sr086
  38  87   6  23    10.86069     0.85947   6  15     6.00159     1.50012   Sr087
  38  88   5  38     9.68628     0.92118   5  38     5.27951     1.69804   Sr088
  38  96   6  22    16.28885     0.14985   6  22     9.23986     0.40362   Sr096
