  38  77   6  15    10.20480     0.90890   6  15     5.47634     1.47912   Sr077
  38  78   7  21    10.03089     0.43096   7  21     5.37958     0.93145   Sr078
  38  79   7  22    10.17291    -0.08144   4  16     5.24065    -0.17567   Sr079
  38  80   6  22    10.36327    -0.01484   7  22     5.57641     0.45495   Sr080
  38  81   4  16    10.17832    -1.02038   4  16     5.44114    -0.66847   Sr081
  38  82   6  22    10.88764     0.13388   7  22     5.87776     0.59271   Sr082
  38  83   2  25    10.70438    -0.53891   4  16     5.62743    -0.42096   Sr083
  38  84   6  22    11.01498     0.22978   6  15     5.86113     0.53022   Sr084
  38  85   6  22    11.18412    -0.00676   7  22     6.00801     0.31223   Sr085
  38  86   6  15    10.31553    -0.02159   6  22     5.55919     0.60601   Sr086
  38  87   6  23     9.48740     0.59623   6  23     4.98577     1.32325   Sr087
  38  88   5  38     8.76489     0.68298   5  50     4.57046     1.56244   Sr088
  38  89   6  23     9.86108     1.33297   6  23     5.13655     2.04988   Sr089
  38  90   7  33    10.97671     0.53388   6  15     5.82265     1.01621   Sr090
  38  93   6  15    13.58168     0.91289   6  15     7.32851     1.28006   Sr093
  38  94   2  20    13.40160     0.47156   2  20     7.18263     0.79266   Sr094
  38  95   6  22    15.22042     0.80383   2  20     7.81482     0.88518   Sr095
  38  96   6  22    14.15332    -0.00892   6  15     7.64840     0.27695   Sr096
