  73 167   7  22    19.73783    -0.30343   6  22    10.53816     0.03037   Ta167
  73 169   6  22    19.83741    -0.49011   7  22    10.64215    -0.11016   Ta169
  73 171   6  22    20.04466    -0.43477   6  22    10.72364    -0.07740   Ta171
  73 172   6  23    22.09215     0.55854   6  23    11.98012     0.98427   Ta172
  73 175   7  22    20.44124    -0.23970   4  16    10.60723    -0.17268   Ta175
  73 177   7  22    20.12635    -0.38206   7  26    10.72358     0.00417   Ta177
  73 179   6  22    20.25392    -0.22736   6  22    10.74676     0.15606   Ta179
  73 180   7  33    21.22487     0.28781   6  36    11.45218     0.75453   Ta180
  73 181   7  21    21.30495     0.07410   7  21    11.41399     0.45608   Ta181
  73 182   5  38    19.62697     0.20674   5  38    10.15727     0.72689   Ta182
  73 183   6  22    19.40228    -0.13540   0   0     0.00000     0.00000   Ta183
  73 185   6  15    22.12205     0.34607   6  15    12.05223     0.71227   Ta185
