  73 167   7  22    21.20707    -0.23559   7  22    11.64846     0.08416   Ta167
  73 169   7  22    21.34766    -0.39106   7  22    11.73677    -0.07038   Ta169
  73 171   6  22    21.54342    -0.36210   6  21    11.84305    -0.03912   Ta171
  73 172   6  22    23.87577     0.62564   6  22    13.31180     1.00899   Ta172
  73 175   7  22    22.04090    -0.17063   4  16    11.77627    -0.13123   Ta175
  73 177   7  22    21.81856    -0.30121   7  26    11.96974     0.04693   Ta177
  73 179   6  22    21.61647    -0.16536   7  22    11.86473     0.21062   Ta179
  73 180   7  22    23.05672     0.37311   7  22    12.82831     0.79321   Ta180
  73 181   7  22    23.30287     0.19267   7  22    12.84955     0.51839   Ta181
  73 182   2  20    21.40290     0.27368   4  22    11.44690     0.72869   Ta182
  73 183   7  21    21.25459    -0.02951   7  22    11.28118     0.35458   Ta183
  73 185   6  15    23.91899     0.40043   0   0     0.00000     0.00000   Ta185
