  43  89   7  21    10.00293     1.01851   6  22     5.16678     1.54319   Tc089
  43  91   4  16    10.00346    -0.16508   4  16     5.40303     0.42936   Tc091
  43  92   7  22    10.29608     0.74555   0   0     0.00000     0.00000   Tc092
  43  93   7  22     9.37461    -0.01935   7  22     5.03311     0.72817   Tc093
  43  94   7  22    10.50192     0.68629   0   0     0.00000     0.00000   Tc094
  43  95   6  21    10.07408    -0.68992   2  33     5.52253    -0.02446   Tc095
  43  96   6  22     9.97656    -0.48728   6  22     5.15064     0.10623   Tc096
  43  97   5  43    11.60307    -0.69417   7  22     6.14575    -0.51765   Tc097
  43  98   7  22    13.13993     0.03963   7  22     7.36355     0.50788   Tc098
  43  99   6  21    13.13364    -0.43497   4  16     7.15574    -0.25827   Tc099
  43 100   2  20    15.37357     0.25426   7  22     8.57203     0.67317   Tc100
  43 101   2  25    14.79255    -0.39291   4  16     8.25028    -0.13333   Tc101
  43 102   7  22    16.96015     0.72359   0   0     0.00000     0.00000   Tc102
  43 103   7  22    15.83248    -0.28210   4  16     8.79242    -0.12740   Tc103
  43 105   6  21    15.90805    -0.45080   2  18     8.83801    -0.28816   Tc105
  43 107   7  22    17.74897     0.15173   6  15     9.77045     0.03610   Tc107
