  52 109   6  15    12.24812     0.63162   0   0     0.00000     0.00000   Te109
  52 110   6  15    12.74429     0.80214   0   0     0.00000     0.00000   Te110
  52 114   7  22    14.95140     0.64064   6  15     7.92147     0.58809   Te114
  52 116   6  15    15.89517     0.66970   6  15     8.79909     1.04692   Te116
  52 117   6  21    16.51154     0.24183   7  22     9.25352     0.64953   Te117
  52 118   7  22    15.90262     0.05290   7  22     8.78370     0.39356   Te118
  52 120   7  22    16.71906     0.35928   7  22     9.28054     0.71078   Te120
  52 121   7  22    16.27019    -0.29681   4  16     9.03082     0.03907   Te121
  52 122   7  22    16.69452     0.30445   7  22     9.24300     0.65272   Te122
  52 123   7  22    16.72609    -0.10248   7  22     9.21925     0.23835   Te123
  52 124   4  34    16.19084     0.14827   5  43     8.92239     0.52214   Te124
  52 125   4  16    16.27770    -0.35995   4  16     9.05756    -0.00815   Te125
  52 126   7  22    15.99379     0.21708   0   0     0.00000     0.00000   Te126
  52 127   7  22    15.82328     0.01594   0   0     0.00000     0.00000   Te127
  52 128   7  22    14.50105     0.03919   7  22     7.88747     0.53706   Te128
  52 129   4  16    14.11361    -0.35136   0   0     0.00000     0.00000   Te129
  52 130   7  22    12.92160    -0.15312   7  22     6.89968     0.44866   Te130
  52 132   7  22    10.78800    -0.53757   7  26     5.59914     0.29873   Te132
  52 133   4  16     9.71968    -0.49228   0   0     0.00000     0.00000   Te133
  52 135   6  21     9.02755    -0.24220   0   0     0.00000     0.00000   Te135
