  81 181   5  17    20.62187     1.24869   0   0     0.00000     0.00000   Tl181
  81 183   6  15    23.63444     0.83375   0   0     0.00000     0.00000   Tl183
  81 187   2  20    23.78993     0.56172   6  15    13.15706     1.01794   Tl187
  81 189   6  15    24.66740     0.52855   0   0     0.00000     0.00000   Tl189
  81 190   0   0     0.00000     0.00000   6  15    13.40236     0.97564   Tl190
  81 195   6  15    22.00173     0.66239   6  15    11.79050     1.06846   Tl195
  81 197   2  20    21.06134     0.79048   0   0     0.00000     0.00000   Tl197
  81 199   2  20    19.34260     0.63196   0   0     0.00000     0.00000   Tl199
  81 201   7  22    17.20648     0.29038   0   0     0.00000     0.00000   Tl201
  81 203   7  22    15.02239    -0.05389   7  22     7.39532     0.67594   Tl203
  81 204   4  16    13.16313    -0.52035   0   0     0.00000     0.00000   Tl204
  81 205   7  22    13.45592     0.10494   0   0     0.00000     0.00000   Tl205
  81 206   4  22    11.41574     0.26839   0   0     0.00000     0.00000   Tl206
