  69 153   6  22    18.04156     0.24990   7  22     9.85317     0.72962   Tm153
  69 157   7  18    20.65656    -0.00479   7  18    11.31802     0.25862   Tm157
  69 159   7  22    20.94062    -0.24685   7  22    11.55506     0.05872   Tm159
  69 160   6  15    22.84556     0.43277   6  15    12.82326     0.81986   Tm160
  69 161   7  22    21.17839    -0.35904   7  22    11.69379    -0.05755   Tm161
  69 163   7  22    21.10183    -0.45335   6  21    11.59643    -0.18712   Tm163
  69 165   7  22    21.05618    -0.42434   6  21    11.59611    -0.10760   Tm165
  69 167   6  21    20.78435    -0.39740   6  21    11.41500    -0.06503   Tm167
  69 168   7  22    21.89860     0.18983   7  22    12.17181     0.60473   Tm168
  69 169   7  22    20.78621    -0.28121   6  21    11.34992     0.02683   Tm169
  69 170   6  15    21.14769     0.41547   7  33    11.48282     0.89435   Tm170
  69 171   7  22    20.74898    -0.06708   6  22    11.19510     0.31368   Tm171
  69 172   2  20    22.66677     0.65836   0   0     0.00000     0.00000   Tm172
  69 173   6  15    22.11447     0.33087   7  22    12.56125     0.89897   Tm173
  69 175   6  15    21.58163     0.41383   0   0     0.00000     0.00000   Tm175
