  74 168   6  23    20.47693     0.51835   7  21    10.92056     0.88390   W168
  74 170   6  22    21.14435     0.04619   7  21    11.47134     0.36977   W170
  74 171   6  15    22.50072     0.03837   0   0     0.00000     0.00000   W171
  74 173   6  15    23.05190     0.22562   6  15    12.69591     0.52982   W173
  74 175   7  22    22.46387    -0.03074   7  22    12.32407     0.28392   W175
  74 176   7  22    21.96153    -0.21930   7  22    12.04008     0.10666   W176
  74 177   7  22    22.01975    -0.26904   7  22    12.07190     0.06107   W177
  74 178   2  18    21.68339    -0.36510   6  21    11.96391     0.05236   W178
  74 179   7  22    21.86076    -0.25909   0   0     0.00000     0.00000   W179
  74 180   7  22    21.75999    -0.19678   7  29    11.85985     0.13085   W180
  74 181   6  21    21.59732    -0.23142   6  21    11.68100     0.13276   W181
  74 182   7  22    21.79042    -0.03465   7  22    11.86240     0.31863   W182
  74 183   7  22    20.94415    -0.22945   7  22    11.19575     0.15054   W183
  74 184   2  25    21.25116    -0.40887   6  21    11.54503     0.00082   W184
  74 185   7  22    22.23540    -0.08409   7  22    11.93219     0.23812   W185
  74 186   6  21    21.36407    -0.42371   7  26    11.69032    -0.01411   W186
  74 187   7  22    22.49644    -0.13090   7  22    12.15780     0.21104   W187
  74 188   7  21    22.55626    -0.07085   7  22    12.17678     0.23286   W188
