  39  80   7  21    10.31899     0.65737   6  22     5.62882     1.28151   Y080
  39  81   7  22    10.32610    -0.02801   7  22     5.53310     0.43095   Y081
  39  82   7  22    11.16739     0.73904   7  22     6.07822     1.30423   Y082
  39  83   6  15    10.74634    -0.81632   4  16     5.83993    -0.46275   Y083
  39  84   6  15    11.80052     0.69023   6  15     6.43843     1.26045   Y084
  39  85   2  25    10.54789    -0.64970   7  26     5.53748    -0.42334   Y085
  39  86   6  15    12.07264     0.37751   6  15     6.76213     0.83125   Y086
  39  87   6  15    10.39579     0.00136   7  22     5.56078     0.46301   Y087
  39  88   6  23    10.30392     0.69029   7  27     5.56008     1.45198   Y088
  39  89   6  23    10.16019     1.47500   6  23     5.44680     2.22686   Y089
  39  90   6  23     9.08078     1.10541   6  23     4.73282     2.02566   Y090
  39  91   7  27    11.70265     0.95758   7  27     6.40136     1.49890   Y091
  39  93   6  15    12.52028     0.68578   6  15     6.76426     1.13346   Y093
  39  99   6  22    15.54111     0.17434   6  15     8.53617     0.49913   Y099
