  70 160   6  22    19.88108    -0.18335   7  22    10.82653     0.17056   Yb160
  70 162   6  22    20.98191    -0.23487   7  22    11.55990     0.07918   Yb162
  70 163   7  22    21.46932    -0.32033   7  22    11.86854    -0.01354   Yb163
  70 164   6  21    21.33035    -0.20412   6  21    11.72226     0.08357   Yb164
  70 165   6  21    21.36937    -0.39384   4  16    11.67632    -0.17272   Yb165
  70 166   7  22    21.33587    -0.23851   7  26    11.70829     0.04465   Yb166
  70 167   6  21    20.81496    -0.62346   4  16    11.56170    -0.22119   Yb167
  70 168   7  22    20.76578    -0.46007   4  16    11.36683    -0.15864   Yb168
  70 169   7  26    22.49817    -0.22687   7  26    12.37238     0.08086   Yb169
  70 170   7  29    19.81237    -0.45458   5  26    10.48300    -0.10825   Yb170
  70 171   7  22    20.68804    -0.20109   7  53    11.14657     0.23194   Yb171
  70 172   2  25    20.53257    -0.43870   7  26    11.13261    -0.03930   Yb172
  70 173   6  22    20.00329    -0.18956   2  18    10.42389     0.06960   Yb173
  70 174   7  22    20.77420    -0.09320   7  22    11.09030     0.27380   Yb174
  70 175   6  22    19.79077    -0.20144   6  22    10.41321     0.20720   Yb175
  70 176   7  22    21.26604    -0.34086   7  26    11.80777     0.04583   Yb176
  70 177   7  22    19.95769    -0.26756   7  22    10.49020     0.12815   Yb177
  70 178   6  22    23.27690     0.46122   7  22    12.85078     0.83936   Yb178
