  30  60   4  16     5.22168    -1.33235   2  18     2.73582    -0.11374   Zn060
  30  61   4  16     5.27732    -1.97801   4  16     2.72971    -1.02711   Zn061
  30  62   7  26     5.92397    -1.37206   7  26     3.09161    -0.57541   Zn062
  30  63   7  36     6.46551    -1.00188   4  16     3.37521    -0.38080   Zn063
  30  64   7  26     6.87524    -1.01229   7  22     3.62364    -0.39114   Zn064
  30  65   7  22     8.60800    -0.26966   7  22     4.85474     0.18281   Zn065
  30  66   4  34     8.09079    -0.25937   7  22     4.35324     0.35334   Zn066
  30  67   7  29     8.76219    -0.38324   7  29     4.78504     0.05069   Zn067
  30  68   5  17     8.62071    -0.15154   5  54     4.51489     0.24366   Zn068
  30  69   6  22     9.49826    -0.11532   6  22     5.16149     0.29117   Zn069
  30  70   6  22     9.89228     0.05627   7  22     5.34967     0.43388   Zn070
  30  71   6  15    11.10349     0.65107   6  22     6.60988     1.42154   Zn071
  30  72   6  22    10.11746    -0.02123   7  22     5.48511     0.37380   Zn072
  30  75   6  22    10.75246     0.41758   6  15     5.44826     0.38992   Zn075
  30  77   0   0     0.00000     0.00000   6  22     5.98161     1.45136   Zn077
