  30  60   4  16     5.94164    -0.79182   4  16     3.23598     0.10147   Zn060
  30  61   2  18     6.18450    -1.27200   4  16     3.34257    -0.63053   Zn061
  30  62   7  22     6.71230    -1.01056   7  22     3.67012    -0.34864   Zn062
  30  63   4  16     7.44650    -0.66492   4  16     4.09333    -0.13962   Zn063
  30  64   4  16     8.01751    -0.25505   4  16     4.41523     0.21571   Zn064
  30  66   7  22     9.14455     0.10049   7  22     5.10143     0.52610   Zn066
  30  67   7  26    10.16695    -0.06076   0   0     0.00000     0.00000   Zn067
  30  68   7  22     9.77106     0.17837   7  22     5.39525     0.55910   Zn068
  30  69   7  22    11.00176     0.13818   4  16     6.15235     0.30187   Zn069
  30  70   7  22    11.24250     0.26700   7  22     6.34019     0.55574   Zn070
  30  72   7  22    11.53698     0.20961   7  22     6.50702     0.49269   Zn072
  30  74   0   0     0.00000     0.00000   6  15     6.48754     0.50356   Zn074
