  40  81   6  15    10.88534     1.01424   6  15     5.85562     1.58446   Zr081
  40  82   7  21    10.67608     1.12280   6  22     5.75601     1.69918   Zr082
  40  83   6  22    10.28616    -0.29663   7  22     5.52279     0.20324   Zr083
  40  84   7  22    10.86925     0.76622   7  21     5.78448     1.15541   Zr084
  40  85   6  15    11.59599     0.79449   6  15     6.29537     1.36471   Zr085
  40  86   6  15    11.19726     0.73939   6  15     6.02551     1.30961   Zr086
  40  87   6  15    10.36000    -0.28987   7  22     5.66632     0.49778   Zr087
  40  88   4  22    10.01886    -0.14989   4  22     5.31384     0.39024   Zr088
  40  90   6  23     9.84157     0.98739   6  23     5.19666     1.70163   Zr090
  40  91   5  38     9.61564     0.47788   2  44     5.21806     1.32359   Zr091
  40  92   5  17     9.98724    -0.01854   6  22     5.24334     0.58866   Zr092
  40  93   6  23    11.04744     0.47084   6  23     5.87779     1.02019   Zr093
  40  94   6  23    11.60595     0.20715   6  22     6.09676     0.66443   Zr094
  40  95   6  23    12.27449     1.03772   6  23     6.43019     1.57373   Zr095
  40  96   5  38    13.65540     0.80380   6  15     7.35731     1.14947   Zr096
  40  97   6  23    13.27317     1.50961   6  23     6.74820     2.05227   Zr097
  40  98   6  22    15.29246     0.58743   6  22     8.34630     0.91150   Zr098
  40  99   6  22    14.48636    -0.21031   7  22     7.90792     0.15355   Zr099
  40 100   6  22    14.70910    -0.30565   7  22     8.02342     0.01321   Zr100
  40 101   7  21    14.59962    -0.41550   4  22     8.07407     0.03317   Zr101
  40 102   6  22    14.82639    -0.41049   6  22     8.01870    -0.13011   Zr102
