  40  82   6  15    11.15108     0.51902   6  15     6.15341     0.93075   Zr082
  40  83   6  15    11.12965    -0.50809   7  22     6.36095     0.30596   Zr083
  40  84   6  15    11.53956     0.36581   4  16     6.33275     0.66543   Zr084
  40  86   6  15    11.73123     0.53135   6  15     6.51330     0.97762   Zr086
  40  87   7  22    11.86024     0.20309   7  22     6.58470     0.61464   Zr087
  40  88   4  22    10.87710     0.00742   7  22     5.98791     0.49087   Zr088
  40  92   6  36    11.24517     0.15736   6  36     6.18069     0.66727   Zr092
  40  93   6  15    12.64492     0.65164   0   0     0.00000     0.00000   Zr093
  40  94   4  22    12.96712     0.32263   7  22     7.16910     0.75813   Zr094
  40  95   2  20    13.71074     1.00348   0   0     0.00000     0.00000   Zr095
  40  97   0   0     0.00000     0.00000   6  23     8.41893     2.14491   Zr097
  40  99   7  22    16.84619     0.00697   7  22     9.58208     0.26930   Zr099
  40 100   7  21    16.63482    -0.14567   7  22     9.40619     0.08835   Zr100
  40 101   7  22    16.88456    -0.14475   7  21     9.54268     0.08185   Zr101
  40 102   6  22    16.68611    -0.27776   7  22     9.46277    -0.01164   Zr102
