 n-Be007.res.tendl.2025: Merger of MF1 and MF2                      99 0  0    0
 4.007000+3 6.956650+0          1          0         17          1 419 1451    1
 0.000000+0 0.000000+0          0          0          0          6 419 1451    2
 1.000000+0 2.000000+8          1          0         10       2023 419 1451    3
 0.000000+0 0.000000+0          0          0          1          2 419 1451    4
  4-Be-  7 IAEA       EVAL-JUN25 A.J. Koning and D. Rochman        419 1451    5
 TENDL-2025           DIST-      REV1-                             419 1451    6
----TENDL-2025        Material  419         REVISION 1             419 1451    7
-----Incident neutron  data                                        419 1451    8
------ENDF-6 Format                                                419 1451    9
                                                                   419 1451   10
                                1        451         12          0 419 1451   11
                                2        151          8          0 419 1451   12
                                                                   419 1  099999
                                                                   419 0  0    0
 4.007000+3 6.956650+0          0          0          1          0 419 2151    1
 4.007000+3 1.000000+0          0          0          1          0 419 2151    2
 1.000000-5 5.000010+5          1          2          0          1 419 2151    3
 1.500000+0 4.000000-1          0          0          2          0 419 2151    4
 6.939866+0 0.000000+0          0          0          6          1 419 2151    5
 2.700000+3 2.000000+0 2.240001+5 2.240000+5 6.000000-2 0.000000+0 419 2151    6
 6.939866+0 0.000000+0          1          0          6          1 419 2151    7
 3.300000+5 3.000000+0 7.700066+4 7.700000+4 6.600000-1 0.000000+0 419 2151    8
                                                                   419 2  0    9
                                                                   419 0  0    0
                                                                     0 0  0    0
                                                                    -1 0  0    0
