<cross-s.>      1.01      1.00400000D-03    242.06    0    3
 1.59318D+04
 5.18945D+03
 1.07424D+04
<cross-s.>      1.01      2.00800000D-03    242.06    0    3
 1.45459D+04
 3.83602D+03
 1.07099D+04
<cross-s.>      1.01      5.02100000D-03    242.06    0    3
 1.33766D+04
 2.74576D+03
 1.06308D+04
<cross-s.>      1.01      1.00400000D-02    242.06    0    3
 1.28406D+04
 2.32184D+03
 1.05187D+04
<cross-s.>      1.01      2.00800000D-02    242.06    0    3
 1.25034D+04
 2.18260D+03
 1.03208D+04
<cross-s.>      1.01      5.02100000D-02    242.06    0    3
 1.22124D+04
 2.39938D+03
 9.81297D+03
<cross-s.>      1.01      1.00420000D-01    242.06    0    3
 1.19426D+04
 2.82844D+03
 9.11421D+03
<cross-s.>      1.01      2.00830000D-01    242.06    0    3
 1.12976D+04
 3.28082D+03
 8.01676D+03
<cross-s.>      1.01      3.01250000D-01    242.06    0    3
 1.04883D+04
 3.36148D+03
 7.12683D+03
<cross-s.>      1.01      4.01670000D-01    242.06    0    3
 9.62810D+03
 3.28255D+03
 6.34556D+03
<cross-s.>      1.01      5.02080000D-01    242.06    0    3
 8.82656D+03
 3.17816D+03
 5.64840D+03
<cross-s.>      1.01      6.02500000D-01    242.06    0    3
 8.14915D+03
 3.11577D+03
 5.03338D+03
<cross-s.>      1.01      7.02920000D-01    242.06    0    3
 7.63606D+03
 3.12881D+03
 4.50725D+03
<cross-s.>      1.01      8.03330000D-01    242.06    0    3
 7.30208D+03
 3.22544D+03
 4.07664D+03
<cross-s.>      1.01      9.03750000D-01    242.06    0    3
 7.14284D+03
 3.39372D+03
 3.74913D+03
<cross-s.>      1.01      1.00417000D+00    242.06    0    3
 7.12125D+03
 3.59684D+03
 3.52442D+03
<cross-s.>      1.01      1.10458000D+00    242.06    0    3
 7.18315D+03
 3.78848D+03
 3.39467D+03
<cross-s.>      1.01      1.20500000D+00    242.06    0    3
 7.27487D+03
 3.93149D+03
 3.34338D+03
<cross-s.>      1.01      1.30542000D+00    242.06    0    3
 7.36299D+03
 4.01114D+03
 3.35186D+03
<cross-s.>      1.01      1.40583000D+00    242.06    0    3
 7.43530D+03
 4.03188D+03
 3.40342D+03
<cross-s.>      1.01      1.50625000D+00    242.06    0    3
 7.49155D+03
 4.00642D+03
 3.48512D+03
<cross-s.>      1.01      1.60667000D+00    242.06    0    3
 7.53456D+03
 3.94755D+03
 3.58702D+03
<cross-s.>      1.01      1.70708000D+00    242.06    0    3
 7.56706D+03
 3.86592D+03
 3.70114D+03
<cross-s.>      1.01      1.80750000D+00    242.06    0    3
 7.59143D+03
 3.77011D+03
 3.82132D+03
<cross-s.>      1.01      1.90792000D+00    242.06    0    3
 7.61021D+03
 3.66719D+03
 3.94302D+03
<cross-s.>      1.01      2.00833000D+00    242.06    0    3
 7.62576D+03
 3.56273D+03
 4.06303D+03
<cross-s.>      1.01      2.20917000D+00    242.06    0    3
 7.65657D+03
 3.36479D+03
 4.29179D+03
<cross-s.>      1.01      2.41000000D+00    242.06    0    3
 7.69362D+03
 3.19368D+03
 4.49995D+03
<cross-s.>      1.01      2.61083000D+00    242.06    0    3
 7.73779D+03
 3.05288D+03
 4.68491D+03
<cross-s.>      1.01      2.81167000D+00    242.06    0    3
 7.78473D+03
 2.93962D+03
 4.84511D+03
<cross-s.>      1.01      3.01250000D+00    242.06    0    3
 7.82900D+03
 2.84966D+03
 4.97934D+03
<cross-s.>      1.01      3.21334000D+00    242.06    0    3
 7.86582D+03
 2.77909D+03
 5.08673D+03
<cross-s.>      1.01      3.41417000D+00    242.06    0    3
 7.89199D+03
 2.72461D+03
 5.16738D+03
<cross-s.>      1.01      3.61500000D+00    242.06    0    3
 7.90482D+03
 2.68344D+03
 5.22138D+03
<cross-s.>      1.01      3.81584000D+00    242.06    0    3
 7.90424D+03
 2.65386D+03
 5.25038D+03
<cross-s.>      1.01      4.01667000D+00    242.06    0    3
 7.88937D+03
 2.63403D+03
 5.25534D+03
<cross-s.>      1.01      4.51875000D+00    242.06    0    3
 7.79852D+03
 2.62192D+03
 5.17661D+03
<cross-s.>      1.01      5.02084000D+00    242.06    0    3
 7.65495D+03
 2.65873D+03
 4.99622D+03
<cross-s.>      1.01      5.52292000D+00    242.06    0    3
 7.49135D+03
 2.73848D+03
 4.75287D+03
<cross-s.>      1.01      6.02500000D+00    242.06    0    3
 7.32268D+03
 2.84134D+03
 4.48134D+03
<cross-s.>      1.01      6.52709000D+00    242.06    0    3
 7.14055D+03
 2.93489D+03
 4.20566D+03
<cross-s.>      1.01      7.02917000D+00    242.06    0    3
 6.93566D+03
 2.99667D+03
 3.93899D+03
<cross-s.>      1.01      7.53125000D+00    242.06    0    3
 6.71316D+03
 3.02423D+03
 3.68892D+03
<cross-s.>      1.01      8.03334000D+00    242.06    0    3
 6.48640D+03
 3.02594D+03
 3.46045D+03
<cross-s.>      1.01      8.53542000D+00    242.06    0    3
 6.26933D+03
 3.01200D+03
 3.25733D+03
<cross-s.>      1.01      9.03750000D+00    242.06    0    3
 6.07357D+03
 2.99159D+03
 3.08198D+03
<cross-s.>      1.01      9.53959000D+00    242.06    0    3
 5.90773D+03
 2.97149D+03
 2.93624D+03
<cross-s.>      1.01      1.00416700D+01    242.06    0    3
 5.77672D+03
 2.95550D+03
 2.82121D+03
<cross-s.>      1.01      1.05437500D+01    242.06    0    3
 5.68132D+03
 2.94460D+03
 2.73672D+03
<cross-s.>      1.01      1.10458400D+01    242.06    0    3
 5.61920D+03
 2.93785D+03
 2.68135D+03
<cross-s.>      1.01      1.15479200D+01    242.06    0    3
 5.58601D+03
 2.93353D+03
 2.65248D+03
<cross-s.>      1.01      1.20500000D+01    242.06    0    3
 5.57672D+03
 2.93002D+03
 2.64670D+03
<cross-s.>      1.01      1.25520900D+01    242.06    0    3
 5.58646D+03
 2.92627D+03
 2.66019D+03
<cross-s.>      1.01      1.30541700D+01    242.06    0    3
 5.61097D+03
 2.92190D+03
 2.68907D+03
<cross-s.>      1.01      1.35562500D+01    242.06    0    3
 5.64688D+03
 2.91710D+03
 2.72978D+03
<cross-s.>      1.01      1.40583400D+01    242.06    0    3
 5.69130D+03
 2.91228D+03
 2.77902D+03
<cross-s.>      1.01      1.45604200D+01    242.06    0    3
 5.74204D+03
 2.90794D+03
 2.83409D+03
<cross-s.>      1.01      1.50625100D+01    242.06    0    3
 5.79705D+03
 2.90452D+03
 2.89253D+03
<cross-s.>      1.01      1.55645900D+01    242.06    0    3
 5.85437D+03
 2.90213D+03
 2.95224D+03
<cross-s.>      1.01      1.60666700D+01    242.06    0    3
 5.91225D+03
 2.90077D+03
 3.01148D+03
<cross-s.>      1.01      1.65687600D+01    242.06    0    3
 5.96912D+03
 2.90018D+03
 3.06894D+03
<cross-s.>      1.01      1.70708400D+01    242.06    0    3
 6.02316D+03
 2.90003D+03
 3.12313D+03
<cross-s.>      1.01      1.75729200D+01    242.06    0    3
 6.07320D+03
 2.89996D+03
 3.17324D+03
<cross-s.>      1.01      1.80750100D+01    242.06    0    3
 6.11792D+03
 2.89961D+03
 3.21832D+03
<cross-s.>      1.01      1.85770900D+01    242.06    0    3
 6.15647D+03
 2.89873D+03
 3.25773D+03
<cross-s.>      1.01      1.90791700D+01    242.06    0    3
 6.18814D+03
 2.89714D+03
 3.29100D+03
<cross-s.>      1.01      1.95812600D+01    242.06    0    3
 6.21263D+03
 2.89475D+03
 3.31787D+03
<cross-s.>      1.01      2.00833400D+01    242.06    0    3
 6.22976D+03
 2.89152D+03
 3.33824D+03
<cross-s.>      1.01      4.01670000D-01    242.06   93    1
 2.46737D-47
<cross-s.>      1.01      5.02080000D-01    242.06   93    1
 9.33502D-41
<cross-s.>      1.01      6.02500000D-01    242.06   93    1
 6.55569D-36
<cross-s.>      1.01      7.02910000D-01    242.06   93    1
 3.76610D-32
<cross-s.>      1.01      8.03330000D-01    242.06   93    1
 3.99044D-29
<cross-s.>      1.01      9.03750000D-01    242.06   93    1
 3.74527D-26
<cross-s.>      1.01      1.00416000D+00    242.06   93    1
 4.86012D-24
<cross-s.>      1.01      1.10458000D+00    242.06   93    1
 3.17532D-22
<cross-s.>      1.01      1.20500000D+00    242.06   93    1
 1.20907D-20
<cross-s.>      1.01      1.30541000D+00    242.06   93    1
 2.98293D-19
<cross-s.>      1.01      1.40583000D+00    242.06   93    1
 5.16401D-18
<cross-s.>      1.01      1.50625000D+00    242.06   93    1
 6.66062D-17
<cross-s.>      1.01      1.60666000D+00    242.06   93    1
 6.70604D-16
<cross-s.>      1.01      1.70708000D+00    242.06   93    1
 5.47163D-15
<cross-s.>      1.01      1.80749000D+00    242.06   93    1
 3.72544D-14
<cross-s.>      1.01      1.90791000D+00    242.06   93    1
 2.16914D-13
<cross-s.>      1.01      2.00833000D+00    242.06   93    1
 1.10148D-12
<cross-s.>      1.01      2.20916000D+00    242.06   93    1
 2.00666D-11
<cross-s.>      1.01      2.40999000D+00    242.06   93    1
 2.49701D-10
<cross-s.>      1.01      2.61083000D+00    242.06   93    1
 2.28665D-09
<cross-s.>      1.01      2.81166000D+00    242.06   93    1
 1.62850D-08
<cross-s.>      1.01      3.01249000D+00    242.06   93    1
 9.40959D-08
<cross-s.>      1.01      3.21332000D+00    242.06   93    1
 4.55832D-07
<cross-s.>      1.01      3.41416000D+00    242.06   93    1
 1.90019D-06
<cross-s.>      1.01      3.61499000D+00    242.06   93    1
 6.95900D-06
<cross-s.>      1.01      3.81582000D+00    242.06   93    1
 2.27753D-05
<cross-s.>      1.01      4.01665000D+00    242.06   93    1
 6.75500D-05
<cross-s.>      1.01      4.51874000D+00    242.06   93    1
 7.15015D-04
<cross-s.>      1.01      5.02082000D+00    242.06   93    1
 5.02840D-03
<cross-s.>      1.01      5.52290000D+00    242.06   93    1
 2.58272D-02
<cross-s.>      1.01      6.02498000D+00    242.06   93    1
 1.03672D-01
<cross-s.>      1.01      6.52706000D+00    242.06   93    1
 3.41993D-01
<cross-s.>      1.01      7.02915000D+00    242.06   93    1
 9.63209D-01
<cross-s.>      1.01      7.53123000D+00    242.06   93    1
 2.38486D+00
<cross-s.>      1.01      8.03331000D+00    242.06   93    1
 5.30885D+00
<cross-s.>      1.01      8.53539000D+00    242.06   93    1
 1.08085D+01
<cross-s.>      1.01      9.03747000D+00    242.06   93    1
 2.03852D+01
<cross-s.>      1.01      9.53955000D+00    242.06   93    1
 3.59464D+01
<cross-s.>      1.01      1.00416400D+01    242.06   93    1
 5.96285D+01
<cross-s.>      1.01      1.05437200D+01    242.06   93    1
 9.33933D+01
<cross-s.>      1.01      1.10458000D+01    242.06   93    1
 1.38412D+02
<cross-s.>      1.01      1.15478800D+01    242.06   93    1
 1.94455D+02
<cross-s.>      1.01      1.20499600D+01    242.06   93    1
 2.59674D+02
<cross-s.>      1.01      1.25520400D+01    242.06   93    1
 3.31034D+02
<cross-s.>      1.01      1.30541300D+01    242.06   93    1
 4.05209D+02
<cross-s.>      1.01      1.35562100D+01    242.06   93    1
 4.79459D+02
<cross-s.>      1.01      1.40582900D+01    242.06   93    1
 5.52106D+02
<cross-s.>      1.01      1.45603700D+01    242.06   93    1
 6.22503D+02
<cross-s.>      1.01      1.50624500D+01    242.06   93    1
 6.90674D+02
<cross-s.>      1.01      1.55645300D+01    242.06   93    1
 7.56899D+02
<cross-s.>      1.01      1.60666200D+01    242.06   93    1
 8.21428D+02
<cross-s.>      1.01      1.65687000D+01    242.06   93    1
 8.84355D+02
<cross-s.>      1.01      1.70707800D+01    242.06   93    1
 9.45615D+02
<cross-s.>      1.01      1.75728600D+01    242.06   93    1
 1.00502D+03
<cross-s.>      1.01      1.80749400D+01    242.06   93    1
 1.06230D+03
<cross-s.>      2.01      4.03340000D-01    241.06   93    1
 4.62175D-67
<cross-s.>      2.01      5.04180000D-01    241.06   93    1
 8.92587D-58
<cross-s.>      2.01      6.05010000D-01    241.06   93    1
 5.52417D-51
<cross-s.>      2.01      7.05850000D-01    241.06   93    1
 1.09732D-45
<cross-s.>      2.01      8.06680000D-01    241.06   93    1
 1.98920D-41
<cross-s.>      2.01      9.07520000D-01    241.06   93    1
 6.55284D-38
<cross-s.>      2.01      1.00836000D+00    241.06   93    1
 6.08066D-35
<cross-s.>      2.01      1.10919000D+00    241.06   93    1
 2.13568D-32
<cross-s.>      2.01      1.21003000D+00    241.06   93    1
 1.60430D-29
<cross-s.>      2.01      1.31086000D+00    241.06   93    1
 1.42311D-27
<cross-s.>      2.01      1.41170000D+00    241.06   93    1
 7.64572D-26
<cross-s.>      2.01      1.51253000D+00    241.06   93    1
 2.70969D-24
<cross-s.>      2.01      1.61337000D+00    241.06   93    1
 6.77458D-23
<cross-s.>      2.01      1.71420000D+00    241.06   93    1
 1.25841D-21
<cross-s.>      2.01      1.81504000D+00    241.06   93    1
 1.81252D-20
<cross-s.>      2.01      1.91588000D+00    241.06   93    1
 2.09411D-19
<cross-s.>      2.01      2.01671000D+00    241.06   93    1
 1.99570D-18
<cross-s.>      2.01      2.21838000D+00    241.06   93    1
 1.11406D-16
<cross-s.>      2.01      2.42005000D+00    241.06   93    1
 3.64916D-15
<cross-s.>      2.01      2.62172000D+00    241.06   93    1
 7.79700D-14
<cross-s.>      2.01      2.82340000D+00    241.06   93    1
 1.17596D-12
<cross-s.>      2.01      3.02507000D+00    241.06   93    1
 1.32898D-11
<cross-s.>      2.01      3.22674000D+00    241.06   93    1
 1.17916D-10
<cross-s.>      2.01      3.42841000D+00    241.06   93    1
 8.52119D-10
<cross-s.>      2.01      3.63008000D+00    241.06   93    1
 5.16465D-09
<cross-s.>      2.01      3.83175000D+00    241.06   93    1
 2.68852D-08
<cross-s.>      2.01      4.03342000D+00    241.06   93    1
 1.22564D-07
<cross-s.>      2.01      4.53760000D+00    241.06   93    1
 3.36007D-06
<cross-s.>      2.01      5.04178000D+00    241.06   93    1
 5.32142D-05
<cross-s.>      2.01      5.54595000D+00    241.06   93    1
 5.51307D-04
<cross-s.>      2.01      6.05013000D+00    241.06   93    1
 4.07068D-03
<cross-s.>      2.01      6.55431000D+00    241.06   93    1
 2.27965D-02
<cross-s.>      2.01      7.05849000D+00    241.06   93    1
 1.01536D-01
<cross-s.>      2.01      7.56266000D+00    241.06   93    1
 3.73568D-01
<cross-s.>      2.01      8.06684000D+00    241.06   93    1
 1.17122D+00
<cross-s.>      2.01      8.57102000D+00    241.06   93    1
 3.21030D+00
<cross-s.>      2.01      9.07520000D+00    241.06   93    1
 7.85295D+00
<cross-s.>      2.01      9.57938000D+00    241.06   93    1
 1.74105D+01
<cross-s.>      2.01      1.00835500D+01    241.06   93    1
 3.53334D+01
<cross-s.>      2.01      1.05877300D+01    241.06   93    1
 6.59095D+01
<cross-s.>      2.01      1.10919100D+01    241.06   93    1
 1.12931D+02
<cross-s.>      2.01      1.15960900D+01    241.06   93    1
 1.77492D+02
<cross-s.>      2.01      1.21002600D+01    241.06   93    1
 2.56695D+02
<cross-s.>      2.01      1.26044400D+01    241.06   93    1
 3.45050D+02
<cross-s.>      2.01      1.31086200D+01    241.06   93    1
 4.37242D+02
<cross-s.>      2.01      1.36128000D+01    241.06   93    1
 5.29673D+02
<cross-s.>      2.01      1.41169700D+01    241.06   93    1
 6.20348D+02
<cross-s.>      2.01      1.46211500D+01    241.06   93    1
 7.08316D+02
<cross-s.>      2.01      1.51253300D+01    241.06   93    1
 7.93182D+02
<cross-s.>      2.01      1.56295100D+01    241.06   93    1
 8.74677D+02
<cross-s.>      3.02      4.05030000D-01    240.06   93    1
 2.19083D-51
<cross-s.>      3.02      5.06280000D-01    240.06   93    1
 3.50247D-40
<cross-s.>      3.02      6.07540000D-01    240.06   93    1
 1.66576D-61
<cross-s.>      3.02      7.08790000D-01    240.06   93    1
 4.73088D-55
<cross-s.>      3.02      8.10050000D-01    240.06   93    1
 7.21145D-50
<cross-s.>      3.02      9.11310000D-01    240.06   93    1
 1.23453D-45
<cross-s.>      3.02      1.01256000D+00    240.06   93    1
 4.95460D-42
<cross-s.>      3.02      1.11382000D+00    240.06   93    1
 6.06900D-39
<cross-s.>      3.02      1.21508000D+00    240.06   93    1
 2.92165D-36
<cross-s.>      3.02      1.31633000D+00    240.06   93    1
 6.64110D-34
<cross-s.>      3.02      1.41759000D+00    240.06   93    1
 4.85491D-31
<cross-s.>      3.02      1.51885000D+00    240.06   93    1
 3.61184D-29
<cross-s.>      3.02      1.62010000D+00    240.06   93    1
 1.74930D-27
<cross-s.>      3.02      1.72136000D+00    240.06   93    1
 5.89506D-26
<cross-s.>      3.02      1.82262000D+00    240.06   93    1
 1.45505D-24
<cross-s.>      3.02      1.92387000D+00    240.06   93    1
 2.74200D-23
<cross-s.>      3.02      2.02513000D+00    240.06   93    1
 4.08590D-22
<cross-s.>      3.02      2.22764000D+00    240.06   93    1
 5.00278D-20
<cross-s.>      3.02      2.43015000D+00    240.06   93    1
 3.19509D-18
<cross-s.>      3.02      2.63267000D+00    240.06   93    1
 1.21230D-16
<cross-s.>      3.02      2.83518000D+00    240.06   93    1
 3.00966D-15
<cross-s.>      3.02      3.03769000D+00    240.06   93    1
 5.26412D-14
<cross-s.>      3.02      3.24021000D+00    240.06   93    1
 6.87090D-13
<cross-s.>      3.02      3.44272000D+00    240.06   93    1
 7.00111D-12
<cross-s.>      3.02      3.64523000D+00    240.06   93    1
 5.77600D-11
<cross-s.>      3.02      3.84774000D+00    240.06   93    1
 3.97384D-10
<cross-s.>      3.02      4.05026000D+00    240.06   93    1
 2.33594D-09
<cross-s.>      3.02      4.55654000D+00    240.06   93    1
 1.11162D-07
<cross-s.>      3.02      5.06282000D+00    240.06   93    1
 2.80939D-06
<cross-s.>      3.02      5.56910000D+00    240.06   93    1
 4.39994D-05
<cross-s.>      3.02      6.07538000D+00    240.06   93    1
 4.73742D-04
<cross-s.>      3.02      6.58167000D+00    240.06   93    1
 3.76354D-03
<cross-s.>      3.02      7.08795000D+00    240.06   93    1
 2.31631D-02
<cross-s.>      3.02      7.59423000D+00    240.06   93    1
 1.14408D-01
<cross-s.>      3.02      8.10051000D+00    240.06   93    1
 4.66181D-01
<cross-s.>      3.02      8.60679000D+00    240.06   93    1
 1.60472D+00
<cross-s.>      3.02      9.11308000D+00    240.06   93    1
 4.76765D+00
<cross-s.>      3.02      9.61936000D+00    240.06   93    1
 1.24646D+01
<cross-s.>      3.02      1.01256400D+01    240.06   93    1
 2.90178D+01
<cross-s.>      3.02      1.06319200D+01    240.06   93    1
 6.06272D+01
<cross-s.>      3.02      1.11382000D+01    240.06   93    1
 1.13623D+02
<cross-s.>      3.02      1.16444900D+01    240.06   93    1
 1.90456D+02
<cross-s.>      3.02      1.21507700D+01    240.06   93    1
 2.86765D+02
<cross-s.>      3.02      1.26570500D+01    240.06   93    1
 3.93824D+02
<cross-s.>      3.02      1.31633300D+01    240.06   93    1
 5.03371D+02
<cross-s.>      3.02      1.36696100D+01    240.06   93    1
 6.10169D+02
<cross-s.>      3.02      1.41758900D+01    240.06   93    1
 7.11893D+02
<cross-s.>      3.02      1.46821800D+01    240.06   93    1
 8.07788D+02
<cross-s.>      3.02      1.51884600D+01    240.06   93    1
 8.98044D+02
<cross-s.>      3.02      1.56947400D+01    240.06   93    1
 9.83376D+02
<cross-s.>      3.02      8.10050000D-01    240.06  184    1
 7.96745D-50
<cross-s.>      3.02      9.11310000D-01    240.06  184    1
 3.07637D-41
<cross-s.>      3.02      1.01256000D+00    240.06  184    1
 4.94091D-64
<cross-s.>      3.02      1.11382000D+00    240.06  184    1
 8.28444D-58
<cross-s.>      3.02      1.21508000D+00    240.06  184    1
 2.16670D-52
<cross-s.>      3.02      1.31633000D+00    240.06  184    1
 1.27264D-47
<cross-s.>      3.02      1.41759000D+00    240.06  184    1
 2.20683D-43
<cross-s.>      3.02      1.51885000D+00    240.06  184    1
 2.36513D-69
<cross-s.>      3.02      1.62010000D+00    240.06  184    1
 6.34202D-66
<cross-s.>      3.02      1.72136000D+00    240.06  184    1
 8.24616D-63
<cross-s.>      3.02      1.82262000D+00    240.06  184    1
 5.75045D-60
<cross-s.>      3.02      1.92387000D+00    240.06  184    1
 2.33665D-57
<cross-s.>      3.02      2.02513000D+00    240.06  184    1
 5.93138D-55
<cross-s.>      3.02      2.22764000D+00    240.06  184    1
 1.15571D-50
<cross-s.>      3.02      2.43015000D+00    240.06  184    1
 6.06679D-47
<cross-s.>      3.02      2.63267000D+00    240.06  184    1
 1.11132D-43
<cross-s.>      3.02      2.83518000D+00    240.06  184    1
 8.59757D-41
<cross-s.>      3.02      3.03769000D+00    240.06  184    1
 2.94278D-38
<cross-s.>      3.02      3.24020000D+00    240.06  184    1
 6.09868D-36
<cross-s.>      3.02      3.44272000D+00    240.06  184    1
 6.56415D-33
<cross-s.>      3.02      3.64523000D+00    240.06  184    1
 5.76373D-31
<cross-s.>      3.02      3.84774000D+00    240.06  184    1
 3.18359D-29
<cross-s.>      3.02      4.05026000D+00    240.06  184    1
 1.26029D-27
<cross-s.>      3.02      4.55654000D+00    240.06  184    1
 3.71396D-24
<cross-s.>      3.02      5.06282000D+00    240.06  184    1
 2.77891D-21
<cross-s.>      3.02      5.56910000D+00    240.06  184    1
 7.27078D-19
<cross-s.>      3.02      6.07538000D+00    240.06  184    1
 8.33872D-17
<cross-s.>      3.02      6.58167000D+00    240.06  184    1
 4.93828D-15
<cross-s.>      3.02      7.08795000D+00    240.06  184    1
 1.70765D-13
<cross-s.>      3.02      7.59423000D+00    240.06  184    1
 3.79090D-12
<cross-s.>      3.02      8.10051000D+00    240.06  184    1
 5.82073D-11
<cross-s.>      3.02      8.60679000D+00    240.06  184    1
 6.56227D-10
<cross-s.>      3.02      9.11307000D+00    240.06  184    1
 5.70274D-09
<cross-s.>      3.02      9.61936000D+00    240.06  184    1
 3.97580D-08
<cross-s.>      3.02      1.01256400D+01    240.06  184    1
 2.29804D-07
<cross-s.>      3.02      1.06319200D+01    240.06  184    1
 1.13168D-06
<cross-s.>      3.02      1.11382000D+01    240.06  184    1
 4.85587D-06
<cross-s.>      3.02      1.16444800D+01    240.06  184    1
 1.84933D-05
<cross-s.>      3.02      1.21507700D+01    240.06  184    1
 6.34740D-05
<cross-s.>      3.02      1.26570500D+01    240.06  184    1
 1.98834D-04
<cross-s.>      3.02      1.31633300D+01    240.06  184    1
 5.74560D-04
<cross-s.>      3.02      1.36696100D+01    240.06  184    1
 1.54550D-03
<cross-s.>      3.02      1.41758900D+01    240.06  184    1
 3.90032D-03
<cross-s.>      3.02      1.46821800D+01    240.06  184    1
 9.29877D-03
<cross-s.>      3.02      1.51884600D+01    240.06  184    1
 2.10700D-02
<cross-s.>      3.02      1.56947400D+01    240.06  184    1
 4.56198D-02
<cross-s.>      4.00      8.13390000D-01    239.05  184    1
 1.38062D-71
<cross-s.>      4.00      9.15070000D-01    239.05  184    1
 6.14949D-62
<cross-s.>      4.00      1.01674000D+00    239.05  184    1
 3.70806D-53
<cross-s.>      4.00      1.11842000D+00    239.05  184    1
 2.85559D-46
<cross-s.>      4.00      1.22009000D+00    239.05  184    1
 3.20975D-70
<cross-s.>      4.00      1.32177000D+00    239.05  184    1
 1.80102D-64
<cross-s.>      4.00      1.42344000D+00    239.05  184    1
 8.06951D-60
<cross-s.>      4.00      1.52512000D+00    239.05  184    1
 1.50176D-55
<cross-s.>      4.00      1.62679000D+00    239.05  184    1
 1.83562D-51
<cross-s.>      4.00      1.72846000D+00    239.05  184    1
 7.83619D-48
<cross-s.>      4.00      1.83014000D+00    239.05  184    1
 1.91247D-44
<cross-s.>      4.00      1.93181000D+00    239.05  184    1
 4.76768D-71
<cross-s.>      4.00      2.03349000D+00    239.05  184    1
 2.88507D-68
<cross-s.>      4.00      2.23684000D+00    239.05  184    1
 2.66447D-63
<cross-s.>      4.00      2.44018000D+00    239.05  184    1
 7.12713D-59
<cross-s.>      4.00      2.64353000D+00    239.05  184    1
 4.23788D-55
<cross-s.>      4.00      2.84688000D+00    239.05  184    1
 6.93829D-52
<cross-s.>      4.00      3.05023000D+00    239.05  184    1
 8.59995D-49
<cross-s.>      4.00      3.25358000D+00    239.05  184    1
 2.57179D-46
<cross-s.>      4.00      3.45693000D+00    239.05  184    1
 8.17108D-44
<cross-s.>      4.00      3.66028000D+00    239.05  184    1
 1.14081D-41
<cross-s.>      4.00      3.86363000D+00    239.05  184    1
 8.41952D-40
<cross-s.>      4.00      4.06697000D+00    239.05  184    1
 7.41253D-38
<cross-s.>      4.00      4.57535000D+00    239.05  184    1
 3.95160D-33
<cross-s.>      4.00      5.08372000D+00    239.05  184    1
 7.38481D-30
<cross-s.>      4.00      5.59209000D+00    239.05  184    1
 9.77322D-27
<cross-s.>      4.00      6.10046000D+00    239.05  184    1
 2.56003D-24
<cross-s.>      4.00      6.60883000D+00    239.05  184    1
 3.30379D-22
<cross-s.>      4.00      7.11721000D+00    239.05  184    1
 2.51827D-20
<cross-s.>      4.00      7.62558000D+00    239.05  184    1
 1.35382D-18
<cross-s.>      4.00      8.13395000D+00    239.05  184    1
 5.28552D-17
<cross-s.>      4.00      8.64232000D+00    239.05  184    1
 1.60717D-15
<cross-s.>      4.00      9.15069000D+00    239.05  184    1
 3.79628D-14
<cross-s.>      4.00      9.65906000D+00    239.05  184    1
 6.81401D-13
<cross-s.>      4.00      1.01674300D+01    239.05  184    1
 8.09059D-12
<cross-s.>      4.00      1.06758100D+01    239.05  184    1
 7.31933D-11
<cross-s.>      4.00      1.11841800D+01    239.05  184    1
 6.01596D-10
<cross-s.>      4.00      1.16925500D+01    239.05  184    1
 4.45680D-09
<cross-s.>      4.00      1.22009200D+01    239.05  184    1
 2.94433D-08
<cross-s.>      4.00      1.27092900D+01    239.05  184    1
 1.74225D-07
<cross-s.>      4.00      1.32176700D+01    239.05  184    1
 9.33157D-07
<cross-s.>      4.00      1.37260400D+01    239.05  184    1
 4.95332D-06
<cross-s.>      4.00      1.42344100D+01    239.05  184    1
 2.93713D-05
<cross-s.>      4.00      1.47427800D+01    239.05  184    1
 1.35971D-04
<cross-s.>      4.00      1.52511500D+01    239.05  184    1
 5.43777D-04
<cross-s.>      4.00      1.57595200D+01    239.05  184    1
 1.95047D-03
<cross-s.>      4.00      1.62679000D+01    239.05  184    1
 6.40024D-03
<cross-s.>      4.00      1.67762700D+01    239.05  184    1
 1.94753D-02
<cross-s.>      4.00      1.72846400D+01    239.05  184    1
 5.54983D-02
<cross-s.>      4.00      1.77930100D+01    239.05  184    1
 1.49287D-01
<cross-s.>      4.00      1.83013800D+01    239.05  184    1
 3.81241D-01
<cross-s.>      4.00      1.88097600D+01    239.05  184    1
 9.28055D-01
<cross-s.>      4.00      1.93181300D+01    239.05  184    1
 2.15882D+00
<cross-s.>      4.00      1.98265000D+01    239.05  184    1
 4.65068D+00
<cross-s.>      4.00      2.03348700D+01    239.05  184    1
 9.55444D+00
<cross-s.>      4.00      2.13516100D+01    239.05  184    1
 3.45287D+01
<cross-s.>      4.00      2.23683600D+01    239.05  184    1
 9.42141D+01
<cross-s.>      4.00      2.33851000D+01    239.05  184    1
 1.93405D+02
<cross-s.>      4.00      2.44018400D+01    239.05  184    1
 3.20598D+02
<cross-s.>      4.00      2.54185900D+01    239.05  184    1
 4.44096D+02
